% Model,※磁场聚焦光电阴极模型（30纳米-毫米尺度）.mph
% Version,COMSOL 6.4.0.293
% Date,"May 9 2026, 14:57"
% Dimension,2
% Nodes,50000
% Expressions,2
% Description,庞加莱图
% cpl1x,cpl1y,Color,Radius
0.011658490042962266,0.013054567386987237,0,1
0.009580049284077926,0.012200934608035115,0,1
0.010304655897047483,0.01366622811324924,0,1
0.010437065640626618,0.012543003311605773,0,1
0.009877177680548339,0.013722179013930953,0,1
0.009580959724467798,0.014226624773647965,0,1
0.01406510695745403,0.012682995806220693,0,1
0.010706752841955384,0.013606084546764643,0,1
0.009862069519984619,0.013886192068591803,0,1
0.010784857071579298,0.012977145955972016,0,1
0.01002610226061601,0.014150798517808746,0,1
0.00918488974354534,0.014642636388100243,0,1
0.010364254301179049,0.015120672032678611,0,1
0.008939965368017553,0.012613555942942488,0,1
0.009786716544915829,0.01557642309694464,0,1
0.008851598050205807,0.012048130597161281,0,1
0.011393623538050249,0.009346829372211403,0,1
0.009571289493530392,0.012053476890663623,0,1
0.01195235933255556,0.011245869919116466,0,1
0.009677020790213394,0.01443189194715764,0,1
0.010107401650112343,0.01292634991367267,0,1
0.01274708392800602,0.011496316749799982,0,1
0.010151218339768966,0.013207426326483813,0,1
0.010056945207840366,0.013776544882932007,0,1
0.010037747557184546,0.013846936545820435,0,1
0.009644258878473883,0.016066373873546584,0,1
0.009605377347897934,0.014527847363832551,0,1
0.00989447256120812,0.012959881378416917,0,1
0.01038731392863598,0.014473724584510619,0,1
0.010262189570449307,0.01192515536862254,0,1
0.010507433354886141,0.013134082803766479,0,1
0.010467399349397586,0.012847309850849463,0,1
0.007735387204049033,0.014299278000132313,0,1
0.011398440336472849,0.014146642303160767,0,1
0.01002621201662984,0.013127420129133227,0,1
0.007952675646739708,0.014452451170134285,0,1
0.010193330740157583,0.01329144946094481,0,1
0.010691768284103415,0.014021218771496018,0,1
0.011630664877250466,0.015144983844054114,0,1
0.010583971707297517,0.01472845461784677,0,1
0.008724633281285516,0.012396720519649351,0,1
0.010331006699754093,0.013958550497815754,0,1
0.009630000136056346,0.015833966038593054,0,1
0.010073044926469862,0.01190821146012196,0,1
0.009593321012692748,0.012233765910501135,0,1
0.0121392164894928,0.012729210542568627,0,1
0.010151432332209593,0.012674708495529994,0,1
0.007492566415605347,0.01584326055691711,0,1
0.010585258003347484,0.012448393400833683,0,1
0.011015121080172949,0.01748350762147934,0,1
0.010370524698961676,0.014105095891898463,0,1
0.009382081587419114,0.013801101855099931,0,1
0.009710992312366003,0.013877077592719219,0,1
0.010745373647878293,0.014145634237698561,0,1
0.007810217464448864,0.013768932677919624,0,1
0.009046337072114415,0.011615003366062478,0,1
0.011573246286064973,0.012180771301651615,0,1
0.01039297150171864,0.0137180205192584,0,1
0.010613610708694937,0.011637405049101946,0,1
0.010041082961099472,0.011247342323727325,0,1
0.010719289462246899,0.01248254171830536,0,1
0.01075369912487818,0.01241459136956609,0,1
0.010491152561942786,0.013342553798091702,0,1
0.011753100805904198,0.014599379269155773,0,1
0.01114637533459542,0.014708510527485133,0,1
0.009580909134195332,0.014439660757744777,0,1
0.009704699433318528,0.014643028403141,0,1
0.009579720250945382,0.014348961598001577,0,1
0.008975953231441049,0.013974801223309874,0,1
0.00981270212436279,0.013256998694149275,0,1
0.010319991525772662,0.012522928452804095,0,1
0.010494326115811614,0.012341414441609966,0,1
0.00648708991115373,0.01406672197426225,0,1
0.01109393784849216,0.013277870693215376,0,1
0.010300765448200667,0.012584073093052988,0,1
0.011009815691544893,0.010981042621665865,0,1
0.01079834104749567,0.0117612757234784,0,1
0.009435262398790095,0.014481635767523263,0,1
0.010309538792773043,0.013644626688233356,0,1
0.009929902951897197,0.014883857673602792,0,1
0.010426061744626482,0.014533779152257684,0,1
0.011858540664717523,0.013506567090181273,0,1
0.009467741956783685,0.012132006716546127,0,1
0.010257347355495128,0.012001867468791925,0,1
0.009476150253293616,0.012898790620068004,0,1
0.010717645611800362,0.013261583030124945,0,1
0.010690411047840083,0.012246097743783478,0,1
0.009936699942216754,0.014450195024540972,0,1
0.012318592534943894,0.013098927896941842,0,1
0.010540240795277113,0.014904221839072727,0,1
0.010840237032360029,0.01302320790844481,0,1
0.01058430272407045,0.014266571520718134,0,1
0.011607646593422059,0.014263194283236247,0,1
0.01419771154221093,0.011913711609355549,0,1
0.010346572362839741,0.012956358442346782,0,1
0.010889235756136895,0.01273756960808044,0,1
0.010590685701382952,0.013085632315173781,0,1
0.007736589377658151,0.013295632690951232,0,1
0.009906746220278283,0.012926314957517095,0,1
0.009917965688254886,0.014591357759195775,0,1
0.01068344745130161,0.01357132052159584,0,1
0.010970591510784562,0.013444420589968654,0,1
0.010105426124391961,0.014490039535929982,0,1
0.010631256332859095,0.014646942926203707,0,1
0.010094955195302752,0.011776199626124164,0,1
0.010254083056000177,0.012375312494753694,0,1
0.011318547292248316,0.013410941390341762,0,1
0.009825505486915877,0.011789576127040057,0,1
0.010580179217918331,0.012937206245512065,0,1
0.011446613092833732,0.01271744976694114,0,1
0.009599499744086934,0.014782088545599889,0,1
0.010153738482173305,0.015030220952755743,0,1
0.010799295367425726,0.014077282872616127,0,1
0.01055640087770642,0.014417333514534909,0,1
0.010826878780953111,0.012427984500594276,0,1
0.009012666735653336,0.011697574721597182,0,1
0.010473999470707296,0.012834385176797093,0,1
0.008567125198939237,0.013376748722467788,0,1
0.010754605116395597,0.013152072392412156,0,1
0.01096759242444631,0.013396241463829792,0,1
0.010096406596820687,0.01514984391586391,0,1
0.010432934469124605,0.012804242950953742,0,1
0.009405464194246493,0.014455422807953571,0,1
0.011892368901939633,0.01755928658933369,0,1
0.012444258552307871,0.011188926860688942,0,1
0.013310109060949824,0.011518293747815133,0,1
0.010870281196267885,0.012425070670928537,0,1
0.011001864204128563,0.011742939014249791,0,1
0.012459484076940799,0.013582613906287483,0,1
0.008524213074353342,0.01007967356640174,0,1
0.011684990806473634,0.014266104130709029,0,1
0.009515778236293184,0.015056662505797035,0,1
0.011461776125795018,0.01306552718630215,0,1
0.01140278054448323,0.013852788735537802,0,1
0.011690900627761493,0.012423485162129223,0,1
0.014275363176856631,0.010612364369870363,0,1
0.011364795320668235,0.011735467228301306,0,1
0.011737673571230284,0.012860549032331374,0,1
0.011233983906473592,0.01260453820134787,0,1
0.011619364515645068,0.013481061248612173,0,1
0.012532756222717548,0.013186179981764926,0,1
0.013687045695238449,0.011596566040755232,0,1
0.010630898746392888,0.013951992214969221,0,1
0.011639283937835455,0.01298661421434867,0,1
0.0107779426036131,0.013339821386956576,0,1
0.013837334612206827,0.012443781196172605,0,1
0.012149962194324652,0.01026433252746907,0,1
0.010245298916254655,0.011851907072294846,0,1
0.012782704990175751,0.013647267341725234,0,1
0.010459451799528757,0.012231221533559706,0,1
0.010985482201834726,0.013170057972456156,0,1
0.012863318334979095,0.01485913895326906,0,1
0.010986070064249943,0.012312088482732637,0,1
0.011286537990838107,0.012597291859592219,0,1
0.011205516182193282,0.013389156632810779,0,1
0.008638349323159157,0.013184396525265606,0,1
0.010899413014624264,0.012954581073903178,0,1
0.009777807729451613,0.015826225919889265,0,1
0.011347813776309381,0.014223440599098098,0,1
0.012188510248471982,0.011732334765603028,0,1
0.01129279489535045,0.011676849579459424,0,1
0.01128660726118494,0.01324996250792894,0,1
0.01158648538585737,0.012648495478331731,0,1
0.011148723088145357,0.012535361698333192,0,1
0.01140001295808514,0.013710206768324636,0,1
0.012176697811056188,0.014980264102237009,0,1
0.015038440727268242,0.014362110459905857,0,1
0.013433554330539221,0.012533318965110157,0,1
0.012006641982666232,0.0124626466424607,0,1
0.01180302071981119,0.010275811873052914,0,1
0.012193335253234105,0.012756708560742572,0,1
0.012115578377194033,0.011624478180507172,0,1
0.01210609962217487,0.014492991107247194,0,1
0.01149368008434266,0.013184650115159836,0,1
0.01156603460638406,0.013732260130365041,0,1
0.011269498870391055,0.011307863355577341,0,1
0.00897951392933575,0.010966217293043602,0,1
0.012432692955879064,0.012439671023799155,0,1
0.012326841490204937,0.013063894625172545,0,1
0.011227948523508098,0.013282284524138242,0,1
0.011537119690939256,0.013942355637872113,0,1
0.011292685574360617,0.011309820106966096,0,1
0.011052854318620547,0.013034594469046267,0,1
0.012337881100975405,0.013499587519724767,0,1
0.011521383867392097,0.012475783929122602,0,1
0.0105649780690451,0.012968153813441052,0,1
0.0144256666256893,0.011333722018849881,0,1
0.012256850548138888,0.012702935558121175,0,1
0.011636082171755907,0.012583726091435496,0,1
0.011048781361282053,0.01285921204368381,0,1
0.011805093005379914,0.012939750395746458,0,1
0.008783526421436984,0.010881139670457235,0,1
0.013387175836042719,0.012741513178355472,0,1
0.011739490326246172,0.013205922940374036,0,1
0.010469621749770406,0.009895655009906594,0,1
0.011555578406403356,0.013012141220178658,0,1
0.012170188578911329,0.012913032489061171,0,1
0.012278331136354141,0.013775240562361566,0,1
0.01323887021974972,0.009831234268117486,0,1
0.011030552506815774,0.013155366178633719,0,1
0.011370359066766136,0.01299686734792758,0,1
0.012195610484991336,0.012844461563623054,0,1
0.011813551973481783,0.01322827308189438,0,1
0.01250388455687369,0.01413012246933555,0,1
0.012137521332954971,0.012722423629836705,0,1
0.012873758347675082,0.012714003030276715,0,1
0.012525504976420274,0.01307203328020318,0,1
0.0127062754000335,0.01269677001725205,0,1
0.012055290528259899,0.012738834309535757,0,1
0.015355630872118659,0.01157570488824591,0,1
0.01233902890748343,0.013616934899622936,0,1
0.012230425839672102,0.01171976403059488,0,1
0.01155727854105678,0.012318330813713146,0,1
0.010996717699102886,0.012445674963876852,0,1
0.01165540935172065,0.014342848055301415,0,1
0.011754833180879797,0.012374812312890823,0,1
0.013287747471837074,0.013140510390707828,0,1
0.01148046717058203,0.014053253785987452,0,1
0.012234571293023725,0.013150959656114384,0,1
0.013449222881896683,0.014382787398370771,0,1
0.011901698453236473,0.013767113454650886,0,1
0.012514686677148413,0.012970868400265118,0,1
0.01243257734510038,0.012862813758836297,0,1
0.013750777535849823,0.007416497664399827,0,1
0.014357832388015752,0.007142542459498428,0,1
0.013058881680218057,0.007387729568509549,0,1
0.01629873849307547,0.004812653672450078,0,1
0.013988534982769633,0.00779588251413744,0,1
0.01309603233124848,0.008829565360943427,0,1
0.015304287519179033,0.00851171143480916,0,1
0.014276452556018518,0.007924727334086924,0,1
0.014821522205137362,0.01125857980519599,0,1
0.015449927362372735,0.009164249409487542,0,1
0.014651452739063061,0.009050132855552086,0,1
0.014357032457029033,0.009497458604358808,0,1
0.014812935685596721,0.009483404087574898,0,1
0.014810683628861508,0.009548032782938885,0,1
0.01675734742419422,0.010895940027370378,0,1
0.01376376418676912,0.007248409481592124,0,1
0.013821936855743129,0.00716314523160784,0,1
0.01403686113527323,0.0071321110735885615,0,1
0.012631020308877177,0.007252371363332945,0,1
0.014158880179121766,0.008298580256835794,0,1
0.014240079319598828,0.008320222798446178,0,1
0.013833668332870922,0.00899235855841223,0,1
0.014382939923185213,0.009455627263415065,0,1
0.014566024938604174,0.007627414656167611,0,1
0.015429417498999684,0.008574031829912735,0,1
0.015735019181767004,0.008266533373616916,0,1
0.013829469342565723,0.007448198131034273,0,1
0.015161637270810959,0.009203443591812067,0,1
0.01396281488939492,0.00874453318167412,0,1
0.014325600996016841,0.00691765845189252,0,1
0.010553649304415604,0.007922762816886796,0,1
0.013524513126414138,0.007040798509249075,0,1
0.016676830928814935,0.007638435043662335,0,1
0.013897079121041635,0.007553301329920842,0,1
0.014183603863321743,0.008951532474039405,0,1
0.012278149649795306,0.007900224514593282,0,1
0.012314951762595608,0.009670805187605037,0,1
0.016056211632294114,0.009656301093585852,0,1
0.015069725316651784,0.008577896887296502,0,1
0.015009996074340696,0.010632011432933835,0,1
0.015015263626449588,0.00922186839519808,0,1
0.013746930009348233,0.00973024373633485,0,1
0.013396718604653315,0.007070790543762507,0,1
0.014666688286564901,0.00915634979123693,0,1
0.012244860865510066,0.0047747949567678236,0,1
0.015006117736330588,0.0075955239776875055,0,1
0.014208519676530033,0.007777192176821541,0,1
0.014421076073640791,0.006233130677648565,0,1
0.01489165278311778,0.008571194782025067,0,1
0.016124458515814875,0.007882333810654958,0,1
0.013122536536463714,0.011327689076242762,0,1
0.016126697894352834,0.0055430243604075976,0,1
0.015073070522921294,0.008222699217982785,0,1
0.014368388773071597,0.009126805313069957,0,1
0.015491082125734539,0.009576100576279915,0,1
0.014031705011743875,0.007043652594961793,0,1
0.014597024605801603,0.007258372622773526,0,1
0.014692710201354691,0.0078034910307073725,0,1
0.014769423062751643,0.008710292829233388,0,1
0.017147501094724113,0.009496263247608494,0,1
0.01334769151641589,0.007447713730778758,0,1
0.015249043042280067,0.005810350611176472,0,1
0.014799116807165351,0.009011994602334664,0,1
0.01499696735578326,0.01046259896886855,0,1
0.018135484636373732,0.007659859911665173,0,1
0.012357605136175173,0.00971511547533088,0,1
0.015092665700299678,0.009608949121018848,0,1
0.014654369108108026,0.009233017629953886,0,1
0.01436389079167945,0.007167336604075711,0,1
0.013924893737826178,0.007447997704263508,0,1
0.015131668869784969,0.0075947941565547815,0,1
0.014340307634695019,0.0074356971627960716,0,1
0.01381273282491164,0.007306844297457557,0,1
0.017076415283585184,0.008936376501393587,0,1
0.013857980784090434,0.0075397735352291315,0,1
0.014792409778918637,0.008649997783894883,0,1
0.014980970835892808,0.008738047250073853,0,1
0.015481331021260928,0.007869504242777194,0,1
0.018057042607041912,0.008834484942133625,0,1
0.015640241546651137,0.009942939473496133,0,1
0.01312201806132504,0.006823124569840849,0,1
0.013070715363172827,0.007593035242420514,0,1
0.014331467358011949,0.007252746400291812,0,1
0.01426033313898302,0.008256097496569793,0,1
0.016132846321080793,0.008355963124390277,0,1
0.016067686379777246,0.008112003618378417,0,1
0.01511976435075286,0.007920555198683366,0,1
0.015462164069926615,0.009180745872069414,0,1
0.014725487618313866,0.007924358479061132,0,1
0.01440185755850772,0.008243241008631877,0,1
0.015635773338912883,0.007658107761979355,0,1
0.014952428620519173,0.01223092497596117,0,1
0.012838967739187027,0.007058830515011887,0,1
0.013846879470018385,0.0070569342288293,0,1
0.0134920002191429,0.007698244867209536,0,1
0.015242093531949236,0.008536509605148965,0,1
0.015225748200693449,0.007181440933234526,0,1
0.014929966514239619,0.007803001300928167,0,1
0.015357722268549742,0.007913347299142713,0,1
0.015910440534207603,0.008349022672967133,0,1
0.015165124024618315,0.008295560672111348,0,1
0.015677551414394527,0.009761695202466895,0,1
0.014747102630846127,0.00622358882161165,0,1
0.013595446426292112,0.006474334639906909,0,1
0.01596732032193808,0.00854610234319894,0,1
0.014136938607286233,0.009018791619578859,0,1
0.015425876874657239,0.008196255138315208,0,1
0.014608796244262473,0.007067072021408878,0,1
0.01391712117584556,0.009783918544970458,0,1
0.015122367117252629,0.008515242155948208,0,1
0.016517442066481595,0.009264153962576573,0,1
0.01686563761569191,0.008595490068908994,0,1
0.016378802055310095,0.008121833325443329,0,1
0.012334928464667536,0.006349678783337701,0,1
0.015502999068295819,0.004978531926076243,0,1
0.014929558478811606,0.007056390759348727,0,1
0.015503710616018162,0.008807175652507366,0,1
0.014705292785940436,0.007315840715422355,0,1
0.013845779025381201,0.008564109340133349,0,1
0.01526176454541526,0.008377236462856848,0,1
0.013678259295934416,0.007772213106886163,0,1
0.01481195905331203,0.009564696215306957,0,1
0.01536401814159634,0.008982397646198006,0,1
0.015586478649465657,0.0074935831451941465,0,1
0.016033699140689,0.006571111622512067,0,1
0.01574791372639492,0.0060402970964047375,0,1
0.014642532809435223,0.008313911838600835,0,1
0.015146513020404819,0.00784250110766586,0,1
0.016121851200093545,0.007025430012381724,0,1
0.01468334824620187,0.008841340103643538,0,1
0.016280391856600906,0.008412305026430837,0,1
0.014887843150976026,0.008721864573360627,0,1
0.018610722863305833,0.007167695739028203,0,1
0.014542507878443965,0.006776556022047676,0,1
0.015034538109102427,0.006945282692514348,0,1
0.015729660723040693,0.007908562270611028,0,1
0.014989083634131367,0.007692519208213714,0,1
0.015153309296025465,0.010367037189238737,0,1
0.01549342229841581,0.007763860628484569,0,1
0.0150562109237951,0.009536250389000045,0,1
0.0142738779026055,0.008099073319994368,0,1
0.014219574126367384,0.009307169325683963,0,1
0.01636822573242504,0.0033414727513831404,0,1
0.016081041042164113,0.006744034769383878,0,1
0.016290473817524475,0.0070965469918449885,0,1
0.014662394830194303,0.007986231933558246,0,1
0.015211704526330203,0.008930647788229705,0,1
0.015432006679879661,0.008396097158279261,0,1
0.016816493883028846,0.008308287893622965,0,1
0.014322198019510669,0.007772937624439145,0,1
0.015555117550355577,0.007827203459285585,0,1
0.015685685686318153,0.008691269886138815,0,1
0.015186494740232306,0.007864971324018996,0,1
0.014789224164805832,0.007374530598916317,0,1
0.014806940806024526,0.009018113340440321,0,1
0.012724830820852833,0.010437438289284473,0,1
0.013707020572598741,0.009220956120283041,0,1
0.014245674401789761,0.008365051881656893,0,1
0.015983316384650142,0.007110373191380114,0,1
0.018444717993921052,0.006804920396726092,0,1
0.014728803564061513,0.007033398489875826,0,1
0.015121454386192787,0.006687342320194425,0,1
0.01462847274015695,0.009191804034749548,0,1
0.014887529792412093,0.008447691379615267,0,1
0.014593549192023646,0.008362383667675022,0,1
0.01456792238378606,0.009355503145153883,0,1
0.015619308054812648,0.008368382721844625,0,1
0.018274331064388232,0.006197923898781977,0,1
0.015806949325591225,0.007076250849482487,0,1
0.0155545298709957,0.007709335598375588,0,1
0.015222748634709281,0.007926967872923362,0,1
0.01637786370344041,0.007630497752825025,0,1
0.014941603728810328,0.007356316967015337,0,1
0.014600285654684143,0.008405606717736077,0,1
0.01571750388888708,0.008317376939139311,0,1
0.015271597235746353,0.0068083507582531394,0,1
0.015883712925120582,0.006485933273621928,0,1
0.01567055787001805,0.007247787407651892,0,1
0.014813426666107826,0.008421261278718948,0,1
0.015518545719219857,0.008240049623658771,0,1
0.014555128933423606,0.008924209620201953,0,1
0.015637337683650887,0.008325784083374345,0,1
0.015528418060219555,0.009206308527352287,0,1
0.01624106900019309,0.007727599750538675,0,1
0.015002074477244443,0.006392621514092606,0,1
0.015996698158098434,0.007657756406793747,0,1
0.01573310321492783,0.007754394320492138,0,1
0.01567797428525968,0.007543094052845761,0,1
0.017216658378937585,0.008252031997235267,0,1
0.014271251142423412,0.006752511064659056,0,1
0.015523290503988015,0.0077266632805224915,0,1
0.015347170150340152,0.008818122170474731,0,1
0.01572339881956365,0.0075721950714110605,0,1
0.015562415496288883,0.007788616031597941,0,1
0.016198168694658163,0.008165027271346543,0,1
0.01584404967789747,0.010120998242216121,0,1
0.016279291143595935,0.009436968284777686,0,1
0.01736496909020227,0.006829568312376236,0,1
0.015280583399139616,0.008052799076326849,0,1
0.015485562470995473,0.007742317847792494,0,1
0.015971030041900862,0.008131772968642505,0,1
0.015579227437303682,0.006861331369711502,0,1
0.015482560272850839,0.007060801278467601,0,1
0.016005086580871287,0.008349046285291005,0,1
0.013442947680215589,0.0068116160197270155,0,1
0.016113897729574212,0.007820993242052533,0,1
0.01666983884345564,0.010037658414529759,0,1
0.01612719331265977,0.008265748585442073,0,1
0.016657397942094723,0.009730392712438862,0,1
0.01585501109669417,0.009581902599080221,0,1
0.015478146434013917,0.008754906297327886,0,1
0.015217393765140303,0.0058814596492181995,0,1
0.0148377472740578,0.007403978791424434,0,1
0.01657546947541255,0.008152159349758619,0,1
0.01692475030040177,0.008086949441198612,0,1
0.015982222388147522,0.008133819623969024,0,1
0.015658980873489155,0.007485042554147816,0,1
0.019491575089433385,0.006224616967856039,0,1
0.01586705093843388,0.006226956790778312,0,1
0.016450839257219744,0.008043277192039393,0,1
0.01594598729355686,0.007219709227708355,0,1
0.015637544758176105,0.006127000026476014,0,1
0.016243526710024814,0.0074860324934808275,0,1
0.016046460286491676,0.007408612223386814,0,1
0.016394067392395534,0.007166585743411023,0,1
0.01636878491554386,0.00787180355769759,0,1
0.016414201041271396,0.007201333629382372,0,1
0.01640241175564287,0.007554594781578211,0,1
0.01688171149336547,0.00663747091282027,0,1
0.015368904494584846,0.009620312959112535,0,1
0.016493275111994974,0.006777622800888425,0,1
0.016055244317380216,0.007352145904750609,0,1
0.017787894051321217,0.010240682973403139,0,1
0.014784369033227746,0.010057183327238376,0,1
0.014206184441100974,0.010048850353149572,0,1
0.012351475422274608,0.007867566935181472,0,1
0.013588250302526136,0.012390061420257647,0,1
0.014400204043077435,0.009835353926086352,0,1
0.014096725185053437,0.008312030046160691,0,1
0.013179184208285935,0.010668785458551346,0,1
0.013364532883753897,0.009831106548200231,0,1
0.012055949393724546,0.009396678496442547,0,1
0.013225564278915587,0.009903714311565833,0,1
0.012764541823917326,0.009702984381962916,0,1
0.013172639097768092,0.00996229547206112,0,1
0.011276899270214333,0.009363243842760412,0,1
0.011678418486020916,0.010409465100117102,0,1
0.008670729702408068,0.009753833256205794,0,1
0.011874096894560543,0.009435712007531986,0,1
0.01135706442443616,0.010527954775735841,0,1
0.01585675293300137,0.010771837333156009,0,1
0.01252529857163266,0.00866917777865382,0,1
0.010368131899430692,0.009685803409783504,0,1
0.01491488663138144,0.010477526604082386,0,1
0.01317247431475513,0.009795486513293561,0,1
0.013692159578947356,0.01265031549026742,0,1
0.014165307014369665,0.009807122205815587,0,1
0.012278196415040072,0.010056679173413512,0,1
0.012718076973947548,0.009543167532077217,0,1
0.012861302847084359,0.010097141875365225,0,1
0.01229572078485002,0.00977987561679029,0,1
0.013010062111264107,0.010358182140648065,0,1
0.013127035992476593,0.00827688452404479,0,1
0.009910585293362681,0.009812942739616899,0,1
0.01181578232438476,0.007765057168416547,0,1
0.014504403357648674,0.009510622875481625,0,1
0.014218240408146749,0.011377401059726412,0,1
0.014495426057334778,0.009965391873035575,0,1
0.014393035924667643,0.01127502019655585,0,1
0.013772733053833582,0.008577043362032346,0,1
0.012772583676100712,0.010814916904280535,0,1
0.01285952925982457,0.009686883379321701,0,1
0.014106895441844387,0.00858892713254986,0,1
0.012607442209744154,0.008986716765377666,0,1
0.012692116438723004,0.00999988133492296,0,1
0.012386027994692617,0.011916503920249438,0,1
0.01213734771588481,0.010916258752306061,0,1
0.01226003248157037,0.00988928113527189,0,1
0.010991655960939603,0.008981496576702707,0,1
0.011774385382123552,0.00955399267757657,0,1
0.014573080454280659,0.0074776551535908065,0,1
0.013948287209984088,0.011152293054485524,0,1
0.014703881654478078,0.010497866190473595,0,1
0.014147583392063517,0.00941259516290842,0,1
0.013954310026396204,0.010056628300903649,0,1
0.013267826155680413,0.010359595784019628,0,1
0.01368413162705736,0.006646045230688876,0,1
0.013386071394074996,0.009378157255904913,0,1
0.015360652801908103,0.011341520980928926,0,1
0.01269960217815966,0.010669322364991716,0,1
0.013367577245412201,0.01006803040459799,0,1
0.013753528951385794,0.010212891734854347,0,1
0.00977372240329003,0.011661806194366697,0,1
0.01102752277469831,0.010208626055894463,0,1
0.009555970578137379,0.01034552053668795,0,1
0.014752378572361469,0.010286400935673509,0,1
0.014023070378646934,0.010862253363531913,0,1
0.01439810393933128,0.009942143717819861,0,1
0.014644317642494806,0.010622716184564717,0,1
0.014027838219045697,0.007874390500601415,0,1
0.013809783866750249,0.009691977828479807,0,1
0.012954618860217022,0.00893573917507191,0,1
0.013059301317152511,0.010148295775473722,0,1
0.014837291703868521,0.012017790856119289,0,1
0.014524795937557414,0.010078953025033437,0,1
0.013289798709048485,0.011713422608991034,0,1
0.012734371614459507,0.009459840663835714,0,1
0.015343742904830593,0.007599528395151943,0,1
0.011985622948490798,0.009932941060271415,0,1
0.014755339362924513,0.010188557920098592,0,1
0.01337171050210802,0.00779374823061335,0,1
0.013784655981178945,0.010382797942751706,0,1
0.013642679012364602,0.009303701216651005,0,1
0.014779258852671446,0.011285100312149335,0,1
0.013414859007779124,0.010134883020900175,0,1
0.014615989503973774,0.009885516999702833,0,1
0.013166895915710389,0.00989754855888084,0,1
0.012835611908201549,0.009949540315581323,0,1
0.01174083965154538,0.01075031351184856,0,1
0.014785243692397528,0.006970013803538275,0,1
0.01251388867695959,0.010289782794325221,0,1
0.013287482494800152,0.007222828448194169,0,1
0.012788962846653132,0.008521551363318844,0,1
0.0170283173086302,0.010027261907570688,0,1
0.012320830899050781,0.011625803497455204,0,1
0.014882794302633852,0.01151766662825799,0,1
0.014148946066003195,0.011615903420688594,0,1
0.01251990493746731,0.011627044611781238,0,1
0.012618479433442768,0.009488082181456158,0,1
0.0147287475433768,0.009700161853451643,0,1
0.012752394897163103,0.010809344494658299,0,1
0.011878417657081407,0.010980586349471475,0,1
0.011732327698435529,0.011344484981014109,0,1
0.012961690168165615,0.009967125223937291,0,1
0.012208858605976983,0.009237741245098479,0,1
0.012701107819484053,0.01061313089233728,0,1
0.014211259246323478,0.010870367215451057,0,1
0.01427225870219847,0.01075416555633337,0,1
0.01399753919099926,0.010588045666424828,0,1
0.013638425913400622,0.009346158933479592,0,1
0.01414303887905272,0.010384740774449716,0,1
0.01268686381733125,0.01078448073215961,0,1
0.014400846538626883,0.010801879201815441,0,1
0.01301669969348448,0.009539753029437137,0,1
0.012922435490882135,0.009138020640804947,0,1
0.0115629782785141,0.010412341176774398,0,1
0.01215047413301469,0.010186620785162229,0,1
0.0109719755114843,0.00822250376651261,0,1
0.011667465971066703,0.010286391484222775,0,1
0.014588933264758672,0.008708551909581475,0,1
0.015085283474137148,0.010193798218576453,0,1
0.012559496213989354,0.010965044869056676,0,1
0.014364079189195314,0.010865295471106278,0,1
0.013139208742042528,0.010759649216325839,0,1
0.013554276340172143,0.008855206140012962,0,1
0.015002484997056965,0.009429205477200667,0,1
0.012325218699122682,0.011589248927646512,0,1
0.012889380660788794,0.01040101146978636,0,1
0.012324916876008484,0.010542727067450007,0,1
0.013054886903129352,0.008627925157049658,0,1
0.011639399464791306,0.010248217640253876,0,1
0.015231519814476974,0.011624101661050929,0,1
0.01305160861553716,0.010408413323083359,0,1
0.013700729563457562,0.010457460975020334,0,1
0.014248519867865841,0.010506135697803436,0,1
0.013951329900472674,0.011746871539994708,0,1
0.013837580767543182,0.010067840643459685,0,1
0.014291898041807041,0.010592507516370446,0,1
0.012702524898177258,0.010435382547012175,0,1
0.012397413020896147,0.010826252343328728,0,1
0.012060926099045924,0.010057377274076455,0,1
0.011245809629523687,0.010771939570288826,0,1
0.011599044461835507,0.01107995302110857,0,1
0.01419628840630827,0.01050949079898753,0,1
0.01397996724474455,0.010723256676242516,0,1
0.012999590078604581,0.011647006085813667,0,1
0.013672122918125624,0.010794433997917484,0,1
0.015852813717974982,0.009956625405809558,0,1
0.014475842474174667,0.011542317011102435,0,1
0.012920867442462212,0.010768168400498504,0,1
0.010273472963536704,0.010029489068917777,0,1
0.012758272685038815,0.010048074455188549,0,1
0.012182473410324943,0.01061252429520008,0,1
0.010638242054462448,0.011735986866333118,0,1
0.009938596655935699,0.008724186510362242,0,1
0.013994782210142855,0.012180535643308225,0,1
0.013734273061762546,0.010015964177723284,0,1
0.013643036398490441,0.01066069977467191,0,1
0.013443338243818624,0.010508372031638458,0,1
0.012664937961665113,0.01002703755595163,0,1
0.012506488412898644,0.010682813360252173,0,1
0.012453556813558388,0.01050083588343503,0,1
0.01193501578778627,0.01045634273061709,0,1
0.013627530304624866,0.011120799729479332,0,1
0.011682955885918833,0.010121902794834055,0,1
0.01694787931698316,0.010191906715786908,0,1
0.012957024841664881,0.011322721209975033,0,1
0.014123471780004412,0.010664919428221458,0,1
0.014302328182501973,0.011327780644507289,0,1
0.01660830310054292,0.009715302398676863,0,1
0.013295655558492723,0.0118196344984229,0,1
0.012741163387890407,0.01147524705459662,0,1
0.012476283244100522,0.006770205776452931,0,1
0.009285634615644673,0.012400845195094047,0,1
0.012728670867945303,0.011591930738683712,0,1
0.010461630958628022,0.009291772802618038,0,1
0.015044206112398359,0.013854801331923804,0,1
0.013296137787075597,0.011309353834141835,0,1
0.01566430719285222,0.013062862369388932,0,1
0.013361375995277348,0.010802112691784337,0,1
0.015777397795908837,0.011295429311325652,0,1
0.013114465719784578,0.010665813879955006,0,1
0.009643658508435215,0.009290097198163975,0,1
0.011742133293340179,0.011315313983040073,0,1
0.013670284484439675,0.011464293019193019,0,1
0.014044419242326928,0.012064055103006186,0,1
0.013970339574301983,0.011076943891848786,0,1
0.014677112890775439,0.010080345881736535,0,1
0.013101139311084265,0.010851918079857765,0,1
0.012545341198553762,0.011517044179025564,0,1
0.013061207579158728,0.010489863294015021,0,1
0.009757570518378349,0.010668802539962245,0,1
0.012143661425535478,0.010479290524218712,0,1
0.011949501490610968,0.01062121511644932,0,1
0.010777555135190306,0.010780045796332488,0,1
0.013714758559981194,0.010809637156923414,0,1
0.014419114117725654,0.01172737160248328,0,1
0.01354813018406059,0.011230937274946213,0,1
0.014299559443444201,0.009338775739240189,0,1
0.013420697537770913,0.011700193256087467,0,1
0.013614221180751496,0.01128095732024374,0,1
0.012740459740535667,0.010853748607390558,0,1
0.012710539575174715,0.0117186591814926,0,1
0.011873596527481284,0.010802998148563324,0,1
0.013724090062625427,0.009983253170808401,0,1
0.012550244819683015,0.012014153972911074,0,1
0.012957177237500613,0.011262463582535706,0,1
0.012772544097994514,0.011226663538675682,0,1
0.014353489870566775,0.01140224894812487,0,1
0.011788443781164731,0.01045351580447867,0,1
0.013759126323791088,0.011977903659649727,0,1
0.01168366749504871,0.010889558216239915,0,1
0.0139484311398326,0.011249055589266302,0,1
0.013726170617114015,0.011244027164849877,0,1
0.013319502375042182,0.01129480920688825,0,1
0.012916892011056395,0.010169550378980126,0,1
0.010887574350121113,0.012467952210537009,0,1
0.012999035469649681,0.011153952318009901,0,1
0.012113820302542721,0.011167540405445974,0,1
0.011522747313729277,0.011625093570793206,0,1
0.013349823201566809,0.011339041080754802,0,1
0.01313294103817701,0.01124698414089512,0,1
0.01412448406767396,0.011577163139491326,0,1
0.013209772665183726,0.0115459656581813,0,1
0.013087852314622202,0.009149703390324528,0,1
0.013688689427429498,0.010694551592419551,0,1
0.015463553375175349,0.01238703619519907,0,1
0.01289462797463207,0.010336436358129782,0,1
0.013428026054289794,0.011933261883540387,0,1
0.013555926576493701,0.010916691657299258,0,1
0.013859233394482959,0.011331126433691338,0,1
0.012386448223919641,0.010127182271921534,0,1
0.013300741736590353,0.01027849638258801,0,1
0.012223942368317838,0.01074157411956237,0,1
0.011226771130675798,0.012599343968237751,0,1
0.013222010846239467,0.011590050926420337,0,1
0.012392912509469008,0.010814627195782774,0,1
0.01129584180943342,0.0119574123200205,0,1
0.01237288504207048,0.012273239240626052,0,1
0.014926114221609678,0.0105999656393004,0,1
0.013365353059535961,0.012185129801691721,0,1
0.013889547742394452,0.011896045985116174,0,1
0.012916056205469489,0.011740454539211192,0,1
0.01305798065219321,0.009560270119173665,0,1
0.013130547083564271,0.01174940364317162,0,1
0.013067427977973814,0.011529961534416957,0,1
0.01233544059286959,0.011381789978416972,0,1
0.014660192991752207,0.011861497815896968,0,1
0.013135963267742726,0.013068879570441035,0,1
0.009678438419876227,0.00983837452014988,0,1
0.011071162488313286,0.010102931878525675,0,1
0.013171030711752227,0.01263571502428738,0,1
0.012580829563018097,0.011994495625776666,0,1
0.013144868739021041,0.01212637003818575,0,1
0.012069099665265641,0.014589952095441656,0,1
0.013125625877580982,0.011664150033871754,0,1
0.015218141798204446,0.010317718940406046,0,1
0.013355107967761685,0.011984719359040344,0,1
0.012875358395335478,0.013004925903824004,0,1
0.012688025233654395,0.01147807537657753,0,1
0.013826567781530009,0.012334437646781233,0,1
0.011939506505242439,0.010696790429263687,0,1
0.01129987158946882,0.009900498901524628,0,1
0.013218966245700674,0.014714070372981008,0,1
0.012701357066650366,0.012019088865885378,0,1
0.012630939952772126,0.012016835038490296,0,1
0.012647065783824574,0.011678267006949239,0,1
0.014162846280309968,0.015443652413095931,0,1
0.01160235944426983,0.013729413860684858,0,1
0.01174678002959692,0.012153164560633313,0,1
0.012241247507006206,0.013290483733092195,0,1
0.014226720508830936,0.011337613943465032,0,1
0.012644370801524602,0.01181631315716306,0,1
0.012915394965488387,0.011519014637344992,0,1
0.013666915981297144,0.013643582041394632,0,1
0.011911674017974853,0.012653981381787307,0,1
0.01315621994355564,0.012074075655175773,0,1
0.011728223637219157,0.011998020007584993,0,1
0.012812468240493756,0.01286991553642654,0,1
0.012333716397839903,0.012614453935423636,0,1
0.011682023930893364,0.013334572639604384,0,1
0.016285195356185927,0.005667108722263319,0,1
0.01761855889763668,0.004148315837958294,0,1
0.017463700884542,0.0036002783611925543,0,1
0.016026690524703104,0.0032611494747713902,0,1
0.01696897543187923,0.003912183782377007,0,1
0.016527591337562274,0.005044988440691372,0,1
0.015633374676307973,0.0026353429802577757,0,1
0.014168716362711279,0.0016741722743354563,0,1
0.01573568515261647,0.002608977796693502,0,1
0.016065009538366346,0.0025689746407499387,0,1
0.01534573930363731,0.0030002062093227033,0,1
0.015578165584806368,0.006773345795839546,0,1
0.014154153712939146,0.002981855525181909,0,1
0.016027465650057963,0.004237005472987259,0,1
0.015210432895557596,0.002980536018515141,0,1
0.011161091158886591,0.005623297123591688,0,1
0.014365635444494996,8.370664705998578E-4,0,1
0.018919156083159045,0.006024105513036641,0,1
0.017471041014464637,0.00403295592642754,0,1
0.017217203872283825,0.003017472243306791,0,1
0.019433485971770862,0.005515935361090768,0,1
0.015300698779783522,0.005111286983927712,0,1
0.01631083487311971,0.0032700441406137916,0,1
0.016173345367238,0.004647646271853763,0,1
0.015991481833782094,0.0038200445433703985,0,1
0.016233138642873724,0.004232553754260859,0,1
0.013970140317062214,0.004186579182083388,0,1
0.01428961548459069,0.0037048520332750878,0,1
0.014414694252838459,0.004936997682760184,0,1
0.012204433978490959,0.005474282545473543,0,1
0.014448395659148152,0.004651473325018502,0,1
0.014312868428165112,0.003987797821785468,0,1
0.01692964116583957,0.003802732624320911,0,1
0.014735351731985726,0.0038512614014605045,0,1
0.01660571908927135,0.004921351606892531,0,1
0.016397804789038715,0.003541324948276508,0,1
0.01687563928094905,0.00418841098120043,0,1
0.016412825756648926,0.00391280685225152,0,1
0.0165079499238772,0.0035435975012886828,0,1
0.012078400564000957,0.004590327730164116,0,1
0.017405497709082916,0.004767973885672477,0,1
0.01564782657870459,0.004273754778322136,0,1
0.014746725727804555,0.005077876525133559,0,1
0.015419375424478013,0.0030117698762118436,0,1
0.014911025515967439,0.005087644834223745,0,1
0.013750049127099356,0.0053494543044446214,0,1
0.014187002638147796,0.003981106706212703,0,1
0.017937922722738153,0.0037818825471859245,0,1
0.016298315909767012,0.004767085287175756,0,1
0.017139117338777307,0.0035157079472630613,0,1
0.01569092592299502,0.0038879564636910948,0,1
0.016668167261064765,0.004311839875188802,0,1
0.01886711953435941,0.003264867841187301,0,1
0.015542761180001922,0.003939695263053823,0,1
0.015132586733993175,0.00502148114018189,0,1
0.015943108829018768,0.0034736521165822133,0,1
0.016939634920527646,0.0034805064214664463,0,1
0.012740926085337272,0.004565168083574504,0,1
0.015166757168643123,0.004267889626036762,0,1
0.01559160363625894,0.004048542930813884,0,1
0.014998378901575075,0.004686402387775511,0,1
0.013854978929972046,0.003905516636559335,0,1
0.017811949668558456,0.0036536268789317573,0,1
0.01568601768361075,0.001290619185957306,0,1
0.01881641142501149,0.0030908977101535414,0,1
0.01695073397750534,0.0046150594154204545,0,1
0.01731403570245709,0.0038516505715753954,0,1
0.018722746496388252,0.006125035338391109,0,1
0.014794649593047583,0.0035764617084430707,0,1
0.01696487852051284,0.005852192920552818,0,1
0.015628283406197027,0.00473633790105459,0,1
0.013475065481091944,0.00542804334085569,0,1
0.015661085259495888,0.0034341067109141983,0,1
0.015746295079596514,0.004878940186336069,0,1
0.015552104313797738,0.006047181596477923,0,1
0.013904856692835204,0.004951503354092701,0,1
0.017669871842432305,0.003837992093188296,0,1
0.013857906066127149,0.003455604431039376,0,1
0.01527697143698259,0.005855173009652596,0,1
0.016564124104424333,0.0035201556626316684,0,1
0.01583247136432099,0.0030606747400913252,0,1
0.01620272648132281,0.004048143409184169,0,1
0.016884868268459596,0.004607456182019942,0,1
0.016162243104607062,0.0039693915510205045,0,1
0.015675402809290393,0.0033452034714624847,0,1
0.015474336527182478,0.004827231036284011,0,1
0.015951340967846697,0.004137419022172831,0,1
0.014801766251134597,0.004555515460999965,0,1
0.015402063818912867,0.006822122863311818,0,1
0.017446927216339763,0.004337132836791193,0,1
0.01955012590128725,0.004145361185803675,0,1
0.016513350736748433,0.003612047409279105,0,1
0.016792838746051423,0.0052207619439858756,0,1
0.0182436468656873,0.002910517473125903,0,1
0.016633655728407644,0.004331479186777876,0,1
0.016114344202424608,0.004483461726021412,0,1
0.01683967363040019,0.006813633431680281,0,1
0.015729912985214655,0.004899564027845165,0,1
0.015283236571511675,0.005735568246498218,0,1
0.015194574672276525,0.005277206530546052,0,1
0.014711005222463453,0.004914550597014173,0,1
0.015173249699206994,0.004644746461968048,0,1
0.013487364651525051,0.004661415324954785,0,1
0.017265951846249437,0.004192879385767143,0,1
0.014377588818453604,0.005405464529291508,0,1
0.01774269455915295,0.004095759246032855,0,1
0.01676154961332764,0.004345170978808151,0,1
0.016496160018203556,0.004300831691764401,0,1
0.01623652587214819,0.004088536232357209,0,1
0.016090331812065265,0.0043535456668097544,0,1
0.016824914497516483,0.005458806050780267,0,1
0.017678597868014838,0.003410761966233192,0,1
0.015318299039466214,0.004299453740581777,0,1
0.015142224692774833,0.005044493799909023,0,1
0.01523101315801974,0.004936095173625645,0,1
0.017018672528206342,0.004155594342626106,0,1
0.017610482118852352,0.004752526219897248,0,1
0.016889905858562076,0.004626757140579181,0,1
0.016826621097686557,0.004394888063132001,0,1
0.016434834460031664,0.003314817025618191,0,1
0.01626230414504577,0.002945311525246724,0,1
0.01641613567683474,0.005662483975093175,0,1
0.015569222698314218,0.004337634563435851,0,1
0.014956170409442667,0.0035779081232611668,0,1
0.01428100264983316,0.005190689368931433,0,1
0.01532645735880328,0.005231876745445467,0,1
0.01430601408352722,0.005990377214964836,0,1
0.016236412528273424,0.004659364426490447,0,1
0.017645839577822744,0.0031583985471814492,0,1
0.017378940266063743,0.003346897939481525,0,1
0.016361443535614695,0.005295020815631806,0,1
0.016995886806294512,0.007193485097657726,0,1
0.01695594045258713,0.005445258479338233,0,1
0.01631295546911268,0.003979103142751641,0,1
0.01618142503088818,0.004828304804374747,0,1
0.014032274376774675,0.0045907388876374414,0,1
0.01383372724643621,0.0015484560698883429,0,1
0.01517618229983985,0.006551346605528934,0,1
0.015171788398130196,0.005202259372180254,0,1
0.016700987673270606,0.005690937754569756,0,1
0.01625910120451702,0.005371531468915009,0,1
0.018103588823275334,0.0065365089367687415,0,1
0.01912934494214878,0.0066400503835819654,0,1
0.017307279389181737,0.0023164371312358024,0,1
0.0165939078605731,0.005572933771450424,0,1
0.016049222678814264,0.004426503002362946,0,1
0.01534362219932528,0.00581466730333304,0,1
0.014393685189923441,0.00586155899400772,0,1
0.015891568350052065,0.00443642422642589,0,1
0.017876908870579265,0.007390186557493289,0,1
0.017256649345096298,0.004546968926689797,0,1
0.015454062099806782,0.005024441619468236,0,1
0.017157368239833947,0.003730171552903132,0,1
0.016560663705490745,0.004493711145543399,0,1
0.015267993951967748,0.004774629160031712,0,1
0.01624062228502474,0.005861582154112054,0,1
0.01583483219752147,0.0046069713610710035,0,1
0.016679583222188304,0.0038820390390893467,0,1
0.015441713539707693,0.0052505005778898115,0,1
0.015282943714792718,0.004742355504803426,0,1
0.014002564236576115,0.004279551256280381,0,1
0.016470944965401864,0.005688244076101218,0,1
0.017044409118618778,0.004865422339309529,0,1
0.01710556474354523,0.007820286565694074,0,1
0.016965713337697325,0.0061060449326985535,0,1
0.01489129036637042,0.00425931156832011,0,1
0.017562169256044764,0.005681109862741587,0,1
0.015295934188061529,0.00559213332459799,0,1
0.017069923829364005,0.0026754109835195336,0,1
0.016395332039705553,0.006152788870137451,0,1
0.01704871700917231,0.004005229366920512,0,1
0.015035037380515249,0.002709822807017222,0,1
0.01675076434273889,0.006514038722135158,0,1
0.015938191259982845,0.005308249664099242,0,1
0.016806931433363606,0.00409199460717749,0,1
0.01629847072277309,0.006345108030616189,0,1
0.01594634756338372,0.004120886497686699,0,1
0.015560548175101083,0.004532704942587394,0,1
0.015344053746967488,0.005305632210632497,0,1
0.015696027115043323,0.004863576140715006,0,1
0.015040361258047662,0.005235701317705971,0,1
0.018079178967428448,0.0070369875992328966,0,1
0.019531397023042137,0.007302248775714094,0,1
0.016367538707346377,0.005506504172774655,0,1
0.015479510494232091,0.005285500911003251,0,1
0.0175980039131317,0.005656907674760638,0,1
0.01571000606045296,0.005026541980170623,0,1
0.01534601537674918,0.004462868839565827,0,1
0.01455915074544311,0.0018468163775812846,0,1
0.01546877013734269,0.005958996535510304,0,1
0.013871282616431778,0.002801191510739923,0,1
0.017297980852624118,0.005329576064644192,0,1
0.016459213393820345,0.005771309822904036,0,1
0.01590592049268822,0.006069642953783375,0,1
0.01556423476922686,0.006250890491111003,0,1
0.015078708120453069,0.007365722000388369,0,1
0.01643119541825977,0.003433105126247507,0,1
0.016342001795637995,0.005384503767461503,0,1
0.017436250699521733,0.005351611026966111,0,1
0.018660024384386593,0.0051934417837398205,0,1
0.016014127447531706,0.0049572891465801535,0,1
0.017182579650831663,0.004649952557476371,0,1
0.017402188763456585,0.0048117385794323375,0,1
0.01620758297473177,0.005425724906539122,0,1
0.017378569909845945,0.006421997516853725,0,1
0.019386229891704517,0.006956160843202573,0,1
0.01794776526450741,0.005216423246776418,0,1
0.013961432712043387,0.008421860736650438,0,1
0.01759004648851253,0.005176021874548916,0,1
0.016233629277546832,0.004884772608489282,0,1
0.015333268701626303,0.006578609878324533,0,1
0.016806255447613327,0.005518236703628843,0,1
0.016720707892542583,0.005354486776736014,0,1
0.015554144890729184,0.005898855427017887,0,1
0.01585497004354695,0.006687858796570599,0,1
0.01600026242823489,0.005334576475163905,0,1
0.015834900932726978,0.005801160332484143,0,1
0.01564046052552237,0.004576083568400879,0,1
0.017983979316747018,0.006075703791677715,0,1
0.015940549498492863,0.006129488896553446,0,1
0.018405202531787013,0.005493009094411205,0,1
0.015690980652807697,0.00632896861028294,0,1
0.01574091755429401,0.00760155307547441,0,1
0.01707582445337372,0.005503966651040659,0,1
0.018277165522869933,0.005533382488457324,0,1
0.019604300634187853,0.008152727833336008,0,1
0.016281495608678167,0.005400917178817905,0,1
0.016579357142514784,0.005985407900794326,0,1
0.015939112870233803,0.0071250183953152895,0,1
0.016647828755781566,0.0041799986813939064,0,1
0.018236214830681812,0.005139776410229621,0,1
0.018944971707629966,0.005931622951787323,0,1
0.01711190548071923,0.004497306040726306,0,1
0.01704428609366763,0.004939381576533715,0,1
0.016821728472127245,0.006613610647581421,0,1
0.015795282421516666,0.005675540492593912,0,1
0.01869533863018127,0.006536249392199937,0,1
0.01644529924300414,0.005475439908596012,0,1
0.015221961994090745,0.006138724043463667,0,1
0.01529368800729396,0.004274815331846485,0,1
0.015738286303290293,0.005668751927520582,0,1
0.015490630460798205,0.0058243445171773395,0,1
0.018118608506751975,0.0057988954546385595,0,1
0.016672498072109514,0.006144366013299183,0,1
0.01681174468605764,0.006107760581076777,0,1
0.017120001719977986,0.005154662011785948,0,1
0.016382613776699424,0.007077989832417118,0,1
0.015803976233911478,0.00591582875717677,0,1
0.017772347116447967,0.006642311891067473,0,1
0.016584045263385375,0.005980583616864929,0,1
0.015497159118061439,0.004316035837055189,0,1
0.015164675203732814,0.0035264159886787775,0,1
0.01504514096133399,0.0030325300146198777,0,1
0.01736369499225297,0.005808397495061478,0,1
0.01610965269378583,0.005738563341917587,0,1
0.01633667497782475,0.006109141348930118,0,1
0.015344553938127201,0.006969731209551139,0,1
0.01718509953764422,0.005418156875776917,0,1
0.014636480592113144,0.006985516095114298,0,1
0.0174828793457663,0.0057142785113163085,0,1
0.013734060904899632,0.0030512000250226307,0,1
0.016920596493475153,0.0054691486369205875,0,1
0.017877525127006074,0.004386204610539054,0,1
0.016423128013962496,0.0061997826380218125,0,1
0.016940175574208786,0.007602426668616697,0,1
0.016340523994394885,0.006833719867803016,0,1
0.016471225854959467,0.006331411918071252,0,1
0.016091368394430695,0.006104649002416024,0,1
0.016496910370255868,0.006465609210934507,0,1
0.017269397400033006,0.006249876207951185,0,1
0.016121670125280558,0.007048382531637698,0,1
0.017932903205527467,0.006492160395626276,0,1
0.015598564632774438,0.005430985718025911,0,1
0.016705694572219265,0.006430890669010332,0,1
0.016382749422947172,0.006127949903991661,0,1
0.016890307453365793,0.00610465534521464,0,1
0.016351836126931474,2.5597508466000625E-4,0,1
0.016291601018775404,7.902338758247789E-4,0,1
0.014649525615810687,0.0010666891766761173,0,1
0.015156862369432842,2.868685479219063E-4,0,1
0.015880633379887793,0.0030685299665924293,0,1
0.017377585489115745,0.0012751559109543252,0,1
0.015546410874557529,0.002519516327290517,0,1
0.01605434271470886,0.0027043278409212956,0,1
0.01738768249317724,6.326173134477011E-4,0,1
0.017954492694069457,0.0021609682086649435,0,1
0.017578962914860666,0.0025938591765356823,0,1
0.017131761034842864,0.0030613713390550785,0,1
0.01766999335720691,0.0013377644146718227,0,1
0.017364630528249946,0.0015664424395728774,0,1
0.01755655244456769,0.003874756825904015,0,1
0.01703679854763586,5.542912367986661E-4,0,1
0.015845170401459854,0.0019764946789862406,0,1
0.01696858459919825,0.0010531809944690003,0,1
0.01817747537748858,0.001768920652119868,0,1
0.01635458259922374,0.001320460426637395,0,1
0.015302310110319404,0.0017383444551897441,0,1
0.017625924889173437,6.689078336821159E-4,0,1
0.016650603751200033,0.0021112485601473214,0,1
0.01691459408129891,0.002789483121794454,0,1
0.016590924163886394,0.001217372173680449,0,1
0.01732798379547512,0.00283370797955563,0,1
0.016765627429553894,0.003957901249808041,0,1
0.018514924966196514,0.004174438013537205,0,1
0.017177416272984292,0.0032873608930228853,0,1
0.015383665314989149,0.00358128212338425,0,1
0.01553665552831106,0.0017671851300550042,0,1
0.014156220729310729,0.0014232922853644814,0,1
0.011927618675231469,0.0018453460220357438,0,1
0.016052541304632652,0.0016843733886212936,0,1
0.016229846810929222,0.002181995875261147,0,1
0.01638745306638397,0.0015653559050312522,0,1
0.017757389511734747,0.002742140382521423,0,1
0.01614663100269597,0.0024789633774618173,0,1
0.01599188175782452,0.002479685759237157,0,1
0.017273947750824237,0.002685522584948146,0,1
0.017572302248598615,0.0025026124230153515,0,1
0.019565148399126805,0.005215288786794264,0,1
0.015443784653233138,0.0018053100070345063,0,1
0.014060237444139177,0.0014598311572892127,0,1
0.014221204656380933,2.5292104398764136E-4,0,1
0.014715395149220286,0.0023170642304789603,0,1
0.015965738128897917,0.0012239933137320404,0,1
0.01601150379506699,6.410678667065977E-4,0,1
0.016012493898195018,0.001156325149897286,0,1
0.016956732330271285,0.002469229496962517,0,1
0.016248211869002178,0.002283669779004997,0,1
0.016350390301777932,0.0025762192949576436,0,1
0.016361498071874463,0.0036418208736054007,0,1
0.01757235465277885,0.0017199182306422824,0,1
0.01858394345233251,0.00164938026166073,0,1
0.017401264481577777,0.001532354490170375,0,1
0.015267059660271002,0.001068668216084592,0,1
0.015470921141654707,0.0013081090840078365,0,1
0.016561173003596736,0.002409320288706524,0,1
0.017325735840575052,0.0015975568828868365,0,1
0.016593825611580425,0.0023422260647100713,0,1
0.015964051368929033,0.002159018682632237,0,1
0.016332580195248098,0.0030788273241293576,0,1
0.016063786155534852,0.00224144525625226,0,1
0.01714489075635126,0.0020836202051164134,0,1
0.017469608964281406,0.0031688639810943577,0,1
0.017305040501917317,0.0024738186244046847,0,1
0.017826474529615943,0.0028600904743585442,0,1
0.014911410611484611,0.002216389665523458,0,1
0.015975493395237697,0.001654474257219808,0,1
0.015168776624274717,0.0016720194568230744,0,1
0.016472830363799217,0.001656821100062544,0,1
0.016721679202110755,0.003304436552422345,0,1
0.01633549521963732,0.0010765442243597803,0,1
0.016626550804866927,0.001410492124473962,0,1
0.017483283445457666,0.002230771213268167,0,1
0.017746579049177143,0.00161789871017986,0,1
0.016113696763937816,0.0034940342962594875,0,1
0.016532837948477288,0.002787671724206997,0,1
0.01536906646493083,0.0011043895603854532,0,1
0.015858101152179366,7.576467653301871E-4,0,1
0.015503430314041127,0.0024961097808277443,0,1
0.01651568999223479,0.001699545281696301,0,1
0.017331436487774167,9.059204515212052E-4,0,1
0.019859595720677383,0.003701763168880875,0,1
0.016924046013021207,0.0016361372492809817,0,1
0.018202309446938653,0.004097850451501883,0,1
0.016606832858286378,0.0029669498093307673,0,1
0.016913728988958817,0.0021080032087633033,0,1
0.018113518343784114,0.002255287261677193,0,1
0.017899095148428877,0.002458987926599135,0,1
0.016712076577760915,-5.378450956358356E-4,0,1
0.01518509950604306,4.170370250400091E-4,0,1
0.015071475472018413,0.002175603965034713,0,1
0.016648215828006043,0.0013528709730661714,0,1
0.016602962802959143,0.0016719050755779551,0,1
0.016467068793996818,0.0018428708025680616,0,1
0.01719314323603623,4.3291946660558526E-4,0,1
0.018661522628224424,-1.654082021466589E-4,0,1
0.016821140879070044,0.003128481704869159,0,1
0.014855897295075979,8.178842995336598E-4,0,1
0.019036863449521258,0.0046502108987284815,0,1
0.015979526141492867,0.0010888708500547903,0,1
0.01631509537752644,2.5705779951764294E-4,0,1
0.015557232873309202,0.0011620485395141616,0,1
0.016221145032672572,-0.0016537909714008233,0,1
0.017085914267569703,6.989159205649071E-4,0,1
0.0173494211417733,0.002752470600891613,0,1
0.014879746158641695,-0.0013724134817196761,0,1
0.01717207010066631,5.223639346965955E-4,0,1
0.017860204105538353,0.0024678286055350006,0,1
0.01670649813110567,0.002725202110695082,0,1
0.01775591255921892,0.0020193317009675636,0,1
0.01579513865444378,0.002082304777024001,0,1
0.01647713762026406,3.3833300587673065E-4,0,1
0.016036278513036996,0.0016472047403424668,0,1
0.016678393720537997,0.0014160921905189982,0,1
0.017328564150214915,0.001859486523299262,0,1
0.01674321146273494,6.425543414418417E-4,0,1
0.017560133220149304,0.005727616761744735,0,1
0.01639748239503183,0.002627764667181069,0,1
0.019025970491064716,0.0018769472882233388,0,1
0.017428306400473312,0.005960530805182031,0,1
0.015978542385764162,0.0010201813432551923,0,1
0.015523357300952948,8.081593530429326E-5,0,1
0.016640175092714142,0.0011927924057685566,0,1
0.016923314748198467,8.671823409563281E-4,0,1
0.017336621957597463,0.002340731867587794,0,1
0.017395310580403105,0.001865552575638284,0,1
0.016845318162495206,0.001030333569347761,0,1
0.017720492046710643,0.0021314210723419815,0,1
0.017823977961635196,5.1235636837926E-4,0,1
0.01819251378011379,0.001791349746729829,0,1
0.01529741188090748,6.269182791852526E-4,0,1
0.0165404751867851,0.0012016690025578069,0,1
0.016262173704423386,9.595545830287927E-4,0,1
0.016943857533133985,9.765679870507014E-4,0,1
0.01761529382757012,1.4470857729628194E-4,0,1
0.01680184402882854,0.0014440776911600643,0,1
0.01638993370058505,0.004122960001598024,0,1
0.017466712679559935,0.0021849805392260657,0,1
0.017782812675832465,0.0030136988512604705,0,1
0.01617623178774977,7.902462536718024E-4,0,1
0.016664368484054743,-2.539616550787632E-4,0,1
0.016283380139745715,7.79754680369464E-4,0,1
0.01634851392066793,0.002115893987176145,0,1
0.015368476909770277,-0.0012759941174497681,0,1
0.01774268378566299,0.002166140545963305,0,1
0.014375435562772371,3.6139291050393346E-4,0,1
0.01835459127060863,2.4635488125859925E-4,0,1
0.01813831493126475,0.002705282096882847,0,1
0.015945067239609933,-1.9525279990935873E-4,0,1
0.016424503919892235,0.0013423269760271272,0,1
0.017299673759207188,0.0013453196068403562,0,1
0.01797491955146073,3.8704150734358345E-4,0,1
0.018434734944256494,-5.1180813586551754E-5,0,1
0.01634191926205198,0.0018832348475165852,0,1
0.017766486617161535,0.002582695701298358,0,1
0.01788266432150297,0.004561700036324695,0,1
0.016672123683243424,0.0011728785335772469,0,1
0.01900442643339685,0.0021765124108484293,0,1
0.016933177776251206,0.0011742195655320051,0,1
0.016728455777551637,0.0015827969099585712,0,1
0.015635613491947104,8.835209919121572E-5,0,1
0.018034062014822185,0.0018391972176134603,0,1
0.0185836143510047,0.0010482284774699343,0,1
0.017144543156414425,0.002899228397076237,0,1
0.016767220468891942,4.314283338455777E-4,0,1
0.016915208738201112,5.428152830489448E-4,0,1
0.01769343803628698,9.467414696519014E-4,0,1
0.017008830957663135,0.0016197416569275864,0,1
0.01670843010349908,0.001643301731741017,0,1
0.01627924754317495,-9.998832675499384E-4,0,1
0.017393850227033485,0.0017892105290931248,0,1
0.014898519215857185,-0.0023790090638717656,0,1
0.017220601238934555,0.0015657005608876386,0,1
0.018201338486455113,0.0012588277531273145,0,1
0.01691758795369027,0.001556152889280387,0,1
0.017433969371755457,0.001297833891977663,0,1
0.017761381965830443,0.001179933868783689,0,1
0.01715344210198593,0.0014774112448858834,0,1
0.017763835438047125,0.001486039111234059,0,1
0.016875788729022328,7.196422506492123E-4,0,1
0.01716297919573388,7.349108843389394E-4,0,1
0.017291455896007644,0.0012598196286451365,0,1
0.01692488636397061,1.4010000038319835E-4,0,1
0.017932131152895818,0.0025311943233022245,0,1
0.0185954640076922,0.0011831127020341255,0,1
0.01710106893286861,0.0018413651805729775,0,1
0.01767698231124138,0.003140842030690284,0,1
0.01806784622078832,0.0018619430767843517,0,1
0.01663314057834138,3.28909206953869E-5,0,1
0.019774588143302796,-2.663681401458444E-4,0,1
0.018061494562790065,0.001644520258272631,0,1
0.016940548825578057,-9.791954348950466E-4,0,1
0.017133603879659818,9.383962243953523E-4,0,1
0.015378338156423817,0.002145652552604279,0,1
0.016748423313482315,0.0013775513352870447,0,1
0.017267522351328345,5.697551199744661E-4,0,1
0.01804018223720132,0.0013749747615858223,0,1
0.016150710777357354,6.015274300550876E-4,0,1
0.017410523022466057,0.0016402326421750446,0,1
0.01751693353618581,5.158882638788621E-4,0,1
0.01776691481041872,0.0026496835788886327,0,1
0.019139888176135236,0.0016732252479443846,0,1
0.01606008798587813,0.0014663380725932654,0,1
0.01648042732527724,0.001478536879386542,0,1
0.01745683700547567,8.467066552571412E-4,0,1
0.017366799455958454,9.111350271342965E-4,0,1
0.017732042582169743,0.0012046577002362171,0,1
0.01818629467090626,9.100593995116765E-4,0,1
0.017335954923418002,4.825664673150858E-4,0,1
0.017421305671388186,8.364473350005721E-4,0,1
0.018660900966027325,5.803566931650606E-4,0,1
0.018129817625402903,8.588403474440488E-5,0,1
0.01639600718794307,5.46116909981826E-4,0,1
0.01785670359372733,3.987754621148602E-4,0,1
0.017691145138150628,-3.070714377181929E-5,0,1
0.017550504847070124,7.353430383407873E-4,0,1
0.018551170624301033,6.527388432817559E-4,0,1
0.018026718628674828,6.359334697254328E-4,0,1
0.018579175298008406,0.001163071083437067,0,1
0.01665189086355765,0.0018625102423075043,0,1
0.017770183924021278,3.0216007315963844E-4,0,1
0.016447467714350027,9.51408789476735E-4,0,1
0.01779374666391906,5.28677499994616E-4,0,1
0.01773339997287898,2.096699240848592E-4,0,1
0.017501147407300535,4.1479380430173936E-4,0,1
0.016937147039627388,8.368427147593336E-4,0,1
0.018412848689823205,-4.2314776384425935E-4,0,1
0.017961925564461453,5.763830091337619E-4,0,1
0.017368512712667268,1.1779439373773673E-4,0,1
-0.01249683616666385,0.010282843641870217,0,1
-0.012359376316712828,0.009487170786767083,0,1
-0.01256914012842492,0.009082578994384421,0,1
-0.009898026820110734,0.007548676286937232,0,1
-0.01191678581546541,0.010420248839188852,0,1
-0.012334304216869164,0.012089834508079588,0,1
-0.012152517257797854,0.010311373790432695,0,1
-0.013600705040225348,0.009906195050785584,0,1
-0.013548147170760621,0.010164695762753645,0,1
-0.013522268148291173,0.009894073883105769,0,1
-0.013292489839064218,0.009619453333599044,0,1
-0.014246569823033128,0.00957217206352042,0,1
-0.01483828790799396,0.00917102382855718,0,1
-0.015149448917680997,0.010240957440989159,0,1
-0.015064611936635204,0.009505782472720412,0,1
-0.014134012994307511,0.011046854209826205,0,1
-0.013339171190012952,0.009382794368004842,0,1
-0.013438010875627408,0.009499032889468148,0,1
-0.012396268803979683,0.010116486986409004,0,1
-0.010736832468699758,0.010688832115464758,0,1
-0.013162031091829769,0.010551683255920371,0,1
-0.01331630273183484,0.010363955563780098,0,1
-0.013635010153762304,0.009689777141645964,0,1
-0.012859994972493557,0.009086090887010866,0,1
-0.014518417940639338,0.011196759371356012,0,1
-0.014085920419651031,0.010042326150525775,0,1
-0.014089046126892242,0.011019644058216514,0,1
-0.014694741650528401,0.009597891296511169,0,1
-0.01486372676034734,0.010223764715031544,0,1
-0.013211429617129898,0.009097310704671197,0,1
-0.011871775761669551,0.009905489857373724,0,1
-0.013472325422774583,0.010395140425475626,0,1
-0.012680355831592638,0.009261875387462683,0,1
-0.012470465125045002,0.008989996749908597,0,1
-0.013000382311676233,0.010302933832813499,0,1
-0.01276139171022622,0.010787785109696312,0,1
-0.013374253838926911,0.009480532016744224,0,1
-0.016316190806122313,0.012316359032829939,0,1
-0.013916496192462227,0.009686191218696554,0,1
-0.013930654902149212,0.010207208206511883,0,1
-0.013595327118324362,0.011144197762086505,0,1
-0.01395728172821204,0.010738949758145516,0,1
-0.013605372080670261,0.009763506046343897,0,1
-0.012036673495124831,0.010436099860033164,0,1
-0.013730376341296126,0.009134974986430223,0,1
-0.012961738326725723,0.009353693841629849,0,1
-0.012733423842587858,0.010538949049296371,0,1
-0.01314406166236582,0.010426487636662474,0,1
-0.012855665486637809,0.01063850851252508,0,1
-0.013539781362555318,0.010727949065868905,0,1
-0.013709321764272477,0.010256318000799257,0,1
-0.012460599883694003,0.009749054541263314,0,1
-0.01402846151527491,0.010370379547772916,0,1
-0.012886616801088978,0.011082718334135358,0,1
-0.01461039229672152,0.013009075189857175,0,1
-0.013108038512378337,0.010398975248906156,0,1
-0.0118186723077382,0.009965617901155108,0,1
-0.011948566555119874,0.010594204056001037,0,1
-0.011393730152551025,0.010281185749319115,0,1
-0.010214142194725205,0.012804280517376506,0,1
-0.0156258134953744,0.009398612714412441,0,1
-0.011430486867908868,0.011173801222139748,0,1
-0.01331434256422976,0.010470687312447711,0,1
-0.012191826100794724,0.007688727761702795,0,1
-0.015154568733647133,0.009801005699234972,0,1
-0.014142541423343313,0.009660996540073193,0,1
-0.013749999475238694,0.012823686763008298,0,1
-0.014640252013969898,0.01098481018319247,0,1
-0.015061449373127141,0.009309317487903552,0,1
-0.01272386765659092,0.011307536163804012,0,1
-0.012708990609597397,0.011529533279788977,0,1
-0.012179846763621672,0.01181099193299449,0,1
-0.01281340894195358,0.011094050064194892,0,1
-0.012529837589896588,0.008444042086871828,0,1
-0.013789862482756165,0.010357610286603912,0,1
-0.013662856202842726,0.01071465194799505,0,1
-0.01449767508453453,0.010224931012039492,0,1
-0.013534025262540696,0.0114203095732662,0,1
-0.014622663414188572,0.00944975485743715,0,1
-0.014652175212351038,0.010570830674940558,0,1
-0.011759118636522703,0.013292693155090369,0,1
-0.012281556303155014,0.010357155337054147,0,1
-0.014115900276101325,0.010030157774371665,0,1
-0.012733728480571848,0.010556147611760937,0,1
-0.012880559851402164,0.010497758889327878,0,1
-0.0130895953703322,0.010570700777934936,0,1
-0.01326913736219443,0.01061296528676962,0,1
-0.01301632966961519,0.008405500199395803,0,1
-0.01368831406602141,0.01008977781497029,0,1
-0.01822307010659553,0.010679981672802279,0,1
-0.014431800716721802,0.009057500268138783,0,1
-0.016334659876283505,0.009523169104932144,0,1
-0.012354425231751216,0.010051156714964132,0,1
-0.012639706071548155,0.011622789003416793,0,1
-0.012613780160492537,0.010594852719380682,0,1
-0.013530007453608602,0.010992307966664921,0,1
-0.012162244334553762,0.011262624054907792,0,1
-0.012837453977396019,0.012232109972087376,0,1
-0.013996684718269023,0.010016582323546604,0,1
-0.014329186000456556,0.010842958796532238,0,1
-0.013300811021228832,0.011028857620963785,0,1
-0.014876561588444654,0.011740547761572809,0,1
-0.01413670655828823,0.010978212737745553,0,1
-0.01401337929566106,0.011119336202364879,0,1
-0.012839580813003505,0.010282818097422916,0,1
-0.012443479563191757,0.010061927241604022,0,1
-0.012876940904941464,0.010698295532665507,0,1
-0.01359330529404121,0.011025492472557732,0,1
-0.014529736165426984,0.007323401764212861,0,1
-0.013526916151840727,0.009667900334269817,0,1
-0.01339864429382188,0.010542691003220878,0,1
-0.014511234881685703,0.00933026903268812,0,1
-0.013935266725507732,0.012204755061642475,0,1
-0.013520343533898697,0.010140642603770409,0,1
-0.011641538812770082,0.011712073344057897,0,1
-0.010673197346392627,0.009732184498825633,0,1
-0.013506101058627996,0.010179547480052883,0,1
-0.011633652142604494,0.009120721123870608,0,1
-0.013179312867042086,0.010705668842740773,0,1
-0.013294019738821777,0.009982228860849329,0,1
-0.013367950867760074,0.010644808669439886,0,1
-0.013875076738001141,0.010882441900492782,0,1
-0.01394021628025087,0.011083357924112322,0,1
-0.014135915090518312,0.011154029937983406,0,1
-0.012669260497074791,0.011532170189960311,0,1
-0.012524467344371537,0.011646864173953124,0,1
-0.013022132989975047,0.012159323940499484,0,1
-0.011973834371794072,0.010643898168723364,0,1
-0.013282887447582247,0.010967433807467177,0,1
-0.01336379851799167,0.010999073301437378,0,1
-0.013319058283111172,0.01114889831242391,0,1
-0.01359419184526975,0.009798735280755956,0,1
-0.01652970379322283,0.010559176253817555,0,1
-0.014705737007715549,0.011648121924386332,0,1
-0.012749055943120242,0.010538899997889171,0,1
-0.012432199593740732,0.011050537251162099,0,1
-0.012022990614560112,0.010638714875601068,0,1
-0.012505915997418512,0.01078980042794666,0,1
-0.012946398436456527,0.011994754372492278,0,1
-0.01326900605119918,0.010603085680540244,0,1
-0.013780723601543447,0.010478725384648646,0,1
-0.013828833618076568,0.011168993009248613,0,1
-0.015633389160143993,0.009174953809239232,0,1
-0.009753421973174164,0.008962010411532863,0,1
-0.012441634547292704,0.011215810541381745,0,1
-0.012347678546236435,0.010675851084265406,0,1
-0.013275723790218363,0.01360085063843299,0,1
-0.014497566801248833,0.012503636980040866,0,1
-0.014554749713994473,0.011769315176262096,0,1
-0.01227794852412384,0.011454800083674022,0,1
-0.015227776312700425,0.011969086341224885,0,1
-0.01086754826794256,0.011481496223434045,0,1
-0.012167275601696562,0.010883278021490724,0,1
-0.012037694545223633,0.010720281491336617,0,1
-0.011862141659021932,0.010552794979077018,0,1
-0.012470460093614633,0.011896741762538757,0,1
-0.011026746755952563,0.009640649170579076,0,1
-0.013461222040812657,0.010728230628073975,0,1
-0.013091016525044331,0.012663421901229028,0,1
-0.013841532977290774,0.011374543577029328,0,1
-0.010510206955178986,0.011042283168482719,0,1
-0.011776506268138306,0.013838889740152639,0,1
-0.011518783844196778,0.010706896637818476,0,1
-0.013088485277854122,0.009994361089863065,0,1
-0.013182181954527588,0.011675724888200772,0,1
-0.012598180980947013,0.011015480939636417,0,1
-0.013779677371588627,0.011371338832049726,0,1
-0.01190740381470551,0.010906058243785566,0,1
-0.012466439422522537,0.009836905319283525,0,1
-0.013320081040884882,0.009577437517155162,0,1
-0.013213332630898533,0.009742543594060021,0,1
-0.01300091466130724,0.011750220302517126,0,1
-0.01182045701469937,0.010748115197984524,0,1
-0.012045441822648514,0.01181704684021152,0,1
-0.01222927495008737,0.012029514751846966,0,1
-0.012960330389364004,0.013530717947203529,0,1
-0.011738285965858637,0.011370728991131085,0,1
-0.012596010385964024,0.01129520396769654,0,1
-0.013838110643236291,0.012728238370058957,0,1
-0.015747185616561812,0.011823883157060282,0,1
-0.012375670323507617,0.010986497879674624,0,1
-0.012370931077350572,0.010674327657400316,0,1
-0.012999784003281464,0.009433013890021354,0,1
-0.012990961483820142,0.011537757523629632,0,1
-0.014421747116908513,0.012354429485806166,0,1
-0.012947633072322304,0.013088077148634187,0,1
-0.0141190597879095,0.012544842606269223,0,1
-0.010889973049597055,0.011198758349495984,0,1
-0.012458334459215629,0.011004651226159325,0,1
-0.012964372365473507,0.011627516343646479,0,1
-0.012850167419539768,0.010970236671897128,0,1
-0.013878863761997378,0.010011583228425913,0,1
-0.014748441912519032,0.012514645135227077,0,1
-0.014477957371088757,0.011702117851964369,0,1
-0.013557321887632283,0.011884336811535915,0,1
-0.01237241628592831,0.012680461492189368,0,1
-0.013134462658495999,0.011963838795467743,0,1
-0.013085526192433455,0.011741409102576584,0,1
-0.01156599170007513,0.01301344025694637,0,1
-0.012573107600878963,0.011215721001252142,0,1
-0.0155556939091341,0.009882991898353918,0,1
-0.014140545541514218,0.011705890416338105,0,1
-0.013185743924671856,0.010289009725314949,0,1
-0.012400773961248421,0.0117011411112367,0,1
-0.013006736598850904,0.012038437790070593,0,1
-0.01319779693511163,0.013214992543497246,0,1
-0.012468018084480406,0.011912429589773508,0,1
-0.013031721955807428,0.011211174809618486,0,1
-0.014059516977965689,0.011192162482240527,0,1
-0.011732899619103428,0.012237781098443881,0,1
-0.013510026398538742,0.013522538082465783,0,1
-0.01278216755118269,0.012054189277407265,0,1
-0.013254837575658549,0.012524049602194474,0,1
-0.011626303337729299,0.01199388893616838,0,1
-0.013445135645914593,0.01279366937316635,0,1
-0.013139177623433865,0.012855165080100013,0,1
-0.01298495398305959,0.013964321499905934,0,1
-0.01262723307968868,0.012279989148300733,0,1
-0.014129746764285432,0.012002023270208937,0,1
-0.012768621332125593,0.012504199512906575,0,1
-0.012199113400217627,0.012044210239483063,0,1
-0.012435524935973188,0.011574690607632568,0,1
-0.005898337450852879,0.019549663424458224,0,1
-0.003599095802133062,0.017391715249577493,0,1
-0.003996353312535967,0.01787978593140022,0,1
-0.003131042664097394,0.01738613297897141,0,1
-0.003483033324323226,0.016705851396614766,0,1
-0.0038996822885054507,0.01638343251977142,0,1
-0.0037805023763010175,0.016423062743820944,0,1
-0.004030032325846636,0.01542061375925322,0,1
-0.003448472770972735,0.016275734561701127,0,1
-0.002880964467053369,0.014795538639453923,0,1
-0.003911483526386176,0.01756933599791118,0,1
-0.0032927690098326326,0.015913618317264695,0,1
-0.005353485539556359,0.016661368128076722,0,1
-0.004085823260802679,0.014357214716782874,0,1
-0.0043409614858825,0.014978253738840852,0,1
-0.003147976515700732,0.015141353225949969,0,1
-0.00419858698277837,0.014208326147754868,0,1
-0.00258411357940515,0.013746453737082762,0,1
-0.00117336280582209,0.01734488847616493,0,1
-0.0036815942921875748,0.01698156120156764,0,1
-0.003936238871352376,0.015917351440616387,0,1
-0.003593194837752343,0.017139047507062806,0,1
-0.004038446636684968,0.017573702509178262,0,1
-0.006480619853886575,0.017637343204334265,0,1
-0.0043116575168050805,0.016328934876446714,0,1
-0.0036632995981203367,0.016093452713192357,0,1
-0.004748875586136371,0.01558076563049,0,1
-0.004451026667088613,0.01578583766349552,0,1
-0.004067053102637405,0.015103013583383736,0,1
-0.0036541098019246326,0.014437045046544727,0,1
-0.004414179026247478,0.014702882760327121,0,1
-0.003422224873827297,0.014763758493880435,0,1
-0.0029300630758231734,0.018220397380766005,0,1
-0.003535036602461802,0.017519274326787338,0,1
-0.004207632833478768,0.015562334333800327,0,1
-0.0020373178765843982,0.01992095310096122,0,1
-0.004148140681121133,0.016821198154701157,0,1
-0.0032669400088667943,0.016639136451087853,0,1
-0.0037378975692619705,0.01592721549068338,0,1
-0.003750265736455126,0.014969695380616689,0,1
-0.0030274450349324863,0.014029602528177277,0,1
-0.003499202749778203,0.01554664673444445,0,1
-0.0040653767559088285,0.014730167781643991,0,1
-0.003104565960639754,0.015925157817150395,0,1
-0.005630923521536203,0.01451055226317975,0,1
-0.005380352144130182,0.01485372856406718,0,1
-0.0061583349163610015,0.01665569925590548,0,1
-0.004119275939221808,0.014472959579528951,0,1
-0.0038741929733731753,0.017603950656450016,0,1
-0.0033083917010288616,0.017723530912941463,0,1
-0.003867414430258661,0.0170535627753491,0,1
-0.003841986952189297,0.017129767453036914,0,1
-0.004279836187971219,0.01691701281892236,0,1
-0.004139261493866094,0.01615739878545494,0,1
-0.0033628344679579513,0.015701711754423798,0,1
-0.004087041929488118,0.01572741740153025,0,1
-0.0024338375449934045,0.01622714662276144,0,1
-0.006228300060909293,0.015508106441874612,0,1
-0.00454872774094847,0.015163127896033402,0,1
-0.00445507830191074,0.015110490442343576,0,1
-0.004435936561131976,0.014450868580702996,0,1
-0.0035179479884047613,0.015552072989053926,0,1
-0.005442560164378226,0.01250145139596058,0,1
-0.003305677704875683,0.018414246307540506,0,1
-0.003743440981164131,0.0163351010241018,0,1
-0.005352539512562783,0.016717412946867773,0,1
-0.004023239939183491,0.016059316759209505,0,1
-0.004160673973590752,0.01648529820047607,0,1
-0.0036452769758552584,0.01636900703826237,0,1
-0.004128718023503332,0.01603204248122924,0,1
-0.004053125369690698,0.015452667867971922,0,1
-0.002094296958304554,0.016509072055130844,0,1
-0.004247379350297145,0.015454483634309343,0,1
-0.004236548459178811,0.014835090238386844,0,1
-0.004891039138595297,0.01486019652735074,0,1
-0.004353483609502755,0.01397714536386106,0,1
-0.002936483148418418,0.017398909474743943,0,1
-0.0038357082618243775,0.017631375692901963,0,1
-0.00457314337056165,0.01864612770386721,0,1
-0.0038165786470021595,0.01634724420443606,0,1
-0.004191793038261471,0.017472075289481213,0,1
-0.005907365059545248,0.016832190512438342,0,1
-0.004318313808113736,0.01624909775787948,0,1
-0.004514726536003197,0.016826424398823845,0,1
-0.004360080415119882,0.015891158663930333,0,1
-0.004902510345842743,0.016886186340066243,0,1
-0.004019415715802208,0.015224644181515475,0,1
-0.003217327898844106,0.014326370051867153,0,1
-0.005029770511238994,0.01468950304739373,0,1
-0.005832426263407769,0.01464231412854337,0,1
-0.0040286615987054466,0.014346368679406075,0,1
-0.005833370752790496,0.01772165918149301,0,1
-0.005292057288091872,0.01783907479984881,0,1
-0.005910515146529259,0.017081145872659978,0,1
-0.004092888659938129,0.01697563889634123,0,1
-0.00424292276864984,0.01654047788093768,0,1
-0.0037175510241466455,0.017688423458322302,0,1
-0.004905371902769442,0.01658628802978968,0,1
-0.008165020851476322,0.017274852437261283,0,1
-0.004344250320823132,0.013722654868038696,0,1
-0.00552082202927512,0.015232728227939052,0,1
-0.007403798523548813,0.01690553664519142,0,1
-0.0041622035370455284,0.01611273478461049,0,1
-0.003494925695011073,0.014766955195105121,0,1
-0.005353541397363765,0.02031124657754745,0,1
-0.004046137911915598,0.016641283224606476,0,1
-0.003995830387832752,0.01695557868833537,0,1
-0.0041106130353492365,0.017204518989446596,0,1
-0.006353805263830203,0.017141093453172003,0,1
-0.004608248544076239,0.0160102633775909,0,1
-0.004633424180873232,0.016364557549828886,0,1
-0.005320264324205043,0.014892237459008216,0,1
-0.0035902167278286587,0.014267452056390401,0,1
-0.0055736941648704815,0.016321162541187963,0,1
-0.005307342102724514,0.014563097396918039,0,1
-0.0051387785786639745,0.012651469947312217,0,1
-0.0046760749177036905,0.01502980163594515,0,1
-0.002875202208825738,0.016862895830837048,0,1
-0.005430235855332759,0.01487331499259831,0,1
-0.007756967880939182,0.015182152026183077,0,1
-0.004456657907641716,0.01669113238887074,0,1
-0.004535959893775492,0.016596672065487095,0,1
-0.0038800703423033218,0.015962749020110387,0,1
-0.0046643558130224526,0.014848924209425777,0,1
-0.004375953397145266,0.01589619954070662,0,1
-0.005912662540787527,0.015534029163299176,0,1
-0.004678934503085021,0.014481216286972031,0,1
-0.004349913222409004,0.015225746924757186,0,1
-0.003395388999124505,0.01371913116383243,0,1
-0.004285854571890362,0.017731981038892116,0,1
-0.00378006110075335,0.017502808304883523,0,1
-0.0040347684822353,0.018490398361275917,0,1
-0.004571253782971845,0.017150538815879628,0,1
-0.004589703213255318,0.01635336005531861,0,1
-0.0037103770443303674,0.016343071139540546,0,1
-0.005410549507333587,0.015831004444953577,0,1
-0.004573682697243475,0.015370231218574419,0,1
-0.005111832385373653,0.014472730740605302,0,1
-0.00525863020820129,0.01620322804032842,0,1
-0.004419351050007847,0.014632697916367527,0,1
-0.00582466984819821,0.013383365019203003,0,1
-0.004667259322713382,0.01743687358009252,0,1
-0.0070965379905486466,0.019843333982299483,0,1
-0.004887762758017508,0.01685197778687189,0,1
-0.006294472491639746,0.016952774317781645,0,1
-0.0034123235755105065,0.017386539628178967,0,1
-0.0038105119394179943,0.015715781533529885,0,1
-0.00500617022882337,0.01581464881732552,0,1
-0.003613960997040553,0.015504606054207051,0,1
-0.005243670593681868,0.014216486483665192,0,1
-0.0059982749543017475,0.016504124352459317,0,1
-0.001872621862738214,0.013916672803879435,0,1
-0.005049041954714758,0.014947709471538768,0,1
-0.004152441098017842,0.017577347330450573,0,1
-0.004588241140141571,0.017297366698330575,0,1
-0.005173973858181725,0.016838455200657423,0,1
-0.0041503744507946725,0.014581374983612451,0,1
-0.005307550855588454,0.01570200112318874,0,1
-0.005216692311375758,0.014187477513630286,0,1
-0.005398857294317848,0.015187790433543498,0,1
-0.004928763447347186,0.01565380232485264,0,1
-0.005789910955381703,0.015262180065289,0,1
-0.004932095625245206,0.015853105903094543,0,1
-0.004947647477845168,0.017124900287196602,0,1
-0.004310644380748916,0.01652347085894716,0,1
-0.004721603869369411,0.018650294530713263,0,1
-0.005961511955184498,0.016985927548098464,0,1
-0.003539800270031279,0.01679368399922954,0,1
-0.004910330182184849,0.01618121991086685,0,1
-0.0044280732253259986,0.015921808963188035,0,1
-0.0031408711315773882,0.01879407814067506,0,1
-0.0072982880767882355,0.014595411070824814,0,1
-0.005409363702096963,0.015582265236928015,0,1
-0.00390668201141703,0.016600944351708474,0,1
-0.0021834679491246865,0.017076853207269514,0,1
-0.006323816401726916,0.019988237843916738,0,1
-0.0056588271076255265,0.01709329719216225,0,1
-0.007101176137245817,0.014538845949697857,0,1
-0.004833876751802966,0.01781292946016038,0,1
-0.005160196434877438,0.015427675239221431,0,1
-0.006087314517760707,0.016077167355883052,0,1
-0.007078673315972462,0.017346341146513428,0,1
-0.006304970274131443,0.015711955717901762,0,1
-0.006308052758207238,0.016763993660694344,0,1
-0.005683022670302844,0.016279931036366026,0,1
-0.004873298903974053,0.017742480312586868,0,1
-0.0065099031062987155,0.01754215631597712,0,1
-0.00625060721990813,0.01569112729728298,0,1
-0.0027101547420924415,0.019098380450691562,0,1
-0.006060150065945297,0.01620686906528563,0,1
-0.0048844201860151655,0.01635136346509182,0,1
-0.005247467022290546,0.01553740171710047,0,1
-0.004762202907716058,0.015624498119191765,0,1
-0.005225663039761993,0.017052023913603716,0,1
-0.004901132282823468,0.01700748620054391,0,1
-0.005712315858789965,0.01641861791235978,0,1
-0.005116554115432806,0.015122815703763687,0,1
-0.004232894906026437,0.01748466523202316,0,1
-0.004738364143128945,0.017999159842522535,0,1
-0.005186627382006122,0.014704183896968811,0,1
-0.004987847844522665,0.015280802182400416,0,1
-0.006417926505593521,0.01500191702790295,0,1
-0.004776394502652756,0.01617854563958032,0,1
-0.004809952327423383,0.016639913170519643,0,1
-0.005166516255396791,0.017290566603363543,0,1
-0.004896819809945662,0.015857419317890534,0,1
-0.0074089510876646555,0.015538518516160928,0,1
-0.004268104915991109,0.016909635153310825,0,1
-0.005817886599624436,0.016050092740668657,0,1
-0.0031354771275463795,0.01504921459827016,0,1
-0.004950032821225583,0.012872793235262138,0,1
-0.005934545622589365,0.0160781262446385,0,1
-0.0034732890222569025,0.018335804818510604,0,1
-0.0029220932278767927,0.01767227189690619,0,1
-0.004589378841703109,0.017093781444966902,0,1
-0.006244935315474317,0.016173152442441073,0,1
-0.005814715316200039,0.01589700501487331,0,1
-0.006829971869867256,0.015015449896026786,0,1
-0.006436939440957843,0.01646250949995831,0,1
-0.006781217797390184,0.01763119867241271,0,1
-0.006349819497096863,0.016573039921304496,0,1
-0.007130505940120214,0.019244140505889674,0,1
-0.0053389447298541875,0.016469044836823574,0,1
-0.00767593280510212,0.018042810070850623,0,1
-0.004923300180005048,0.01670511619042483,0,1
-0.007905984117221895,0.016819654680127118,0,1
-0.005511424176216389,0.016434102608683315,0,1
-0.003965082091848368,0.017408265649709074,0,1
-0.00727955080770335,0.015000008976067238,0,1
-0.005393539398316631,0.016264241731095825,0,1
-0.00495625127292313,0.016195162580349334,0,1
-0.006209236107817178,0.016251365751424357,0,1
-0.005512415704329865,0.01567808266111733,0,1
-0.003432409541207335,0.016081583206057078,0,1
-0.006374064790682718,0.01663540132845309,0,1
-0.0057950609519159925,0.016695387702683768,0,1
-0.005650172366314239,0.015209563393099245,0,1
-0.005029138307878628,0.014622782008448014,0,1
-0.006103104573422154,0.016823746787125084,0,1
-0.004739780290038282,0.015025942059406196,0,1
-0.004919510109372428,0.01656000844977625,0,1
-0.0056026290307484225,0.016963447569781836,0,1
-0.00576454948571302,0.016622090868803844,0,1
-0.005754608258336957,0.015694060967124848,0,1
-0.0019151541664919859,0.016291668241173205,0,1
-0.005212107645980338,0.01623434904211931,0,1
-0.007047476713815765,0.01964132508056144,0,1
-0.004713928830932979,0.01521958902794022,0,1
-0.005949598231339349,0.01664180193008725,0,1
-0.005867866381754348,0.016091700347101605,0,1
-0.006133407577906092,0.016401367358932627,0,1
-0.006518448842173946,0.018285684936729833,0,1
-0.0054430250213621054,0.01671457052027135,0,1
-0.006037913056409226,0.01650107937084436,0,1
-0.00557516584202385,0.01436647284945925,0,1
-0.004040324634996408,0.01826238583924242,0,1
-0.007481980343326405,0.016396462297796822,0,1
-0.006207170100686109,0.01688956355582843,0,1
-0.006175779813367531,0.016773689644871564,0,1
-0.006159133627229186,0.017301455636450365,0,1
-0.006089460264833024,0.01575300869683909,0,1
-0.006059689985655202,0.01697162727891139,0,1
-0.007588350477566987,0.016774891530037712,0,1
-0.008129550217509761,0.01793795518006423,0,1
-0.006096417930982696,0.016331658457074908,0,1
-0.005971433201713326,0.016350696604770457,0,1
-0.005553998207480856,0.01310463495036295,0,1
-0.008895786817085905,0.015436771712818615,0,1
-0.005840235039400126,0.015329274148286652,0,1
-0.006884537759571806,0.017859200524788593,0,1
-0.00563513759293603,0.016553106847790284,0,1
-0.006168818826314806,0.016023960938483878,0,1
-0.00578708499695569,0.017384851681878196,0,1
-0.004887203219801771,0.01741616528015056,0,1
-0.005853625205290045,0.016793165322598117,0,1
-0.005219301542085715,0.016874336780119764,0,1
-0.006929252316378714,0.015740149585615728,0,1
-0.006618606276832137,0.01613733567825105,0,1
-0.006960561233987335,0.017419783901987906,0,1
-0.006738357349634908,0.016892884575481604,0,1
-0.0017714560357989751,0.016550712774008648,0,1
-0.001362466892485086,0.015611924585697518,0,1
-0.0011314415585283882,0.014753724640367304,0,1
-0.0016122509978276028,0.01478900226708695,0,1
-0.0025629853573972254,0.014461268923552114,0,1
-0.0012831098386575763,0.015605728513316906,0,1
-0.0037644067486825045,0.016465700018809527,0,1
-0.0026228137978051938,0.016182467987543647,0,1
-0.0025591961173641593,0.01676973389342037,0,1
-0.0024143050874626502,0.017971746085207175,0,1
-9.727770303714896E-4,0.016230925587182175,0,1
-0.0029534565768497634,0.017127614566401432,0,1
-0.002720798832112022,0.018820907586559462,0,1
-0.0035800280878244997,0.015651402202216606,0,1
-0.004607282866704674,0.016351864861913295,0,1
-0.0013611582048211816,0.015322543167592816,0,1
-0.003285072288399691,0.01423311183013345,0,1
-9.284249033513851E-4,0.016261945609551156,0,1
-0.0015065817784277317,0.015624611433639468,0,1
-4.194199566085233E-4,0.014638979555210036,0,1
-0.0031445020389972277,0.015946119138583414,0,1
-0.002126759825277385,0.01603807147815104,0,1
-0.0013568875561160323,0.015726462812732038,0,1
-0.0023349343680949966,0.016783358585001625,0,1
-0.004892522217663693,0.017305264715391105,0,1
-0.0034200557840852333,0.017018623032425465,0,1
-0.002231681273024685,0.017062114073144518,0,1
-0.001812266290434541,0.017432009901610517,0,1
-0.001078825097725188,0.015261793720821017,0,1
-0.002082539789506473,0.015182078141768461,0,1
-0.0025209762243795617,0.01600715370830522,0,1
-9.061680184826993E-4,0.015430555985371896,0,1
-0.00273533116067207,0.016753775935875712,0,1
-0.0036507163582878126,0.016301764092594036,0,1
-0.0018872074962167221,0.016019493975646486,0,1
-0.002111411137660132,0.016863819917438252,0,1
-0.00322904741693118,0.01657025767315977,0,1
-0.0033716310468632853,0.014997181136187167,0,1
-0.004027086763103465,0.0199223446751482,0,1
-0.0028019478585069335,0.01712945671601348,0,1
-0.0020600948056394603,0.017255120997785235,0,1
-0.0037661966527766967,0.019532208365431316,0,1
-6.105918468404634E-4,0.017980416559907036,0,1
-3.9554227997123367E-4,0.016424069263641556,0,1
-0.0016742932813957581,0.01608308913920058,0,1
-0.0016878561363280673,0.015818060663697824,0,1
-8.624878299243225E-4,0.017320607773002292,0,1
-0.0034139780400269048,0.014716307213494968,0,1
-0.0011658597004306607,0.01648297499311001,0,1
-8.064544029680941E-4,0.01653538899715551,0,1
-0.003107583849058053,0.01841798792403098,0,1
-0.0030159904408745913,0.01668006716837688,0,1
-0.002417350426592673,0.017436318074672087,0,1
-0.0017251825665340178,0.017630836574065376,0,1
-0.002515858742817875,0.01803757062319206,0,1
-0.001635755031072643,0.01712819403248789,0,1
-9.981238129999632E-4,0.015939956634840092,0,1
-0.0017434312382670395,0.01635120553116599,0,1
-0.0017591357217664944,0.01636495041149628,0,1
-0.0019424885726426323,0.01651334283692459,0,1
-0.002498522181161388,0.017118260474936944,0,1
-0.0015094126284783953,0.01786044110202629,0,1
-0.0023956111984710085,0.01680689950068973,0,1
-0.004024285253289022,0.01692188286563602,0,1
-0.003034703586327541,0.01784433539791663,0,1
-0.0024454629446723055,0.017772056488500124,0,1
-0.0035394998143977244,0.018179259152835296,0,1
-0.0014473790802834868,0.016050169064281868,0,1
-0.0016098659400645865,0.017741403663666517,0,1
-4.7931133522101247E-4,0.01809317047068501,0,1
-0.0017927850877370124,0.015606310062858607,0,1
0.0018547255476464859,0.018009209051441995,0,1
-9.624215558546356E-4,0.016067545038128274,0,1
-0.0020051595562789273,0.016889898188253268,0,1
-0.00158008340415274,0.017713465383920223,0,1
-0.002394486282188424,0.018363717313818514,0,1
-0.002505932542181897,0.01735762658254462,0,1
-0.002563918444345357,0.0183776651702523,0,1
-0.002992385556907117,0.017020161479467333,0,1
8.951460892993608E-4,0.015374282292013496,0,1
-0.0018942054799765073,0.01647392550547852,0,1
-0.00196607518866048,0.015954396705688618,0,1
-5.52356211937031E-4,0.01569916948051436,0,1
-0.0018097841349894491,0.01654627846340295,0,1
-0.0020084679207687532,0.01665988461314828,0,1
-0.0021800543767710795,0.016174251143390925,0,1
-0.0029635864716431814,0.017726027391833408,0,1
-0.0024887182540205654,0.0171824273337057,0,1
-0.0025100375058007044,0.017407014482051144,0,1
-0.003291359966160473,0.01713898382334715,0,1
-7.124000559852526E-4,0.01707998283633944,0,1
-0.0013470536546180928,0.016464716771223513,0,1
0.0019701646478484333,0.018631205775974442,0,1
-0.002041860976963743,0.01777639072715377,0,1
-0.0043041388682317746,0.017754775200286937,0,1
-0.0031628407122096048,0.017010394817408035,0,1
-0.002039740535353568,0.017025572610413882,0,1
-0.0012054988563968095,0.01649597500666197,0,1
-0.002538105174514498,0.01822732788552185,0,1
-0.0035327353936169164,0.01825705211476561,0,1
-0.003464886876932113,0.016878503275401996,0,1
-0.0010325311679658753,0.015766456291369853,0,1
3.4912030064991316E-5,0.015342557173741063,0,1
5.902429962129438E-4,0.016787985021053376,0,1
-0.002057797379944918,0.016286643236925566,0,1
-0.002391517097209343,0.01576928719660304,0,1
-0.002473711560890699,0.017106315973046706,0,1
-0.001831344635654314,0.01709317686598835,0,1
-0.0025858930545503674,0.01825950534932626,0,1
-0.004757158490673383,0.018201957498670346,0,1
-0.001816336462746117,0.018274041106165873,0,1
-0.0010597555827413856,0.01641695910946265,0,1
3.898600494031361E-5,0.016542783909978487,0,1
-0.0025625607298616505,0.01763698824387477,0,1
-8.970655807897419E-4,0.017213888138218728,0,1
-6.399597267331168E-4,0.01718284761077069,0,1
-0.002615573681528455,0.017128914651415913,0,1
-0.00293050146610637,0.017325413033380956,0,1
-0.0020895546168740483,0.017330839242151917,0,1
-0.002385692230789667,0.018016674438658353,0,1
-0.0018302454246715801,0.01807738833291429,0,1
-8.813098012653069E-4,0.017182472684673513,0,1
-0.001703390544036797,0.017617298723422783,0,1
-6.932034173524974E-4,0.017564171444413357,0,1
-0.0016241627794788558,0.016618930047992857,0,1
-0.0014563282172804298,0.01702880134657774,0,1
-4.1446690922957114E-4,0.015286132297186734,0,1
-0.003513111510737494,0.018044912649127755,0,1
-0.002125084404252257,0.017616404111973454,0,1
-5.561310691846247E-4,0.01792684681787762,0,1
-0.001777064727093958,0.017641216652636914,0,1
-0.0016586328547293272,0.016620040218215823,0,1
-0.001086672813309542,0.017620448480130738,0,1
-0.0018897859086992607,0.019519717733459282,0,1
-0.0013888581648369045,0.016954398773452003,0,1
-0.0018184991995680102,0.017046586586662384,0,1
2.6528002356323026E-4,0.014490541293752412,0,1
-0.0023843174995654354,0.01708911969147337,0,1
-0.001467289859212208,0.017097917505702907,0,1
-9.616060360245132E-4,0.016627078463727466,0,1
-8.180342316174461E-4,0.016615270836630947,0,1
-6.910103087753146E-4,0.017659704627066328,0,1
4.424339892089138E-4,0.01637356305711539,0,1
-0.00184039633757453,0.018002502948501174,0,1
-0.002622832510701025,0.019588439762191337,0,1
-0.00107449539819025,0.017510727770433655,0,1
-0.002096412584836296,0.017353642131919526,0,1
-0.001978180456517137,0.01786892462074939,0,1
2.3060609352406936E-4,0.01548554097739914,0,1
-7.998293602389615E-4,0.01739080932807702,0,1
-0.0014922054772501872,0.014796296937593356,0,1
-1.848885466467626E-4,0.016282881868112515,0,1
-0.0013935355900089057,0.016293864595683195,0,1
-0.0035818148157406027,0.017921897315333668,0,1
-0.0022730051651316816,0.016332344794797518,0,1
-0.0012124100204595877,0.01679132069498881,0,1
-1.383409288473241E-4,0.015624327835404545,0,1
-3.7196297299237546E-4,0.016387388205967534,0,1
-8.088408276499058E-4,0.01691474011339063,0,1
9.290052332896973E-4,0.015953948564058993,0,1
-1.2445960206796015E-4,0.017830997603238412,0,1
-8.338481802519584E-4,0.01810896263414139,0,1
-3.652814382167227E-4,0.015522842364854792,0,1
-6.187399167908599E-4,0.016372435413496807,0,1
-0.0010129298689840213,0.016926191626527212,0,1
-0.0015116031186187273,0.017611104694698256,0,1
-0.0010808437962392772,0.017986348164264584,0,1
-0.001167172662791164,0.017411636855120677,0,1
-0.0019071902393898465,0.016607535792337112,0,1
-0.0018927726451742066,0.01715776328476569,0,1
-6.662980587267418E-4,0.0164418075102404,0,1
-5.783808357794344E-4,0.016897933323047943,0,1
-0.001306311218016652,0.017719134593745953,0,1
-8.976970145887765E-4,0.017123969649387262,0,1
-5.700967040024546E-4,0.01732368690978043,0,1
-0.0031062666543343743,0.017813570901821188,0,1
-0.002014571294895577,0.01784916850540692,0,1
-4.947091330451399E-4,0.01738911091690065,0,1
-1.6081886887414862E-4,0.01770187532744047,0,1
-0.001191368744481713,0.01720145402480121,0,1
-8.480594935629064E-4,0.016104124612241845,0,1
-0.0014261369299290996,0.017413451713051625,0,1
6.245601153832525E-5,0.01844893022512087,0,1
-6.471310176632592E-4,0.016863143632872217,0,1
8.889547498863324E-4,0.017682814092844803,0,1
0.0023137738738047585,0.01569524751965415,0,1
-2.4022876744658677E-4,0.01801516572005116,0,1
-0.0015361830306019708,0.017869147873069483,0,1
2.9016860299817227E-4,0.01623760899503136,0,1
1.9012815766118578E-4,0.016074627977402663,0,1
-0.0017380763826804323,0.017389550526555244,0,1
-0.0016476317842175645,0.018381893585059664,0,1
-0.0014429324767700643,0.017951596971768943,0,1
-5.861691086926331E-4,0.017320901697275886,0,1
-1.542916784233468E-4,0.016492587505635342,0,1
-0.0015193409142906544,0.01844312823419417,0,1
-0.001361883190522546,0.017504791137412254,0,1
-1.0625715234334952E-4,0.018297249731860095,0,1
-9.545194806368369E-4,0.01742665873620351,0,1
-7.166533743353198E-4,0.01676297145011533,0,1
-0.0010379931399053211,0.018647341033912117,0,1
0.0019672293121364075,0.01617627951832591,0,1
1.0163165909318601E-4,0.01757634819727377,0,1
-0.0012910919292516581,0.015744833382001253,0,1
4.488961833438765E-4,0.019581840970600714,0,1
-0.0019133844908793532,0.01700418060069268,0,1
-0.0026170643369668113,0.014706795021200541,0,1
8.363810300629327E-4,0.013844406454627364,0,1
5.706262841418238E-4,0.01842483776431948,0,1
-0.001046902498256406,0.017026352246238045,0,1
-3.306634172036719E-4,0.018485899018472474,0,1
-0.0012709290108571026,0.017568508643254942,0,1
-0.001365290189556384,0.018734751433440642,0,1
-0.0013144208473142667,0.018246366269178783,0,1
-3.89985648885999E-4,0.018629109774992963,0,1
-2.773197971758571E-4,0.018019410511018297,0,1
-4.7472297761412833E-4,0.018122146981999293,0,1
-0.011761665142453798,0.01294028830904035,0,1
-0.011899687221676366,0.012008691154148661,0,1
-0.008593895340681721,0.014603170284198705,0,1
-0.012734340858314907,0.012209016624913905,0,1
-0.011872278551137686,0.013125335221401817,0,1
-0.012137790455279135,0.013119131338772645,0,1
-0.011231988848064662,0.014480415280330252,0,1
-0.012763361324515917,0.013874137874865012,0,1
-0.010895134636066239,0.014252500323812726,0,1
-0.01204701014543844,0.01607994271043047,0,1
-0.01161313815417828,0.013902484774292543,0,1
-0.010993135314342282,0.014898864307643478,0,1
-0.012029279236172162,0.01489689022340761,0,1
-0.010892281333944397,0.015020646241847195,0,1
-0.010969798806478715,0.014199103033324561,0,1
-0.009600214697952584,0.014709687998146651,0,1
-0.011157374214059738,0.015333855321583292,0,1
-0.013320648481941604,0.013348309064560627,0,1
-0.014370356223462891,0.011496583026476772,0,1
-0.011134818231367034,0.01298298845725833,0,1
-0.012906237740985827,0.012790955480067276,0,1
-0.01171533413769746,0.013543727979755359,0,1
-0.011435567270155697,0.014050055779336629,0,1
-0.010318428092918639,0.012744151976617733,0,1
-0.01167430140874707,0.013558815103987144,0,1
-0.00836529689255325,0.012426636424893563,0,1
-0.009885937556738694,0.014977569774282749,0,1
-0.010524588614943415,0.01365496517923096,0,1
-0.010420210254186962,0.015663643069619697,0,1
-0.011843075876095458,0.015626518347100143,0,1
-0.010304889690750219,0.016191041675730305,0,1
-0.010183541735079496,0.015022422853399723,0,1
-0.010212664409435643,0.014515053446137871,0,1
-0.012217669045498153,0.012202946654259982,0,1
-0.01378753748155585,0.012461210658305499,0,1
-0.011977362105216653,0.012286312891611278,0,1
-0.012886760210124483,0.012336739773826188,0,1
-0.010913532204992075,0.011900629558135086,0,1
-0.012131586784689442,0.012967005000073799,0,1
-0.012821861749413,0.014548448981009543,0,1
-0.012986379940201867,0.016133656343760672,0,1
-0.011892539940991563,0.015288654533608408,0,1
-0.011550821306821318,0.014056708289603367,0,1
-0.010628570750889342,0.014110955534882239,0,1
-0.01079912358623334,0.013643694972501293,0,1
-0.010465218517857216,0.014314410211573259,0,1
-0.010626120123746174,0.012476201755663854,0,1
-0.011302715892206631,0.015362439357406908,0,1
-0.012329279749300013,0.012818606357965273,0,1
-0.011601241376493541,0.012957810082699585,0,1
-0.012312576165442258,0.013192315146615303,0,1
-0.013069641030471204,0.015894224678234117,0,1
-0.0115042546048169,0.011804446080067562,0,1
-0.01179763311228266,0.01380524344968116,0,1
-0.012470504791249257,0.0138643349469883,0,1
-0.010693924496908765,0.012764025912381521,0,1
-0.011748775099843565,0.012897834619954387,0,1
-0.01093432366519883,0.014016943339026179,0,1
-0.010416724355325431,0.013732472248742685,0,1
-0.01072246414163663,0.014522928117108532,0,1
-0.010298000162297968,0.014367888914074246,0,1
-0.010068428124285057,0.015118359525536982,0,1
-0.010261099620488975,0.015716391614807524,0,1
-0.01532157042975769,0.01085211798669015,0,1
-0.013330911115039853,0.012037239983089478,0,1
-0.011679049190794764,0.011189098904134198,0,1
-0.01057152805088161,0.013008315001791745,0,1
-0.011350437442000141,0.01248518237011479,0,1
-0.011123745459662174,0.01366488967523096,0,1
-0.010338758184250094,0.013406544908023321,0,1
-0.01127472261134362,0.013837117597311347,0,1
-0.009489345338237027,0.013817384460258415,0,1
-0.011354040194398623,0.0142434116240614,0,1
-0.010056590216678448,0.012497339132394605,0,1
-0.013869494419364489,0.015749656356953502,0,1
-0.010952713993256124,0.013905116163503588,0,1
-0.012958835178544532,0.013940554429822933,0,1
-0.010457713314933243,0.014707247324977017,0,1
-0.012127618770030673,0.012680753541586669,0,1
-0.012051429651237445,0.012422942483679835,0,1
-0.01181875176138429,0.012770705364164227,0,1
-0.013068636093122005,0.012878254194146534,0,1
-0.011501618889666216,0.0133440471288987,0,1
-0.012497199179888528,0.013346760478369827,0,1
-0.01156879074927326,0.013119692875262502,0,1
-0.009931249275979347,0.01176801221600973,0,1
-0.010815223986641602,0.013703555451087531,0,1
-0.011288737191430184,0.012675040952245328,0,1
-0.010789069341381073,0.01371812971819938,0,1
-0.010249835923161251,0.013005719502247493,0,1
-0.010156492142999487,0.014052978330142725,0,1
-0.010003719837125426,0.014283959575350344,0,1
-0.011429236048781283,0.012682733187638183,0,1
-0.012025738353181839,0.013846686200023942,0,1
-0.011790947433481531,0.012788288368976468,0,1
-0.01226952117788511,0.013105485819554768,0,1
-0.010603135308358977,0.013747621831593575,0,1
-0.010126938568025603,0.01371530965810613,0,1
-0.010099101152489765,0.012846648369381538,0,1
-0.01073210068315238,0.013550472623289928,0,1
-0.010654235123183772,0.013732910043418266,0,1
-0.010838179838272002,0.012410582531681503,0,1
-0.010026723694229828,0.014248485309877676,0,1
-0.010842572381898676,0.014823604580967068,0,1
-0.009459759821531329,0.014303139474815211,0,1
-0.010109374321180678,0.011114626975899083,0,1
-0.012755171826637879,0.012204817591926381,0,1
-0.011438420596008208,0.011921082691382394,0,1
-0.010478209411817341,0.012942388782955852,0,1
-0.010373627070630838,0.010440012080443147,0,1
-0.011910261165088568,0.013643245785401745,0,1
-0.010581887837478817,0.014022179908698074,0,1
-0.010491088610393374,0.013495976751243631,0,1
-0.009433346729904783,0.013426243383722117,0,1
-0.010665012485682634,0.014480523159503034,0,1
-0.010339823673431036,0.013898784567619482,0,1
-0.010254168768527876,0.013896197548971225,0,1
-0.010691489938015757,0.014139408937768667,0,1
-0.011441436654861125,0.011584021669655059,0,1
-0.012159478101934252,0.011014685692364214,0,1
-0.013797339190107559,0.011946455666159279,0,1
-0.00943466323732016,0.012153154841345893,0,1
-0.010947441430044289,0.012788040224507672,0,1
-0.012183683334389106,0.013612959168285069,0,1
-0.011213297132030254,0.013952835445145712,0,1
-0.01066166689722992,0.013380872752751368,0,1
-0.010551564568437779,0.013399207037397559,0,1
-0.007813518359647557,0.014349416521698976,0,1
-0.011404452965337996,0.014743946279143612,0,1
-0.01055553912826558,0.015436329791055258,0,1
-0.009294263221184563,0.014230714048271222,0,1
-0.011850480592162807,0.011974480185488265,0,1
-0.011487344468549373,0.013314881920684725,0,1
-0.009659312025039566,0.01321110319436099,0,1
-0.011426804304318834,0.012865572044080568,0,1
-0.008949493558136509,0.013298048669167133,0,1
-0.010899301885771663,0.013101437615850838,0,1
-0.010033902088951791,0.016046039435369735,0,1
-0.011693808272406328,0.013479898557658842,0,1
-0.008410250675310598,0.01290558834955266,0,1
-0.010134610525604007,0.01452420786192037,0,1
-0.009180960575380042,0.013668125246878705,0,1
-0.011511510539525075,0.013767818378224434,0,1
-0.011767147183456159,0.013461292249685381,0,1
-0.010274288060296757,0.011818192961479373,0,1
-0.011508405315823301,0.012928394899869123,0,1
-0.012151084753543642,0.014628455823321942,0,1
-0.007781392952181516,0.01501665414520798,0,1
-0.009407130838673623,0.012998608239628609,0,1
-0.009086153451969576,0.01369537639729494,0,1
-0.009809881377811065,0.013045582290408817,0,1
-0.009784554144889145,0.012929705333878725,0,1
-0.010135159525872713,0.014422770621000438,0,1
-0.011495421315101968,0.01200860342940623,0,1
-0.011936067404432215,0.011759628677058053,0,1
-0.010682508169682381,0.01178815244331892,0,1
-0.011375333456323564,0.01243682943993203,0,1
-0.01079230904782134,0.012974510697982533,0,1
-0.010984073626574614,0.012930953308884215,0,1
-0.011741925412696651,0.0099738174792917,0,1
-0.010615460062088411,0.013078627219708552,0,1
-0.01055270365429391,0.013537351280542509,0,1
-0.011845293809782758,0.01487421498359964,0,1
-0.01159339376788915,0.015104376485345189,0,1
-0.009975264167681103,0.01369674891195685,0,1
-0.011532322845208609,0.011489365673548848,0,1
-0.011730438074988964,0.011718503169795228,0,1
-0.011713218476225746,0.013313114538742605,0,1
-0.0113269356934277,0.012094001237699246,0,1
-0.010692280707160062,0.012803375037176323,0,1
-0.011272735975048083,0.014937425355426675,0,1
-0.010347079325166925,0.01259075243865982,0,1
-0.009850937253099155,0.014330322104108445,0,1
-0.010283407967501969,0.013503821472603468,0,1
-0.010676823039133925,0.01324770328893549,0,1
-0.010284215994057336,0.014361970036412161,0,1
-0.010442687281884614,0.012532619399736574,0,1
-0.01101092607108939,0.012759792611186899,0,1
-0.012148288779979007,0.011658885246623747,0,1
-0.011395556660040449,0.013208767009403464,0,1
-0.011528698321698233,0.01348970994092337,0,1
-0.011680342477988328,0.012246933151185552,0,1
-0.010306559973519168,0.013243451690947596,0,1
-0.011062173230693714,0.012910403473502368,0,1
-0.009130836928680842,0.012345974670598031,0,1
-0.013499591150839225,0.012039641534268572,0,1
-0.010819220486596172,0.011643616071780062,0,1
-0.010971635613622657,0.012206624623234368,0,1
-0.010432364890855958,0.012961966817663281,0,1
-0.0102919577467002,0.012559009652059507,0,1
-0.009595288994366881,0.012960014372783962,0,1
-0.009869325223801892,0.01302188800798362,0,1
-0.009129282184991608,0.012967004243681102,0,1
-0.011668127637936758,0.010955381806260543,0,1
-0.009849532547637345,0.013293172970535063,0,1
-0.01085260892940191,0.012072520179421606,0,1
-0.011331116167832592,0.012766133975357051,0,1
-0.010092739022243101,0.011232002801858928,0,1
-0.01122142078544626,0.01252839520208621,0,1
-0.01181316528674569,0.013700454022926299,0,1
-0.009329720867570735,0.013496664622914614,0,1
-0.011085539005644508,0.012965330996758161,0,1
-0.012624543094044066,0.0107787001859312,0,1
-0.008940482068801962,0.01368439020249829,0,1
-0.00938502334575062,0.012385471385304318,0,1
-0.013951808121144028,0.009870117292243782,0,1
-0.012718772240603074,0.008755130307363228,0,1
-0.010547150393036107,0.012668537516328023,0,1
-0.009991798471491077,0.012798842484284421,0,1
-0.010176646679670411,0.013552073288703902,0,1
-0.009969406943961145,0.01207901531863086,0,1
-0.00986300407590952,0.013814460428334821,0,1
-0.009768907226877083,0.012793387478687331,0,1
-0.010550840859467997,0.011643134322629005,0,1
-0.007246409853114222,0.011083855227140824,0,1
-0.010478354112728523,0.01243951347840637,0,1
-0.010850984699667882,0.012466513330395099,0,1
-0.0102350817383102,0.011550859350146034,0,1
-0.010514755396402583,0.012858563290073765,0,1
-0.010572942175047088,0.012198852199435301,0,1
-0.009670548104813652,0.01308151128159132,0,1
-0.010866980453067072,0.01291283665915258,0,1
-0.011000091554860184,0.01187358436219075,0,1
-0.011577845670693499,0.013159593200273363,0,1
-0.007256842930792943,0.012783653396753854,0,1
-0.01039570271693898,0.012612976937733117,0,1
-0.009825722968576995,0.012523211090586808,0,1
-0.009368965107749927,0.013340539075018858,0,1
-0.010271286256464526,0.011906407990648916,0,1
-0.01042214713905453,0.012959359394849355,0,1
-0.010526887145636247,0.012480849071556315,0,1
-0.01019701264105062,0.011937776887662758,0,1
-0.010700069386265054,0.012089570902966494,0,1
-0.010792157542570202,0.009655479476952333,0,1
-0.01001485690620734,0.012444466954429743,0,1
-0.009402175079916069,0.012910392019784781,0,1
-0.010427618184361744,0.012015240697241202,0,1
-0.009345860247320821,0.011846147184151685,0,1
-0.010968336289442576,0.012089433887166306,0,1
-0.010527874438565493,0.013253493767553984,0,1
-0.007997149552656662,0.010397383802010367,0,1
-0.008637649651676165,0.013079321837115193,0,1
-0.009147225146603311,0.012616962547336075,0,1
-0.010285715569623875,0.012598732110729025,0,1
-0.011214411311716055,0.011174423017842152,0,1
-0.010620978112760578,0.013274458620466523,0,1
-0.010673384490955404,0.013440275937556673,0,1
-0.009667980683632015,0.011686586763612576,0,1
-0.006748477013309024,0.011084713259274211,0,1
-0.011464348815625079,0.011323382513577403,0,1
-0.011363532249477297,0.01267395506613056,0,1
-0.011277203708906452,0.013854831159180661,0,1
-0.009924861263436838,0.012480468140587859,0,1
-0.008863996384697244,0.01282964146242455,0,1
-0.009909813002129219,0.011668563764427127,0,1
-0.011641779922139472,0.015516223483248562,0,1
-0.008551035585451845,0.0102056599907459,0,1
-0.01034830331492671,0.011790851811207367,0,1
-0.009357987319838224,0.012861938942431093,0,1
-0.0098841386493559,0.011428799185256324,0,1
-0.01023289564017734,0.012144011621013313,0,1
-0.010915488708059605,0.01593124325340145,0,1
-0.008783096143394883,0.013096227430320927,0,1
-0.008424677207555593,0.013091521329679124,0,1
-0.011180086410368224,0.011471453581946019,0,1
-0.010679364072478355,0.012525424155781398,0,1
-0.011139179429111072,0.011370505392160026,0,1
-0.010049539650429644,0.013159698615220414,0,1
-0.010113162539462345,0.011755011047736352,0,1
-0.009719274318863083,0.011413116614282522,0,1
-0.009322009390421384,0.012563122678372103,0,1
-0.00769568240303288,0.012337940348419315,0,1
-0.008944512130149008,0.012375893903769706,0,1
-0.00907284945574343,0.011823433540756155,0,1
-0.009525698570897478,0.011740070499294908,0,1
-0.0084256173668557,0.011898558346760086,0,1
-0.009628968652381466,0.012086030710547875,0,1
-0.009099247261041133,0.010791718828557508,0,1
-0.010362878588494839,0.01068161253994129,0,1
-0.010455270706107205,0.012556670440712884,0,1
-0.010447703919337007,0.010867100233972776,0,1
-0.009224894934299531,0.011437456100498431,0,1
-0.009040072410517101,0.011238551299704195,0,1
-0.006604192430990233,0.013210894181765903,0,1
-0.0071253101962773105,0.013424940852385901,0,1
-0.00898054786560663,0.013355573088318515,0,1
-0.006758266932783444,0.013117591177806321,0,1
-0.009565518504732832,0.012944901678805111,0,1
-0.004652088217947542,0.015027683025516393,0,1
-0.008283404035576047,0.01361095569177978,0,1
-0.008551512213565836,0.01511016372699397,0,1
-0.007940394660602479,0.013868648158458377,0,1
-0.010998381880181558,0.013034018326107006,0,1
-0.008579333392813167,0.013842034377300956,0,1
-0.009827168600780352,0.015439608913473304,0,1
-0.008407446527472958,0.01590883405970601,0,1
-0.007852991294484869,0.014356400321633801,0,1
-0.009705514158848915,0.014601285018453494,0,1
-0.007823918163898642,0.012734485870302395,0,1
-0.007531298026494114,0.014652562099264122,0,1
-0.007719862228037667,0.013825047228755202,0,1
-0.007671328262445097,0.013648008017756877,0,1
-0.0041608395617235925,0.014387001805115774,0,1
-0.007782779569163898,0.014181158872647582,0,1
-0.00914394683590634,0.01494338829400336,0,1
-0.008573018806991456,0.014684455441981369,0,1
-0.00848018939102699,0.014539284679527836,0,1
-0.009434771116947745,0.015608085218436702,0,1
-0.009393121888420458,0.013638483738896801,0,1
-0.010000005683194453,0.014766479913815089,0,1
-0.008260356157655146,0.014179384750811092,0,1
-0.00975651895038163,0.01492786190824093,0,1
-0.004389032939511551,0.014526597882515303,0,1
-0.007113315875312293,0.014048087448222535,0,1
-0.007457229926124037,0.014956357544754209,0,1
-0.007443085426380091,0.014113836487425176,0,1
-0.011514844748804254,0.015560215285206049,0,1
-0.004814511124664305,0.01336300803506998,0,1
-0.005504635261082122,0.013281572093764462,0,1
-0.008643838938685163,0.014209890643301226,0,1
-0.006142372338349496,0.01287476645753462,0,1
-0.008925720144329534,0.014352458857262489,0,1
-0.007739478352220515,0.01470918805689155,0,1
-0.009157120887078941,0.014080232379591424,0,1
-0.0076893787725801225,0.016104977254910332,0,1
-0.011338838022163266,0.01466724199256711,0,1
-0.007391890322730591,0.013709999599321124,0,1
-0.007382837021430294,0.01424412849456581,0,1
-0.007824592019912929,0.01465432863381092,0,1
-0.007925705941591175,0.014045253336497962,0,1
-0.009448798400921578,0.014271167224953356,0,1
-0.005371550804785585,0.012035346921360284,0,1
-0.008776106341766884,0.015270545226888501,0,1
-0.007000327216498397,0.014993647065123081,0,1
-0.009353896765884632,0.015404329963468577,0,1
-0.010227149196027496,0.01704644296600439,0,1
-0.008614768758970145,0.015058339066937652,0,1
-0.009022044971130993,0.014839310991547434,0,1
-0.010094833696972986,0.014325717567454878,0,1
-0.006496773711759041,0.014016994610258737,0,1
-0.00830134575527037,0.012080644763504109,0,1
-0.0038916586058285138,0.013137385486690686,0,1
-0.008119245137962172,0.01496655980396636,0,1
-0.007482958596371077,0.01542348492121123,0,1
-0.007897734908891977,0.013889235752523953,0,1
-0.007969991338782718,0.014732924789723304,0,1
-0.007238067077035135,0.015399485917387686,0,1
-0.00877855134177891,0.015399996618985189,0,1
-0.009456035609303708,0.01576323376068654,0,1
-0.009410842721831259,0.01566649539899316,0,1
-0.008904779004383067,0.014460827552576496,0,1
-0.010819556768347095,0.014396745889602533,0,1
-0.007260487825868489,0.014252335312557178,0,1
-0.007652669432778429,0.012920876938786246,0,1
-0.007780498962172944,0.015502274265297442,0,1
-0.008350157936022009,0.013398067282849355,0,1
-0.007766098181786058,0.014827334514123587,0,1
-0.009004226574006556,0.015358896946179281,0,1
-0.007324376804517931,0.01465126900047248,0,1
-0.007641800839059269,0.016439645150947906,0,1
-0.010830654569063645,0.014606781910233997,0,1
-0.008586599559347853,0.014892147672746216,0,1
-0.010309406698121554,0.012383042630800863,0,1
-0.009207742193181037,0.014755584059301649,0,1
-0.007950304980798555,0.015265144440819693,0,1
-0.0072783510854018555,0.014254589926786168,0,1
-0.008906481374608869,0.013809150937589089,0,1
-0.00921409335436378,0.01405817314958017,0,1
-0.008240927970009766,0.01435796966252084,0,1
-0.007387378543827461,0.01490790401660163,0,1
-0.008174552940251108,0.01457781986089335,0,1
-0.00839092108058781,0.014738871799840016,0,1
-0.008655774759718618,0.013451727614248241,0,1
-0.008669783088172504,0.014807237564649118,0,1
-0.009652180133509118,0.015004614294460145,0,1
-0.007880172174864978,0.01533854657247224,0,1
-0.006751291785693493,0.015738413439831758,0,1
-0.0069019960993408815,0.017006878185018892,0,1
-0.0069574974279488664,0.014698118945603682,0,1
-0.005730068999743647,0.014270758668950426,0,1
-0.008857842567166149,0.014427938732769399,0,1
-0.0075017109146219944,0.015306548492951981,0,1
-0.008144589411524248,0.016000230934920322,0,1
-0.008064071269690857,0.014450936051361402,0,1
-0.008423520026766839,0.015266794798132866,0,1
-0.008547897323241595,0.015461257745914317,0,1
-0.008428217323119037,0.015043698300256182,0,1
-0.010634306825892446,0.016881531185472164,0,1
-0.006275192502026042,0.014621276314042742,0,1
-0.007252701445091247,0.014355509680863712,0,1
-0.007915522322670225,0.014715468189900048,0,1
-0.007315185929738416,0.014067363801779186,0,1
-0.010428567217833565,0.015092424758022954,0,1
-0.007451434204699287,0.014996091670128803,0,1
-0.007067761541958379,0.013519579039876913,0,1
-0.00942606004984747,0.014133576864896724,0,1
-0.006862727535340032,0.01431460911077492,0,1
-0.009177722280867578,0.014509492659798139,0,1
-0.007838926199913684,0.015863777149081083,0,1
-0.006468681766256218,0.012826814245657113,0,1
-0.005611481768998269,0.016261047694169313,0,1
-0.007916554448448902,0.014136577157515139,0,1
-0.007886237958284872,0.015065783653053126,0,1
-0.008325666449484482,0.014118486524912289,0,1
-0.008515952971767155,0.011201631306443726,0,1
-0.0071670563783705725,0.016754004290358806,0,1
-0.009330393446323502,0.014942720062001102,0,1
-0.009313076206040478,0.015076770954388216,0,1
-0.010000108220917322,0.013845397730986217,0,1
-0.005310151240023578,0.011930313675770854,0,1
-0.007750131989284961,0.014920275023910703,0,1
-0.006489520503563557,0.014639598868693128,0,1
-0.006923925766824549,0.013981605942834308,0,1
-0.00809770321115673,0.014824287764547042,0,1
-0.0077681320425878496,0.015088965136462261,0,1
-0.010371917073192578,0.01310300300089272,0,1
-0.007288698683442167,0.01482258814759921,0,1
-0.009813036693813375,0.015792814885697972,0,1
-0.008144715554594591,0.014926878728260623,0,1
-0.006862781399881176,0.012599438277273153,0,1
-0.007366641350559982,0.01460977528325055,0,1
-0.007213138427864338,0.014732987709987105,0,1
-0.007054830388291419,0.014091924017263042,0,1
-0.007962596249249302,0.014534712566595182,0,1
-0.006819678237599868,0.01576961039953892,0,1
-0.00814974544832974,0.015204365127192865,0,1
-0.008971753666087675,0.014758258763451009,0,1
-0.007990566065107048,0.015195002587902804,0,1
-0.008533935530778908,0.016342512360038773,0,1
-0.006614623756904158,0.014285123186355955,0,1
-0.0066328473481794,0.015128928578841464,0,1
-0.009709756674374369,0.015277544321033077,0,1
-0.007000306257644329,0.015424163214762341,0,1
-0.007584198084262833,0.015418323533243935,0,1
-0.00816468287670766,0.015203971069039236,0,1
-0.008439976670142318,0.015444420109663034,0,1
-0.010678454219356369,0.017581307552343384,0,1
-0.00936864360857133,0.01494422600583164,0,1
-0.006525543433822145,0.015145389836553495,0,1
-0.007241232697918319,0.014874522765931781,0,1
-0.008746090413975735,0.012897585798124188,0,1
-0.007806459351238635,0.01519814736694849,0,1
-0.0063751744322409955,0.014173959178973218,0,1
-0.008472535318793396,0.015655943577479223,0,1
-0.008422544220000895,0.015600917022078359,0,1
-0.009162407130504938,0.015674382095222133,0,1
-0.006209243750692864,0.01454119777069276,0,1
-0.008372219836432186,0.017156234799416248,0,1
-0.008472088896420416,0.014954425334909148,0,1
-0.008735033110588368,0.015600962551716604,0,1
-0.00745391290488664,0.014005128840365144,0,1
-0.008438117702302971,0.014521325624279536,0,1
-0.008162206804140737,0.015675429558473106,0,1
-0.008671698951334779,0.015245657981361824,0,1
-0.00860841396572295,0.016403476875011765,0,1
-0.007886574848390417,0.014536509738379852,0,1
-0.006829128440886924,0.01396100238799558,0,1
-0.007014893632347506,0.015061818303630035,0,1
-0.007398200024931197,0.016233482847920335,0,1
-0.007366896804022411,0.016136613680923118,0,1
-0.0076621944685301025,0.015293049933223654,0,1
-0.0069476194040744,0.016042113314201002,0,1
-0.006379455535821781,0.016478962320734643,0,1
-0.006874725530119346,0.015534498077177928,0,1
-0.00729483175015015,0.015304646328853444,0,1
-0.008150394158500163,0.016315722569415426,0,1
-0.007294160453381938,0.015444156070377763,0,1
-0.008107333173895729,0.015864471157727697,0,1
-0.008050304569879083,0.0174230253553069,0,1
-0.006912973928637941,0.01565906417251274,0,1
-0.00831637155914352,0.013493997485899793,0,1
-0.007498546191596078,0.015459704783780613,0,1
-0.007429718995276384,0.015390144065570032,0,1
-0.008030765631254008,0.014199395355352152,0,1
-0.007533807071762565,0.01504661234200499,0,1
-0.008446874315361896,0.016607494145340913,0,1
-0.007465592319307952,0.015354231766485921,0,1
-0.004882485770169479,0.013279144716321164,0,1
-0.007410581005979281,0.01531481010702879,0,1
-0.00825230108548472,0.01538990124126676,0,1
-0.006656356762406128,0.016531260969497998,0,1
-0.007270910258898716,0.01684300236370623,0,1
-0.0077259168957983,0.01622744536382081,0,1
-0.008662673193826598,0.014133292736758212,0,1
-0.00735234403657378,0.016393303553077575,0,1
-0.007533781769270695,0.014322994725745388,0,1
-0.007993087194748621,0.01626067273428994,0,1
-0.0085927737406239,0.01583739711810974,0,1
-0.007004035564258418,0.01215326073165367,0,1
-0.00795176531241511,0.01945580736951629,0,1
-0.008864392662219648,0.016054637033419528,0,1
-0.008115363792030083,0.015298725332254152,0,1
-0.006933764404126646,0.016805967631137494,0,1
-0.007627491617861232,0.016896468243809155,0,1
-0.006545181095864269,0.015599906941287147,0,1
-0.008305130702014609,0.015216341371553293,0,1
-0.008126934248444486,0.01547497992025761,0,1
-0.007887923712970717,0.017202873278352248,0,1
-0.0071339354396149236,0.015767874876728115,0,1
-0.007340134159393602,0.015399443247494038,0,1
-0.007595905736044516,0.01588635700723378,0,1
-0.009303885746651445,0.015904780719830848,0,1
-0.00714575480424895,0.017921806226661383,0,1
-0.008751512703271605,0.016722554285588283,0,1
-0.00848831678558849,0.01694201943260078,0,1
-0.00635521494271509,0.016099869189634967,0,1
-0.0073210422682845906,0.015954959123359116,0,1
-0.0067336990742492015,0.015815730349718442,0,1
-0.0074162555532125045,0.015329417444910549,0,1
-0.007467048720954618,0.0163321578791914,0,1
-0.006898786942998508,0.015366697929561995,0,1
-0.006071519103380351,0.01594834225040289,0,1
-0.007362916261802347,0.01774287761743152,0,1
-0.00611047179377285,0.01670471738540253,0,1
-0.007074766737554708,0.016153853723755277,0,1
-0.007275127694316229,0.016528868211055876,0,1
-0.006881430065351201,0.016278202104342415,0,1
-0.008966439858222262,0.01648404493867732,0,1
-0.006614955642228018,0.016486531260393355,0,1
-0.0063672654060494,0.015538048346484503,0,1
-0.0057464519560241675,0.016248732982983252,0,1
0.010235785618974208,0.01505641468174116,0,1
0.00837439738112895,0.014763534662183612,0,1
0.009168746711599224,0.014988680383321674,0,1
0.010032851334489971,0.01412662725202073,0,1
0.009469519357220652,0.014555848156690632,0,1
0.007708733642959421,0.011787180211546028,0,1
0.008978610052666583,0.012298449063053751,0,1
0.008341474127240157,0.014924414357572644,0,1
0.008532719204898872,0.014358133170935995,0,1
0.00890130997072485,0.012701110932173073,0,1
0.008857466179234275,0.013104926473389811,0,1
0.007903266882694354,0.013740849167120112,0,1
0.007683406538576533,0.013444802266084016,0,1
0.008175267522725835,0.012573142823506623,0,1
0.006521292513249832,0.013504979992539575,0,1
0.009106795770145677,0.014174015422428519,0,1
0.007656033925272679,0.013106089322827271,0,1
0.008465494164871551,0.014317705841177478,0,1
0.00966948291918681,0.015158121694854166,0,1
0.009413346955341854,0.014449470862748583,0,1
0.010761153866210401,0.01439123610954248,0,1
0.01107247127151377,0.01751994683330996,0,1
0.009569016557381927,0.013809629031074697,0,1
0.009149725080813074,0.013668234139768188,0,1
0.008945144179873507,0.01479832288827989,0,1
0.008349284373374276,0.013557073230292167,0,1
0.007845423963810135,0.013235203071987304,0,1
0.00850732444266293,0.014237985773173381,0,1
0.005533262984924877,0.011810405384927026,0,1
0.007658682273791834,0.01435676726166993,0,1
0.007565966395562402,0.013378920591143323,0,1
0.008393840888466876,0.013184315371211347,0,1
0.007246508388395164,0.01367069236815779,0,1
0.01048126277038261,0.014884205399650758,0,1
0.00950384282742597,0.01496063624418397,0,1
0.009579406919450141,0.01455911992297203,0,1
0.00891818199289004,0.014485728865873562,0,1
0.010274882812365686,0.01433971445187999,0,1
0.010981801337728303,0.015432019414259328,0,1
0.009503164530868517,0.013127835040493044,0,1
0.006926739731528927,0.01637884610862711,0,1
0.008206319753223591,0.01395690087520609,0,1
0.010455353504237173,0.017281231202925604,0,1
0.01122931900508941,0.015651967995631556,0,1
0.008052770208294716,0.013981072844988044,0,1
0.007622949466127262,0.01552139560266967,0,1
0.006745067302713344,0.011867373681972522,0,1
0.008461487905079291,0.010635193653995973,0,1
0.009936892708968307,0.01605852451196199,0,1
0.009590551940481624,0.01455061032810024,0,1
0.009827201353422441,0.015263801130427156,0,1
0.011491360892023019,0.017326349103052686,0,1
0.01091034641995511,0.01298592699251447,0,1
0.008483926670068021,0.013134744583546788,0,1
0.0066687375289866055,0.013449954061729177,0,1
0.010743901251824726,0.017011013528468323,0,1
0.007853976071045023,0.014054195129100363,0,1
0.008941961685472958,0.012673031022545028,0,1
0.005398970617449621,0.015025373540222884,0,1
0.007667539115278593,0.013776401966341147,0,1
0.007949062470838502,0.013674491653229578,0,1
0.007050436356732396,0.01356644254692462,0,1
0.007673764127360287,0.012954691218814759,0,1
0.009276550784223967,0.015120442363347052,0,1
0.008816437663854634,0.014339888815274003,0,1
0.008791131789623674,0.013337011574189815,0,1
0.008425076087288309,0.01264981371485617,0,1
0.008863730398638938,0.014638764756022696,0,1
0.009610231224789573,0.01379330458512424,0,1
0.006092786231823913,0.011601865358275816,0,1
0.008493966225454513,0.014607585796905836,0,1
0.007717914390470803,0.013097674247649245,0,1
0.0078106125628842095,0.014502072436063499,0,1
0.00885136151473766,0.014800164091557147,0,1
0.007498395059280809,0.012714272721459512,0,1
0.007323103459953908,0.013692061152577751,0,1
0.006942836973564082,0.01335170777567803,0,1
0.010859745676833676,0.015018734072102117,0,1
0.010201204375223576,0.014737783870493596,0,1
0.006812579379218139,0.013753170814241402,0,1
0.009041815622730409,0.014456076859688251,0,1
0.008999382442565072,0.014358189491294528,0,1
0.00822286656657268,0.015267976328662048,0,1
0.008494519428423554,0.014425055909077552,0,1
0.008243527058176615,0.014598824748497689,0,1
0.007512652877795588,0.013964271888615857,0,1
0.007079690701323939,0.014388639514371134,0,1
0.007143705414982572,0.013615715672669006,0,1
0.008178345725248101,0.013265003112063573,0,1
0.00753546034088706,0.015044400237693102,0,1
0.006537909882134007,0.012395082122350673,0,1
0.00926590244999229,0.015313620744100026,0,1
0.00949658931857692,0.015581109355522711,0,1
0.012349386124472197,0.01372669736293173,0,1
0.008843804437913159,0.014567721707643944,0,1
0.009057636275948232,0.011701227648991078,0,1
0.00903157109299675,0.013853952827274382,0,1
0.008220402333992835,0.013946334672841206,0,1
0.005279572630715219,0.015694858878412862,0,1
0.007954916954382961,0.013794853325805996,0,1
0.008417341633220358,0.0131273466627147,0,1
0.008551480426450526,0.012366766260900969,0,1
0.007470553072322342,0.01425675582119201,0,1
0.005918878409638987,0.015935366883587265,0,1
0.008190842994228838,0.016200960401094578,0,1
0.009168497042778835,0.015309149808383816,0,1
0.00939918502830875,0.013632671468331284,0,1
0.008261534204494051,0.014148887940852057,0,1
0.008622881354271295,0.015192042120368099,0,1
0.008852423005342357,0.01446263482218259,0,1
0.008571324230137857,0.015709180056847905,0,1
0.009065318357452236,0.014190369537851914,0,1
0.0076137014888230485,0.012411784691066644,0,1
0.007645502668111943,0.014269089785851756,0,1
0.007771605600009002,0.015703247429630002,0,1
0.006920516512301088,0.013731368938511882,0,1
0.005434044384507534,0.01294287046298096,0,1
0.009249034220399617,0.015332495454874567,0,1
0.008790518318127735,0.015424295452456792,0,1
0.00846388601662717,0.015148679863390161,0,1
0.008569280833641137,0.014975237826704159,0,1
0.007998425229457899,0.014853517990886776,0,1
0.006377318331805224,0.016034696168580862,0,1
0.006427466136479298,0.01284049492171577,0,1
0.008481559310467181,0.014754132793965603,0,1
0.007724033906673916,0.01193394856190244,0,1
0.006808749605917683,0.01484542077205359,0,1
0.007846156087658969,0.014761972240238983,0,1
0.010384162806777687,0.013636098888702118,0,1
0.0039482149498797576,0.01194496946095953,0,1
0.010146574537470754,0.014594113370623918,0,1
0.007493241427588318,0.016085137588799397,0,1
0.008565969541386467,0.015019959446994144,0,1
0.008842345543347101,0.014330516547374612,0,1
0.00959890562617664,0.015062924638697283,0,1
0.011029848765899328,0.015300859597858232,0,1
0.006594320328668214,0.014538791738914026,0,1
0.005656062145788111,0.014887053136894705,0,1
0.008735405359098109,0.015615708877543145,0,1
0.00771748657123316,0.0148907596160966,0,1
0.006984997330011397,0.014142440709973881,0,1
0.007214080837745944,0.014039135345443475,0,1
0.008835436465173827,0.01538754490133022,0,1
0.009537551745893096,0.014602448905829889,0,1
0.008949388927633029,0.015179228425525364,0,1
0.009962658778273948,0.014174672216461574,0,1
0.008327621832878492,0.013885711371009036,0,1
0.007392091926706519,0.014042691605328747,0,1
0.007658038601965838,0.014701697283362458,0,1
0.008375528817273421,0.01518566147331333,0,1
0.007373478700109024,0.014214730185737896,0,1
0.008238623659072714,0.013481065349662695,0,1
0.006867425402057414,0.013772578326048935,0,1
0.00879583127500731,0.015988399523341384,0,1
0.009897980582362739,0.016523881654605152,0,1
0.007985966919338852,0.015309684136045467,0,1
0.009434024874387575,0.016879631827291398,0,1
0.007643245528056732,0.015047535885852491,0,1
0.007894656384108493,0.014886388119234891,0,1
0.00765425372540188,0.015972022413598307,0,1
0.007912295441731056,0.014119119794297136,0,1
0.007496989623246845,0.014426135503459336,0,1
0.007926374565008614,0.015138194791344553,0,1
0.006513394112916217,0.016411027962225284,0,1
0.008187118178223924,0.015797211451035752,0,1
0.00924750270637749,0.015435333844170031,0,1
0.009034163244517236,0.015790608393870507,0,1
0.007773308915968742,0.018377445489633045,0,1
0.0068277696995601295,0.01777459573923924,0,1
0.00689125754538676,0.015330932612792416,0,1
0.006499194226085198,0.014532093488163231,0,1
0.00812187983852932,0.014856190379080383,0,1
0.0065270079827609165,0.013887585315978826,0,1
0.008212004564805793,0.014293935891127936,0,1
0.007029787132716424,0.015308451964061198,0,1
0.007753112474521598,0.015826310251514552,0,1
0.00899908051937047,0.014239991663705528,0,1
0.008177907343707462,0.016466914593944455,0,1
0.007749097120711623,0.015008706012936884,0,1
0.007544724023626914,0.015456566511314617,0,1
0.008708024572562287,0.014163242330664405,0,1
0.007268627891706885,0.014801656824289551,0,1
0.007377270803564824,0.01480960446795801,0,1
0.0065750539262559365,0.015040360870955153,0,1
0.007471633310741327,0.0161807514541962,0,1
0.008609002211558596,0.015737040524329744,0,1
0.008536589326957635,0.01583306677997496,0,1
0.008653049638872534,0.01571373302046318,0,1
0.009646309925180077,0.016787479929935154,0,1
0.007384177175441187,0.015572399471591484,0,1
0.007931851717921108,0.014928746740869163,0,1
0.007497588550448868,0.014735456809424712,0,1
0.010223904795412863,0.015338559304173254,0,1
0.0074934031909488965,0.014891933122922507,0,1
0.0096629066369633,0.016557879486477585,0,1
0.00775925494094821,0.015554927593514702,0,1
0.00962746947452222,0.016277605742173736,0,1
0.008461523923111102,0.015906023969895704,0,1
0.007663982953079617,0.012265753711484497,0,1
0.0071186976722102955,0.015256395253681667,0,1
0.006927496370731755,0.014775195430647493,0,1
0.006978233179470162,0.016419922616316543,0,1
0.006951314484113394,0.014761696234147678,0,1
0.008388129386175648,0.015212094346665433,0,1
0.007897067674311841,0.014877835063083699,0,1
0.008904598651448305,0.017292032483955878,0,1
0.006151602889599713,0.014158303482416375,0,1
0.005452680492380665,0.013985850334039006,0,1
0.008006489998621698,0.015917450667864683,0,1
0.006671071413317231,0.015693717873561344,0,1
0.007246715782359009,0.013878987773116918,0,1
0.008000342304206362,0.014565142709769706,0,1
0.008706887610892172,0.016218235298576206,0,1
0.008331310165653721,0.015332496751152664,0,1
0.007641686704519587,0.014397241507201047,0,1
0.0076670436969758496,0.015309426901173913,0,1
0.007373347013238213,0.015182152236758065,0,1
0.007622050983051212,0.015205835844554516,0,1
0.006880311149959358,0.015087389657873216,0,1
0.007973652234864074,0.015446238735863546,0,1
0.008285186790620833,0.015862552312304736,0,1
0.008473551266416902,0.015534865078514981,0,1
0.007497993061579846,0.015705693297399834,0,1
0.00514999917589436,0.01875596267894487,0,1
0.007032758236922446,0.014953414237537007,0,1
0.007460821712275119,0.015048043292849155,0,1
0.00704630413435059,0.015275971961083993,0,1
0.008407033948020538,0.015242888253209703,0,1
0.007991478913050262,0.01682952128614959,0,1
0.007380335141031588,0.015438938005105448,0,1
0.00803750463201422,0.01518702508017608,0,1
0.006421842253143315,0.016385691818395214,0,1
0.0075727998756941715,0.014881651899592034,0,1
0.007093541420975923,0.016032873680302942,0,1
0.007959618051887132,0.015672029104071197,0,1
0.008159441585138514,0.016200194522928372,0,1
0.007804629441603132,0.01563575809828273,0,1
0.008028819261740941,0.015027008111498933,0,1
0.008141297329717483,0.015331545983320427,0,1
0.007137002712748372,0.015238057824855626,0,1
0.005415118523591856,0.01471800138023502,0,1
0.007852135979150595,0.015976905049287275,0,1
0.0068327354486606385,0.015922311226213143,0,1
0.0076804727429858055,0.015716645664607756,0,1
0.00660435325683935,0.015074002983660219,0,1
0.007537228018197011,0.015989630005203474,0,1
0.007854751399751912,0.01573309472403428,0,1
0.008194917351320535,0.015088163001255976,0,1
0.009158949039014567,0.01562216799139759,0,1
0.004662402080649269,0.01700360786494534,0,1
0.005855419898319094,0.013061844665711374,0,1
0.006470768094342802,0.016751157853064292,0,1
0.007906536043780797,0.01514751864983426,0,1
0.006613844139715169,0.01601823863391363,0,1
0.007924586107539511,0.01514430818205066,0,1
0.007224874205200852,0.01567087241375324,0,1
0.005187421250030337,0.01428432831022647,0,1
0.008225027949995316,0.01673070181273336,0,1
0.007945237586234936,0.015705805651109007,0,1
0.0077861931109535635,0.0157688194104717,0,1
0.007241824906110965,0.01530985686116821,0,1
0.007008614512627729,0.015566134318707497,0,1
0.009849497925416516,0.017938497677362976,0,1
0.00642672612562659,0.019622436347172582,0,1
0.004159550110285021,0.014996316098265529,0,1
0.007942821251003318,0.016903943932210154,0,1
0.007415047805980358,0.01509790100822245,0,1
0.00991763387587007,0.016369602144022367,0,1
0.0063298528617035995,0.01614311010861824,0,1
0.004431914422906542,0.0175060881421343,0,1
0.007361118090542714,0.015734962755922968,0,1
0.00714222867576587,0.01613061879011838,0,1
0.007763184036327342,0.013407719659468683,0,1
0.009522911947378225,0.017018301035047464,0,1
0.00812819840313644,0.015252772562002612,0,1
0.006226559294452923,0.016557756922852655,0,1
0.007486906282391768,0.016916232926485024,0,1
0.006284250153005626,0.01595716643208535,0,1
0.006953294526834516,0.01668816745731743,0,1
0.007501413877712839,0.01676684182224997,0,1
0.008628979101070997,0.01649808241150209,0,1
0.004373510174265846,0.01805857225079165,0,1
0.006078673524883933,0.017354400099913236,0,1
0.003230421909267543,0.017083447995143764,0,1
0.003648644662006571,0.016606500078214726,0,1
0.0028911860159462313,0.01583006455388771,0,1
0.0030528745686426344,0.016264056678716377,0,1
0.0026947948918158984,0.0161751997142634,0,1
0.0017734208419601476,0.017278724537757053,0,1
0.0036169213900977366,0.01660956772801189,0,1
0.0032695446563054415,0.01508309120949334,0,1
1.7224712777472143E-4,0.013594537475327663,0,1
0.0016985967655517482,0.015544928440012535,0,1
0.0015048646403295163,0.013961386166288758,0,1
0.002058573769900968,0.015184707912042152,0,1
0.002603570663425839,0.016126390666038944,0,1
-3.390808373693232E-4,0.015769467727572723,0,1
0.0015626759084607206,0.015105698037392645,0,1
0.0032516997438287857,0.017447131691039765,0,1
0.001148389218173421,0.01700986829181979,0,1
0.005378582301985777,0.016616835199512032,0,1
4.8772111649226726E-4,0.017672856353247685,0,1
0.0018447535707186242,0.017459171449707538,0,1
0.00223265586173087,0.01604699940279,0,1
0.002671182502219916,0.01625005547121088,0,1
0.0023235745939786906,0.016925500464651484,0,1
0.0015317282536677311,0.015192655140027352,0,1
3.8024174977121855E-4,0.016166387099618044,0,1
0.0020985120943289096,0.01552158050014713,0,1
0.0010558857446119625,0.016324461395743214,0,1
7.138865294237512E-4,0.012500261399475167,0,1
0.002660581084002127,0.015521203576224734,0,1
0.0021535988437024253,0.014772268528544916,0,1
0.002250117964955428,0.01549960044702601,0,1
0.0031123627642542302,0.01754682499567283,0,1
0.0032214195982952745,0.01746991729683792,0,1
0.003512833626696001,0.0171980861410811,0,1
0.0028331317790296507,0.016138536869887372,0,1
0.002800949505761382,0.01693071324043329,0,1
0.002440845525562677,0.01658067922669096,0,1
0.0028536103685104816,0.018102080909410612,0,1
0.002545170386810363,0.01655522419936551,0,1
0.0025863056440832777,0.0155168147354532,0,1
0.0021993572247645684,0.0159080171991742,0,1
0.0028067981073509204,0.015440463545622814,0,1
0.0017660685561872998,0.014175514941251709,0,1
0.0014441436674814752,0.014244188542674422,0,1
0.001683109427535819,0.015416396343328137,0,1
0.002699405123238471,0.015445519498821421,0,1
0.004419944146520726,0.01487455113073753,0,1
0.0032134618130955565,0.017597195860681536,0,1
0.001404531477684093,0.017982502213163606,0,1
0.004534339996145686,0.016378936429334794,0,1
0.003996770767905468,0.017585859973192616,0,1
0.004566892386829481,0.0195428028396402,0,1
0.002208218464997727,0.017067379166959197,0,1
0.0022254619920913186,0.01636624050225793,0,1
0.0016876881309055211,0.01616278317691179,0,1
0.002174111848127458,0.016127843190016467,0,1
0.002137491336604957,0.017318545976185977,0,1
0.0013008890338649232,0.016373923445813156,0,1
0.0017640507248974319,0.015503100547327092,0,1
0.0018277199938434288,0.015262800010653083,0,1
-0.0013768532078700865,0.013652529354566527,0,1
0.0024545024581044063,0.015609066434976872,0,1
0.002754675123946692,0.018646358736536882,0,1
0.0017495210889082922,0.017316561776950026,0,1
0.0035141150950175723,0.01900485714994885,0,1
0.0038142881431406333,0.01925937790636374,0,1
0.0029983810695173394,0.01735790112165117,0,1
0.002565800319142371,0.017985310958043333,0,1
0.002429604068564863,0.015702406547615955,0,1
0.0022361502708197136,0.017291599615239527,0,1
0.001447842761248468,0.015225356611268476,0,1
0.003706919386899702,0.0178515795811449,0,1
0.00180173099892635,0.016289354708448268,0,1
0.0010349588229445603,0.015496438376164582,0,1
0.0014428389551474105,0.013907294944567737,0,1
0.0021818814631381325,0.015280878480859138,0,1
0.0014851195240079072,0.01443697338871925,0,1
0.0032898745038543718,0.018179931132102922,0,1
0.0030559679566613688,0.017766208680123116,0,1
0.002950821647979415,0.015813906671934875,0,1
0.0017549429559030579,0.014057303554829365,0,1
0.00217805820642658,0.017602749342262393,0,1
0.0033082222009212727,0.015577482970211307,0,1
0.0019303759918279744,0.01700888399131325,0,1
0.0020405357049408084,0.015799289427937815,0,1
0.002882222206356026,0.016917410273889356,0,1
0.0020949066736246982,0.015795136072542345,0,1
0.0023419278854961848,0.014944481550529956,0,1
0.0015667030127070936,0.015289598306121026,0,1
0.002150169945908716,0.013477096808667939,0,1
-1.0803635231906251E-4,0.013987902699890902,0,1
0.003332518593270331,0.017301385403287788,0,1
0.0018152434137377225,0.018737227543605406,0,1
0.0018857847583105185,0.017388679676252784,0,1
0.0010728572010269646,0.016789403199650395,0,1
0.0028390355112980657,0.017147738266172437,0,1
0.0011418420457561624,0.01614197795143825,0,1
0.002617322305842603,0.016590773087723807,0,1
0.0016225009787122298,0.01603015725628303,0,1
0.002233166146008128,0.014654493589662984,0,1
0.003309028248959695,0.015608931746627001,0,1
0.0019689814407397466,0.01437041474591941,0,1
0.0011319537691700284,0.015782968100877884,0,1
0.0022701412354203133,0.015490559665257765,0,1
0.0054159302856195395,0.019228334721036588,0,1
0.0015572772456266246,0.016835733334259917,0,1
0.0035791747287503674,0.017378316755723072,0,1
0.0014374194623552696,0.016540061816620755,0,1
0.0029894999103357244,0.01733680261559616,0,1
0.0013945933018948465,0.01705949825996572,0,1
0.0010453836947110471,0.018834913828984664,0,1
0.0018658480791679422,0.016216321500753417,0,1
7.186166475482035E-4,0.016395175379092745,0,1
0.002787737593964468,0.013029100833061722,0,1
0.0010758221577410266,0.01508973259662726,0,1
9.230266410993284E-4,0.0159234046641425,0,1
0.0011094815344830742,0.015042244019904122,0,1
0.004764931620730174,0.015596811321415353,0,1
0.0026582897440771453,0.017055964916384916,0,1
0.002983298861428888,0.01737296923048473,0,1
0.004609622890223431,0.016643673908906278,0,1
0.001868447666297113,0.01658729234226092,0,1
0.0014236718564058163,0.017362757757289536,0,1
0.002101002861907562,0.016674665665911626,0,1
0.00256807047881985,0.018061453054430007,0,1
4.3560560818128126E-4,0.018575294349961868,0,1
-0.0025918739689273105,0.015914103766038572,0,1
0.0026113758602885643,0.014295096974596428,0,1
0.0014007991600557311,0.015716686025432983,0,1
0.0012647882761883495,0.015572858896008413,0,1
0.0026871776677589556,0.016611532764139614,0,1
0.003217336421203396,0.016842528196197817,0,1
0.002842136255554714,0.017464309216575588,0,1
0.0016070732741535222,0.017023596958766058,0,1
0.002427803770153921,0.015668691020232092,0,1
-1.174109034998706E-4,0.014613759854607512,0,1
0.0023878868607724616,0.017750692546720976,0,1
0.0023806286494284217,0.016243315614553715,0,1
0.0018971918400263544,0.015885672836042974,0,1
0.0019222602298484405,0.016109088166075085,0,1
0.0028509665221774956,0.015586569692167138,0,1
0.0011012560505370267,0.01577371007946242,0,1
0.004099667721769649,0.016644381827761255,0,1
0.0024579902566480606,0.019143441638195213,0,1
0.0023620590216464244,0.01658801595524876,0,1
0.002990684912838124,0.01659063607467532,0,1
0.002213037231005471,0.016992211893881712,0,1
0.003289734340622107,0.016369010791008522,0,1
3.785134090083836E-4,0.016200020354674678,0,1
0.0015702722206835974,0.016366843887669798,0,1
0.0012371068112380253,0.0167434596524687,0,1
0.001660894227334368,0.017967455588092804,0,1
0.0013309834950720534,0.015855672858674754,0,1
0.0018076568726402165,0.01583455407450666,0,1
0.002784990386086739,0.01719538515940782,0,1
0.0034380847517310226,0.01949356897836527,0,1
0.001959188136211434,0.01801527532892802,0,1
0.0034491081853211874,0.0189449892122411,0,1
0.0018322814739374772,0.01688713852831005,0,1
8.015245002238652E-4,0.016516351293984054,0,1
9.816485711548776E-4,0.01750892568806424,0,1
5.191401146865131E-4,0.01707147297434118,0,1
0.001627564941929584,0.01663796830058898,0,1
4.4326397412861794E-4,0.01741523344399848,0,1
7.915627680057151E-4,0.01578579376140365,0,1
0.0032185047639318753,0.016550791391325162,0,1
0.0032130778440665683,0.014212133120869871,0,1
0.002588072681339369,0.016303107574140687,0,1
0.001987209617537964,0.017404854703507444,0,1
0.001043777470833069,0.016386297058414902,0,1
0.0028604294700845276,0.019720427620848347,0,1
-0.001148773198203293,0.015949743443497044,0,1
0.0015940286623426106,0.015770434291921754,0,1
0.0011305823830058488,0.016010364807400018,0,1
0.0012694989023425858,0.016710118850443163,0,1
1.6343710191501842E-4,0.017461915453029622,0,1
0.0013091356079620673,0.01699175344215228,0,1
0.0027282096546996236,0.01746668681969707,0,1
0.0017106256763104912,0.018841021006654995,0,1
0.0011423354618404018,0.017748429090285275,0,1
0.001339860972846941,0.017921000986787818,0,1
3.795152895386343E-4,0.016719815463294048,0,1
0.0032725421817533587,0.017630508188046446,0,1
0.001110614938601468,0.015625981926399173,0,1
0.001312651227944561,0.01498457503042515,0,1
1.5561881271380413E-4,0.015998737227746095,0,1
0.0011738288178135678,0.017148415219352824,0,1
7.815148995314438E-4,0.01754444262449646,0,1
0.0014963756322333688,0.016069579928284693,0,1
0.0010806128653770028,0.016555327611802884,0,1
0.003493917670787367,0.017305191364922628,0,1
0.0014376746516415826,0.0166134637632169,0,1
0.002154403694548712,0.01768496681689611,0,1
7.899626573200211E-4,0.016164595698459374,0,1
3.068762318699637E-4,0.01254150271496119,0,1
0.002580490732750014,0.017894006994448288,0,1
0.0015029646893339728,0.017327846448513658,0,1
0.00198966758954562,0.017413741475958287,0,1
3.4765564907098117E-6,0.017287322572545144,0,1
0.0011607910165198217,0.016863630215081547,0,1
4.5609965077478504E-4,0.017187304653211555,0,1
0.00232161562652695,0.01787297039821296,0,1
0.0015732088000974171,0.016087668972782444,0,1
0.0013732245815620105,0.016707696426583842,0,1
0.0019456935894079205,0.01779505912947287,0,1
0.005945594283110049,0.01800178138357992,0,1
0.001982230932140465,0.016269244374491277,0,1
0.0016922958678281502,0.01728556823635151,0,1
7.797662635158798E-4,0.01773489126382144,0,1
0.0024420272029399286,0.017702732502116826,0,1
7.526876349319106E-4,0.016590857709870108,0,1
9.391912199327277E-4,0.016428614993123376,0,1
4.1559768968758403E-4,0.017388453127571733,0,1
0.0022125824352063764,0.01774717711957297,0,1
0.0013096884416918361,0.01786867521641307,0,1
0.00123283306959187,0.015002075602015288,0,1
6.497450495673723E-4,0.0178378714707966,0,1
5.909547406147223E-4,0.016127797056925165,0,1
-1.3328491366536668E-4,0.015146232295473154,0,1
-0.0023500683687112433,0.014847641972177432,0,1
0.0019430538591249165,0.015880671916821736,0,1
8.438310120361294E-4,0.018047560982229136,0,1
0.0020245560866875394,0.017282602792421872,0,1
4.735115549741118E-4,0.017746746186282036,0,1
5.201887503679482E-4,0.017103399208726416,0,1
0.0010028294378872681,0.01685664551316926,0,1
0.0011539417467945601,0.016995547918566566,0,1
0.002073069739268276,0.016665408698343515,0,1
3.887505949587965E-4,0.014791747724955668,0,1
0.0012796998424161343,0.018515332343501063,0,1
0.001585086746609003,0.017433479952423944,0,1
0.0015755490696104035,0.01748882415963093,0,1
0.0018363850728188606,0.017480060706213094,0,1
0.001885316647788158,0.01741071602822965,0,1
9.08637036313483E-4,0.01748596529827215,0,1
1.6820025230875304E-4,0.019888776043340307,0,1
0.0011563026170298097,0.018168722895326374,0,1
0.002158571072630595,0.017990147986064065,0,1
5.546334826453843E-4,0.017189523078966918,0,1
8.088747604013569E-4,0.017430794332065663,0,1
0.0012670500899120516,0.017075391911155296,0,1
0.0015122834821285184,0.016566689215939016,0,1
0.0022417336818807408,0.018641507607007723,0,1
0.001801352171233808,0.018134018002287325,0,1
0.0027534543918838403,0.01790149725678713,0,1
0.001465785984085788,0.019755219519901206,0,1
9.502354335529677E-4,0.017109453351456732,0,1
7.084033629098672E-4,0.016982065500619023,0,1
6.723073868106366E-4,0.01685283058156183,0,1
3.514475630862436E-4,0.01817391759064733,0,1
0.001985348221679851,0.018096124518111375,0,1
0.0031137207233104497,0.0169534531274318,0,1
-1.0438099590765397E-4,0.01943053319787289,0,1
7.489679508208763E-6,0.017048120527084164,0,1
0.0011263634265985829,0.017924698814050188,0,1
0.0012409427467510298,0.02198888712783238,0,1
0.0010668592335533636,0.017949162386724303,0,1
0.0011870633712600526,0.017750404251577243,0,1
0.001273621320070967,0.01793531024876583,0,1
-0.001925907146794757,0.019732657360989257,0,1
0.001011348155506589,0.017869829664603095,0,1
4.5382036924404524E-4,0.017102022046219544,0,1
8.061673251235303E-4,0.016928435125073735,0,1
5.323428954255088E-4,0.017280142917233482,0,1
6.532036136759424E-4,0.017774825119500178,0,1
6.581583178006634E-4,0.017658854499823805,0,1
2.194529529665742E-5,0.01795881606020618,0,1
7.144373504097214E-4,0.017623721940965023,0,1
2.7971052579895225E-4,0.016817348781124005,0,1
0.001492680732154842,0.016091977835906737,0,1
3.4051055097664677E-4,0.017622032198171027,0,1
0.0010638544288641546,0.017715999290519722,0,1
5.952007105334619E-4,0.017392931377148126,0,1
7.835667162612506E-4,0.01768890945369567,0,1
-9.958028788012988E-5,0.017963748290981862,0,1
0.0013185397344956506,0.01783589062135332,0,1
5.129163569821984E-4,0.01711817802459833,0,1
7.75455742668057E-4,0.01711249360508168,0,1
8.545355525722269E-4,0.018623324709934223,0,1
8.211438618924308E-4,0.017401562469867397,0,1
3.0618257894479304E-4,0.01714360161055154,0,1
2.64667069805111E-4,0.01807227090833121,0,1
1.7150327366507922E-4,0.017685703400234128,0,1
2.4913260583626955E-4,0.018239731693133858,0,1
0.004275434672224385,0.014923915794226748,0,1
0.007029834651392219,0.012157516877247383,0,1
0.004323491859235371,0.014037936050090296,0,1
0.004493191001651101,0.01598767898059203,0,1
0.004777690346872385,0.016673089563172087,0,1
0.003407652044604594,0.015778591928636652,0,1
0.005009301773983928,0.015486706056285509,0,1
0.0031126953926635054,0.015721740000622177,0,1
0.0040737593944147055,0.016348436402638885,0,1
0.003748681429943102,0.012446124065793129,0,1
0.0037099036023935735,0.017544109640416108,0,1
0.0038057390598374295,0.017026911226804504,0,1
0.0036874492919598393,0.015975670131992727,0,1
0.004340025768573353,0.01731268637105224,0,1
0.004181446042051006,0.016707109136088888,0,1
0.0049167027434835545,0.015724536605541878,0,1
0.004140512907001858,0.014427868736307529,0,1
0.004194647326248359,0.014673478268534282,0,1
0.003514892719039143,0.014062430110221376,0,1
0.00475404031407414,0.014947789488717961,0,1
0.0043127794769665315,0.015807490476171002,0,1
0.0044449711310156894,0.016602269027809518,0,1
0.004103026648284947,0.016779378357047046,0,1
0.004374455670996,0.016596268884271133,0,1
0.0035974287722587857,0.016553079676639947,0,1
0.0034648696104326144,0.015715307631538163,0,1
0.004176288648079809,0.01749640460729562,0,1
0.005046698275033106,0.01741322614573282,0,1
0.004033553976070763,0.015362180544866684,0,1
0.005098723214918061,0.014337635819580575,0,1
0.004989252973949665,0.01522143668387684,0,1
0.005285586630475952,0.014513022830571903,0,1
0.002983408977967866,0.017903373197903538,0,1
0.004827038466149359,0.014539230012800984,0,1
0.005330250296448253,0.01727224337643824,0,1
0.003578720320768933,0.01669353858025956,0,1
0.005270657398055796,0.015961910815789817,0,1
0.004498586784583321,0.015720704378984228,0,1
0.003842069942479899,0.017259650369786876,0,1
0.0037634061735773855,0.016667375273566723,0,1
0.0035019392383143417,0.017451989280951978,0,1
0.0020215971477088473,0.017651643648935473,0,1
0.006079007629603897,0.015336218454962608,0,1
0.00459219058858028,0.016139353420941038,0,1
0.004189000442435024,0.016155975132922173,0,1
0.007058397763516575,0.015396657082632083,0,1
0.004797007619528606,0.015976677838683333,0,1
0.004220135194959557,0.016023512977436826,0,1
0.003828068940217475,0.01750268577252724,0,1
0.004907840166624229,0.019015439185855455,0,1
0.004307301884198803,0.018156132022492666,0,1
0.004772408022564381,0.01775164144056468,0,1
0.005521221685227117,0.013533942797375713,0,1
0.004148628632296227,0.01876109893916236,0,1
0.004896409493810937,0.014572462437803628,0,1
0.004956050922549938,0.01479519983675698,0,1
0.0048697201810191815,0.014418506375599298,0,1
0.005790555898402209,0.016370395394205928,0,1
0.006816839326511576,0.017788713559056393,0,1
0.0046902970904463305,0.015742489046959806,0,1
0.005997241287449931,0.01668010978528426,0,1
0.003975511057317926,0.016947191860983583,0,1
0.004578295892575898,0.01625585851406626,0,1
0.0046069140909478475,0.018231931888711583,0,1
0.004421989918328007,0.016614941405572726,0,1
0.003888749103917193,0.016522086968783514,0,1
0.005226068911692031,0.018256641636595457,0,1
0.0033662936681557775,0.0154337072416252,0,1
0.005440740042190351,0.015503134011485618,0,1
0.004329680709490666,0.01566506500370763,0,1
0.004924238341835109,0.015605483268034032,0,1
0.004457506799373524,0.014158436485853526,0,1
0.004180368970586273,0.01638209936021537,0,1
0.0036822986222537868,0.016167852613795712,0,1
0.003754751620920842,0.017488560027891415,0,1
0.00460997774669984,0.016682164056344904,0,1
0.003283238723336829,0.016902156923387274,0,1
0.0042396985161210765,0.01868598661503385,0,1
0.0049797032231537,0.015142821247865508,0,1
0.005294905080491961,0.015361818682536691,0,1
0.004482749500607049,0.016081864601674323,0,1
0.005446208583776628,0.015563416149030184,0,1
0.0062663355153777835,0.016522941341461005,0,1
0.005243783883005227,0.015987175925237476,0,1
0.004718389820555966,0.016302282420570698,0,1
0.007460304011625985,0.01556669836563658,0,1
0.00328230826354898,0.015338920822273274,0,1
0.0032163755237907014,0.016105111511633366,0,1
0.004909226688246237,0.017173855482014472,0,1
0.004089848702045302,0.017285172794613918,0,1
0.004526196539603371,0.014129454759326004,0,1
0.006657641287134316,0.016198496680740783,0,1
0.004934538986110315,0.015673947075873714,0,1
0.004903371466445001,0.015063671145992176,0,1
0.004908869414319348,0.016119902292094163,0,1
0.005772431476519084,0.017085572126148606,0,1
0.004730594918721006,0.016827860423762026,0,1
0.004102195663646589,0.016652342027342407,0,1
0.004357171889498089,0.018193862002369592,0,1
0.0035391914998612467,0.016314270680419074,0,1
0.005569093192068237,0.012922670910701933,0,1
0.005329714140068732,0.0155544971405676,0,1
0.006538859114677608,0.014620160149799279,0,1
0.004020119918641224,0.018571725773883517,0,1
0.005297367276596427,0.017384197801842246,0,1
0.005125667535921326,0.015618434495624594,0,1
0.005437398106178708,0.017064374231531614,0,1
0.005124839822832977,0.015949413295860675,0,1
0.0016098959301986775,0.01889488309682525,0,1
0.004544947138732951,0.017088087069507228,0,1
0.004245493119490063,0.017519224490498923,0,1
0.006045064502167125,0.014067021673836054,0,1
0.005026110024737021,0.015130160880185818,0,1
0.0030991508009579004,0.016741117574657766,0,1
0.004721568459225531,0.015359210727067486,0,1
0.004272684176033595,0.014738344336154582,0,1
0.005277492653150386,0.01747051437703735,0,1
0.0046469768540554224,0.017534377787675304,0,1
0.005680971154755606,0.01610954151394023,0,1
0.004975987554999647,0.015936206411186232,0,1
0.005463505935352895,0.014943218377327122,0,1
0.0052259055719728244,0.014567486130791002,0,1
0.004581882036803229,0.01615774250902137,0,1
0.005161883305079321,0.01917917118076803,0,1
0.00499646944273135,0.017373419539183484,0,1
0.005675489865486175,0.017157762064238243,0,1
0.005126078943973506,0.01688366006696065,0,1
0.004940453320828149,0.0170359909297684,0,1
0.00459073929858807,0.017811827136770663,0,1
0.005424730257029465,0.013391246965617835,0,1
0.006320395462402245,0.015447331889520483,0,1
0.005381709171922373,0.016590025249048183,0,1
0.006125236184811552,0.016328583368809574,0,1
0.005391111549679491,0.015647084428767413,0,1
0.004623130060818294,0.015537144296661674,0,1
0.004354063560081699,0.016138659487303766,0,1
0.0042236864305603295,0.017940345708345854,0,1
0.004133760269112101,0.016090047709461115,0,1
0.004050695100248751,0.01779386152805301,0,1
0.004952788444886226,0.016330720984514414,0,1
0.006338814587107442,0.016599473591010744,0,1
0.005018396365144842,0.015639867341921323,0,1
0.003680888156118396,0.0172716099141892,0,1
0.0045634100951130185,0.015687356962326014,0,1
0.005301359306331893,0.01939612093946464,0,1
0.005324552886194283,0.01935942951308911,0,1
0.005131138772278489,0.01763805108175056,0,1
0.006231752166486837,0.015546356478503375,0,1
0.005444026503918922,0.015838974528411324,0,1
0.006023881988538733,0.017048320597435933,0,1
0.006105404068963472,0.017277779023054544,0,1
0.004971484591409429,0.016720083068266018,0,1
0.005666789332902086,0.01664888881678843,0,1
0.004761823215482941,0.018720146225076686,0,1
0.005482307570934276,0.017484159658718655,0,1
0.007341922698513106,0.015964366153355756,0,1
0.005722930157059652,0.016132269915068068,0,1
0.0057493574848068866,0.01734700105728068,0,1
0.005751079641782234,0.016907000303762316,0,1
0.007417316733504772,0.016210469406721894,0,1
0.005988658456579364,0.017285977399571995,0,1
0.006064321306484075,0.016340548000211452,0,1
0.003076053862347244,0.016014417784953668,0,1
0.005978944315789504,0.015416092696133026,0,1
0.005351680876021354,0.016890142836797933,0,1
0.006014448552813356,0.015245436848659871,0,1
0.0013206280116428069,0.01722263264283004,0,1
0.006678569444620959,0.016732411696387173,0,1
0.003503910287992556,0.020885478290450604,0,1
0.00514907558523022,0.015548029567877994,0,1
0.0064534547220160676,0.016043714305838137,0,1
0.005893492988812255,0.015421817607150482,0,1
0.0054009128465491735,0.018215934515813492,0,1
0.005202484675911268,0.01772327381111917,0,1
0.005313866049237249,0.017053839753632033,0,1
0.0052082758371197625,0.01699696760313093,0,1
0.003020613164030129,0.01662601950247269,0,1
0.00642280504239692,0.016971748103588657,0,1
0.0069165944944579475,0.015897166256843002,0,1
0.005661405963008315,0.016354919248829237,0,1
0.0047959103453959415,0.015458300481901787,0,1
0.004442785107729481,0.016781367202223302,0,1
0.005853534451213525,0.015098272917792904,0,1
0.005194111016083664,0.016354670056759075,0,1
0.007040296824069958,0.01634585524831237,0,1
0.0023452563183493057,0.016774607905536514,0,1
0.0052583030701147965,0.01718834396758724,0,1
0.006293424391252523,0.017743623682285267,0,1
0.006559440641648674,0.015898148390770403,0,1
0.0056063528373938975,0.017433789026030055,0,1
0.006460908151725839,0.013274231173373608,0,1
0.005752099780347323,0.015935373336776526,0,1
0.005658680739871035,0.015849351046205374,0,1
0.00608045103183079,0.016352858577534605,0,1
0.005864342738907833,0.017131995998870265,0,1
0.006577026004674428,0.01751824877723334,0,1
0.005690564892546944,0.017171370953252513,0,1
0.00631689911320871,0.016149263320046726,0,1
0.0068949642673146036,0.0180006434904117,0,1
0.005798380676209455,0.016499446863934123,0,1
0.0061888483851446924,0.016585881567063185,0,1
0.00819545312294397,0.012625883349521515,0,1
0.00628102317247398,0.01629521463106029,0,1
0.007184241636873992,0.016676871687973334,0,1
0.004944423507345963,0.01607596362646395,0,1
0.006062642002996576,0.01438710489415891,0,1
0.007516328341513647,0.01722351999840248,0,1
0.00709689244341359,0.016161013577086138,0,1
0.007353797317896014,0.01555430429953575,0,1
0.005440013524545782,0.01705476890161699,0,1
0.0070469553840531085,0.01589718914654499,0,1
0.006718260292682701,0.0168400791166252,0,1
0.0060971436526687925,0.016055132588689566,0,1
0.005149726601761786,0.019012445279904252,0,1
0.0058891019965729005,0.015628112408654964,0,1
0.005844954370920874,0.017391375866359936,0,1
-0.014239340267780924,-0.0017604110309578976,0,1
-0.014204696455080991,-0.0015221704560140449,0,1
-0.016063848476474817,-0.0018532053184234973,0,1
-0.015554371223784438,-0.0030327824645070304,0,1
-0.01597158468797139,-0.0023593976193952617,0,1
-0.01628934677900388,-0.0022860762286477133,0,1
-0.016565833903913668,-0.002706089243052152,0,1
-0.01622295133462642,-0.002947572907572384,0,1
-0.0170890573563059,-0.0022418484855039104,0,1
-0.017114477778104806,-0.0031595663544822955,0,1
-0.018710822496488942,-0.0036503820057752277,0,1
-0.016713784651777166,-0.0031409243539757725,0,1
-0.017600168704151653,-0.0031524641155727833,0,1
-0.017785870400496905,-0.0034297743120111765,0,1
-0.014598636072137326,-6.945053097651033E-4,0,1
-0.015328204623948101,-0.0016643222925274905,0,1
-0.015879306238444055,-0.0015158509299072883,0,1
-0.016464653100011856,-0.001872662230146022,0,1
-0.01677520515436338,-0.0028026020280221752,0,1
-0.017829966979268003,-0.0024770108177003696,0,1
-0.01672563899915942,-0.0030099397603852605,0,1
-0.01898912759278539,-0.0016775343974884912,0,1
-0.01752189699835639,-0.00217350314054814,0,1
-0.01711263232930326,-0.005116756503226226,0,1
-0.016399715567429227,-0.0018954671310090323,0,1
-0.01807673035796155,-0.003734226732512427,0,1
-0.015327988010636463,-0.002606359833297506,0,1
-0.015958623842752154,-0.0014756039661094128,0,1
-0.01613277461344997,4.257805990442225E-4,0,1
-0.014757893093710889,-0.0021663103508632003,0,1
-0.016627950653802986,-0.002013663476215651,0,1
-0.01591882013429296,-0.0033390175547170294,0,1
-0.01733327425431206,-0.004424915976781709,0,1
-0.018493930697483976,-0.002675646855959641,0,1
-0.015356742441786777,-0.004483279562979109,0,1
-0.017115047315840022,-0.0024663666759145602,0,1
-0.017443084076182783,-0.002434319579620359,0,1
-0.017373867134113943,-0.003156735934894569,0,1
-0.017698219214407455,-0.0031568496953754146,0,1
-0.016299685693711596,-0.0013901592864010096,0,1
-0.01619736244994893,-0.001746845328157284,0,1
-0.017018633957225183,-9.60228448620068E-4,0,1
-0.012503032541825694,-0.0013272816513856466,0,1
-0.01710074983182018,-0.0017135695251620131,0,1
-0.016141503517848793,-0.003080675107064096,0,1
-0.01698939638697757,-0.002638422468933351,0,1
-0.017267676228175054,-0.0023517767760496636,0,1
-0.017983097096695207,-0.003637050680064041,0,1
-0.017148622385398715,-0.002944143695682635,0,1
-0.018113887208392087,-0.0031193179349423054,0,1
-0.015513434908328447,-7.465384663986944E-4,0,1
-0.015988409076806234,-0.0014375940716051733,0,1
-0.016032580820197973,-0.0018577718002407463,0,1
-0.016924799519808315,-0.0010480321616300227,0,1
-0.016704386542771486,-0.0018629484415543366,0,1
-0.01916892766449289,1.5245191666919723E-4,0,1
-0.016999372221176836,-0.0026530838647781502,0,1
-0.01700906795815276,-0.0019361629559313314,0,1
-0.01855651478334781,-0.0019440762347774799,0,1
-0.01834665817485886,-0.0023115136059075198,0,1
-0.01773356378915212,-0.002751413447773922,0,1
-0.01863178993187141,-0.002868192403534386,0,1
-0.016135891686852883,-0.002534357402213801,0,1
-0.014864038466686725,-9.207757477304347E-4,0,1
-0.020053316913136613,-0.0017703463188100711,0,1
-0.01677785011656186,-0.00190469198998319,0,1
-0.01863185906833331,-5.667614216371932E-4,0,1
-0.017219105970772655,-0.002663956526305848,0,1
-0.01776606212256269,-0.003502495778981197,0,1
-0.017411356471307902,-0.002499607693992647,0,1
-0.01656653879140724,-0.0029852778582387727,0,1
-0.017993393165670543,-0.00219408536977637,0,1
-0.015733874024065786,-9.943635046164036E-4,0,1
-0.017361598695967047,0.001640307427445114,0,1
-0.01650084163753055,-9.740542392333986E-4,0,1
-0.017007841946340665,-7.284279992494367E-4,0,1
-0.017452026311968745,-0.0022795753139586597,0,1
-0.0164246468935333,-4.4648188463700225E-4,0,1
-0.016483142086058146,-0.0014786131189698337,0,1
-0.017436086019849598,-0.0032954643047348863,0,1
-0.017787927593531046,-0.0026831273928643986,0,1
-0.018747823679119778,-0.0025947788687770584,0,1
-0.018361554275481543,-0.0027822810228182527,0,1
-0.015132065530591514,-2.0812570131700895E-4,0,1
-0.01463128864683005,-0.002954501441665188,0,1
-0.01655575049292152,-0.0023603288851500787,0,1
-0.01476256493777583,-0.0024114045271001177,0,1
-0.016670980041328137,-7.094856654972036E-4,0,1
-0.017096166281345016,-0.002092863806602056,0,1
-0.018899684063680172,-0.002025748310569755,0,1
-0.017461989891405134,-0.0024727082683764245,0,1
-0.016748959215570076,-0.0028564954673807293,0,1
-0.017973857307463106,-0.0011956453295246083,0,1
-0.016726307826022694,-0.0017374582096774888,0,1
-0.01702738403985397,-9.913663432527821E-4,0,1
-0.01590894278017919,1.4950171314993068E-5,0,1
-0.01717392486189935,-0.0014960635668016804,0,1
-0.016849098444156014,-0.0013008861617844212,0,1
-0.018526583341295217,0.0011310209409840758,0,1
-0.017711536256045508,-7.066342387337012E-4,0,1
-0.016800250293377485,-0.0018534285107402908,0,1
-0.0167736539022617,-0.00543576749361492,0,1
-0.018019175526422813,-0.003186633984085928,0,1
-0.017264026160033856,-0.0023767960943283897,0,1
-0.0172832345483635,-7.770956878702123E-4,0,1
-0.01763003844265364,-2.1783410490813405E-4,0,1
-0.01638279926215441,-0.0012424620860509363,0,1
-0.016321796118462434,-8.990603346695109E-4,0,1
-0.01867194602136663,-0.0016416383900583348,0,1
-0.018321857126448734,-0.0025549083033257073,0,1
-0.01924526047017996,-0.002585714516218602,0,1
-0.01780773392964479,-5.062982706769075E-4,0,1
-0.016777239606896904,-1.8517912861183174E-4,0,1
-0.01715657798819288,-0.001431953271475781,0,1
-0.016972511642224682,-0.0013659909981162117,0,1
-0.01882925857071215,-8.279393775485011E-4,0,1
-0.017202920092910707,-0.0010555470952031106,0,1
-0.01679753771560241,-0.0014366891138620813,0,1
-0.01766870014173509,-0.002158636973685583,0,1
-0.01837613350388522,-0.0016843160200052838,0,1
-0.016106131612342145,-0.0019098491919964495,0,1
-0.016369176711057348,-1.8219007370950908E-4,0,1
-0.01675733938485211,-0.0011692303256204655,0,1
-0.017427391536539542,-0.003784341563941142,0,1
-0.01703289654705723,-0.0016870344254913984,0,1
-0.017277245984771993,-0.0019443781761169958,0,1
-0.018267494225245533,-0.0031931076374701996,0,1
-0.01789344623025861,-0.003366260842201931,0,1
-0.016500099862593435,-5.928942265925208E-4,0,1
-0.016977551560082106,-0.0022297246446808046,0,1
-0.017013099777239842,-0.0018851974846793723,0,1
-0.01881578582920859,5.094996163675302E-4,0,1
-0.016977563327250544,-0.0012737092412475302,0,1
-0.017117149627934276,-0.0015438033518792229,0,1
-0.016977724281980598,-0.0028778038774937313,0,1
-0.017537503986936563,-0.002764304637694327,0,1
-0.01631225634631204,-9.225359749804487E-4,0,1
-0.016371725589371826,-8.034573281832816E-4,0,1
-0.017320182566752062,-0.001865357599552951,0,1
-0.016271917274501273,-0.0014607543644884705,0,1
-0.015362317423870717,-0.0013488211070257533,0,1
-0.017699421148128707,-0.0025138615841648233,0,1
-0.017648605068825096,-0.0016119313016301198,0,1
-0.017666566241474942,-0.0017624113292450019,0,1
-0.017426549252736356,6.564789970184336E-4,0,1
-0.015688486585665122,-3.0292948999663594E-4,0,1
-0.01561153038862043,-5.48755115772908E-4,0,1
-0.0177378807018666,-0.0015223068992148597,0,1
-0.016999222811950827,-5.80259283300177E-4,0,1
-0.017934391072179017,-0.0011249077742142694,0,1
-0.016972525837025954,-0.0016069953402272016,0,1
-0.01691821317849129,-2.8769161910013424E-4,0,1
-0.017350763493697515,-9.498841483316225E-4,0,1
-0.017511374227199353,-6.301735000025501E-4,0,1
-0.01846677849421336,-0.0023405772197707415,0,1
-0.01823372175036053,-0.0027883686732997695,0,1
-0.017794816686913045,-0.0013037567658504931,0,1
-0.016082382995004797,-5.505898961116912E-4,0,1
-0.016156556190712386,-0.0015328041935970347,0,1
-0.01683460959892888,-8.750514328520766E-4,0,1
-0.01792492244310545,-0.001161823932294955,0,1
-0.016915218085845864,-0.0016191448315953753,0,1
-0.01749193313391405,-0.001644637025137825,0,1
-0.01654000932656339,-0.0017219976760843852,0,1
-0.018081076379421798,-0.0010186487234343598,0,1
-0.0168477287616626,-9.960625878787696E-4,0,1
-0.01970509989407775,0.0010880653982735901,0,1
-0.017390632074583273,-0.0013977635649722198,0,1
-0.01565820207741097,-0.0012439474101564566,0,1
-0.016752541963756813,-0.0014752065442359625,0,1
-0.019281907390067826,-0.003409019594838314,0,1
-0.017629930689378997,-9.336028475060727E-4,0,1
-0.017560362173941774,-0.001478889785497924,0,1
-0.018463488790369697,7.46128794012789E-4,0,1
-0.017053508188384088,-0.0013393989471512013,0,1
-0.015855003698982347,-0.0012487949430941528,0,1
-0.017623161618272355,-0.001259386121260615,0,1
-0.0178301872426137,-0.001290921464043357,0,1
-0.01694887822071237,7.617688758505925E-4,0,1
-0.01730880685246851,1.761078642545979E-4,0,1
-0.017795293530150722,-5.739232862373167E-4,0,1
-0.015836624731716032,-0.0019873497146870546,0,1
-0.01679310331084255,-0.0027744241463701245,0,1
-0.015988354518783283,3.499023424239547E-4,0,1
-0.017855825804346102,-2.9040872332757115E-4,0,1
-0.021542297073450636,4.0659530298193614E-4,0,1
-0.01683849826329916,-6.912680257338762E-4,0,1
-0.019846822777282756,2.6896762539843107E-4,0,1
-0.019879165236625647,-0.004094666687375266,0,1
-0.018094797308328962,-0.0014647417154747577,0,1
-0.01718425467899595,-7.490819914942903E-4,0,1
-0.01887384875997393,-0.0013799662739422682,0,1
-0.01758034949738984,0.0013121286664965982,0,1
-0.018556502267482993,0.002448529410952293,0,1
-0.020808929026582684,-8.049458307594734E-4,0,1
-0.01730251523432472,-7.549244477061069E-4,0,1
-0.018614461835927975,1.8638714437883724E-4,0,1
-0.015594995889318692,-7.118228774383926E-4,0,1
-0.015497237423396535,-0.002127059309064298,0,1
-0.017579383471629413,1.1299538919902487E-5,0,1
-0.01836031750054229,0.00704635461573019,0,1
-0.016330061786628408,0.007031747640794607,0,1
-0.016304486097702853,0.007269620483190151,0,1
-0.015457138338199304,0.007957809281672728,0,1
-0.016202991299423538,0.007703899395113001,0,1
-0.016627421775711464,0.007077029697015332,0,1
-0.015120458720159198,0.00899755333256705,0,1
-0.016163274720097626,0.008026102596553262,0,1
-0.018294710127053967,0.006716726858891513,0,1
-0.016620591515889727,0.008631912461925809,0,1
-0.015505490728465347,0.008916491352925361,0,1
-0.01544661106448907,0.009079598994571562,0,1
-0.014394198797119572,0.009681346675603322,0,1
-0.015524780432123627,0.009048381577772852,0,1
-0.015521603015951735,0.009328416528574694,0,1
-0.015356666781040742,0.010182798510550872,0,1
-0.015036374506579733,0.009882147233503471,0,1
-0.01600930961493949,0.007323043140528639,0,1
-0.01686000927368496,0.00713678721580894,0,1
-0.01618350372651742,0.007642784960005095,0,1
-0.016980548858608672,0.007688458213473781,0,1
-0.013720932700082048,0.008028904412051495,0,1
-0.016926208518529943,0.007860379282020548,0,1
-0.016658341516053037,0.007962772646772913,0,1
-0.019394172133485123,0.010184983203339966,0,1
-0.015827583758196644,0.00853485924163777,0,1
-0.014811401152046365,0.008580711980598722,0,1
-0.012546008362357758,0.007965092536890877,0,1
-0.01619941756894119,0.008587114549630771,0,1
-0.015246539233434676,0.009280510351593689,0,1
-0.016568065205294462,0.006731850241808023,0,1
-0.014978331207913574,0.008942791803839008,0,1
-0.016971180660573546,0.007049853469130703,0,1
-0.016100678301110817,0.006818483144960304,0,1
-0.017917710779011754,0.007087495669139377,0,1
-0.016009097097340073,0.008748484492659431,0,1
-0.0153560172098366,0.009493635612872359,0,1
-0.01607230419438905,0.008441443805593555,0,1
-0.015244133872039855,0.00867564312815381,0,1
-0.015580800343266558,0.008453520783674387,0,1
-0.014541088803565808,0.007379366591908281,0,1
-0.019280159178663447,0.007557058378966084,0,1
-0.01545562484491768,0.008588509580918181,0,1
-0.015080024597057899,0.009827620484458283,0,1
-0.015590495379044235,0.009238419590809604,0,1
-0.013654510510877202,0.01114137141104815,0,1
-0.014949262153925582,0.00966676069642535,0,1
-0.01488539991244767,0.008743146136882797,0,1
-0.016298601260198,0.006683078515977048,0,1
-0.015135779007547295,0.0051839781283250464,0,1
-0.016067353938565485,0.007357977176499167,0,1
-0.016710536921829208,0.008189494103687881,0,1
-0.015783321434804078,0.008050277477613197,0,1
-0.013524762000538457,0.011025610194488621,0,1
-0.014941266638311466,0.008930420253959842,0,1
-0.013640518317366058,0.0064590908005203625,0,1
-0.015350126948940827,0.008588981244662626,0,1
-0.014846332283620546,0.008186575943665612,0,1
-0.014989467437360859,0.008721117631404915,0,1
-0.014920038289238732,0.00881994983544256,0,1
-0.015519232484909056,0.010329612010214092,0,1
-0.014850597392412793,0.009396029327495411,0,1
-0.015370160795938989,0.006959316621991104,0,1
-0.016166294161700054,0.006149920451812911,0,1
-0.016931425320355964,0.008623337767418986,0,1
-0.015176188011042478,0.0064995837834099165,0,1
-0.015869235023046702,0.009355630882283325,0,1
-0.016652571265127106,0.007424781142921967,0,1
-0.015211653644177797,0.010056578041039823,0,1
-0.01555539543723167,0.00885756568136526,0,1
-0.013850009055993677,0.011686993303705736,0,1
-0.015800554199292327,0.008437366615890758,0,1
-0.014543557507225968,0.00996910303270846,0,1
-0.015247008620864758,0.009925692284778386,0,1
-0.0141856558919483,0.007351946290164465,0,1
-0.015450930841823399,0.010520504634832305,0,1
-0.014498380480322901,0.005732584518871304,0,1
-0.016888139705396037,0.005233735142767077,0,1
-0.015664599856847358,0.007866763003497462,0,1
-0.016405431311974118,0.006915423909435433,0,1
-0.016227982345682717,0.007349337592702515,0,1
-0.015944945083808334,0.007886528308455066,0,1
-0.014637032057579486,0.008030956019523371,0,1
-0.014771708944832547,0.008729816038946799,0,1
-0.013704817978496656,0.008050468487462421,0,1
-0.015289525459904321,0.00984050586677031,0,1
-0.015809549385022496,0.01056869486795029,0,1
-0.014924609601616507,0.009130378721601114,0,1
-0.015053253741801628,0.009951355165884038,0,1
-0.015405952974864788,0.009788308144458694,0,1
-0.01465965384682128,0.007049969904984678,0,1
-0.0154389601086414,0.005846754611223106,0,1
-0.017592152336459905,0.006495014206875059,0,1
-0.014635191457918587,0.007649815694563197,0,1
-0.017140040005512808,0.008013118152480656,0,1
-0.015314565414129247,0.008027603047563156,0,1
-0.016353153536427748,0.00816476354752954,0,1
-0.015740362354202057,0.007173504573563569,0,1
-0.01492479518029265,0.008969341762522252,0,1
-0.015578415035679785,0.007735599515710142,0,1
-0.01479243110978012,0.0080444165794088,0,1
-0.016033667122845804,0.011462911440372942,0,1
-0.014129822205613556,0.009341905717023565,0,1
-0.015814440321145443,0.007238928569607284,0,1
-0.01531362657005464,0.007210484614564061,0,1
-0.015065372997283244,0.0073923361283653516,0,1
-0.015129698606310547,0.008007507388443545,0,1
-0.015822591274710737,0.008919326080121926,0,1
-0.015156396102028537,0.00807775555747909,0,1
-0.015870396091173234,0.008293523948085932,0,1
-0.014166162243700145,0.007061813518313844,0,1
-0.0139847029506153,0.008665412893330001,0,1
-0.015930406774074545,0.00926694603678321,0,1
-0.015016525318124758,0.008936330798679953,0,1
-0.0139666062321369,0.00923273437673531,0,1
-0.014359233572222517,0.009126213869519293,0,1
-0.01581124028009706,0.0068099492978525855,0,1
-0.016949795894089088,0.010012334935715562,0,1
-0.014465860959823263,0.00657087371533829,0,1
-0.014615561535151636,0.00834592324605005,0,1
-0.01633174064538107,0.007222053290467196,0,1
-0.0151149047433505,0.009546979560218022,0,1
-0.014354630090173242,0.008719776000051218,0,1
-0.01662143209452949,0.007539480807025086,0,1
-0.014910905088660536,0.008521897699735569,0,1
-0.014944175714839242,0.008502405840938749,0,1
-0.015189873637993734,0.008186987203132184,0,1
-0.013968395790575253,0.007876198146852255,0,1
-0.01738795545297583,0.008749789942099476,0,1
-0.015339399878068745,0.007215792456553489,0,1
-0.015898957012040096,0.005939719310237315,0,1
-0.015131515362711836,0.007482867233120317,0,1
-0.014688726754241432,0.007460671794810075,0,1
-0.014801491500314264,0.007843864507505606,0,1
-0.016355941613740297,0.010230307105143105,0,1
-0.015528829877187414,0.007817788812185667,0,1
-0.015315526099960768,0.00895174017810577,0,1
-0.014364242006549314,0.008798693403554745,0,1
-0.011720451487596272,0.007955959671580599,0,1
-0.014886178286819327,0.008628890530957965,0,1
-0.014871341971553367,0.0063910170952227825,0,1
-0.014068072102385167,0.010189278877892907,0,1
-0.015291432036704303,0.007030388690228941,0,1
-0.01554208784774858,0.007862980450903695,0,1
-0.01617492848915033,0.006942990417941941,0,1
-0.015720316562478163,0.008906304946013454,0,1
-0.014329883675020574,0.007865239364749647,0,1
-0.014291173311565677,0.0075700351143912405,0,1
-0.016040072117382505,0.008264947097811544,0,1
-0.014548807187182374,0.008482438601022695,0,1
-0.014383959467941866,0.008295835154562812,0,1
-0.015192131459032724,0.009467273783956499,0,1
-0.015059047424606094,0.00842580378444924,0,1
-0.015170451758934451,0.004909222556846503,0,1
-0.015168188349039049,0.007366838905364332,0,1
-0.014306802476264611,0.007752004894706341,0,1
-0.015436190420699145,0.008554761233668079,0,1
-0.014560048765011166,0.007485765932460744,0,1
-0.015492882495378236,0.009368269875858167,0,1
-0.014177528332440799,0.008867818077096235,0,1
-0.013567994840028552,0.008160773398556559,0,1
-0.01492709883745866,0.00829948355181586,0,1
-0.014624286643170902,0.006390529537483484,0,1
-0.01689964872349384,0.0058006289149445805,0,1
-0.01641883942059934,0.006549757273303992,0,1
-0.014314146378302167,0.007327482682842155,0,1
-0.014709441563913822,0.007169362822764599,0,1
-0.014593922182743236,0.006564534208082485,0,1
-0.01570883170286359,0.007690302244330419,0,1
-0.014445406402418684,0.007857025732121414,0,1
-0.014681612129017045,0.008377927079931038,0,1
-0.01291433561335853,0.009195864430649084,0,1
-0.01296569346819615,0.008664808277324675,0,1
-0.015615657579369287,0.006943501972969027,0,1
-0.016486219899909088,0.005383945547090045,0,1
-0.014846111280469766,0.007026514510085406,0,1
-0.013234556666728478,0.006467264417998366,0,1
-0.01469437642649909,0.006675990856528769,0,1
-0.013908413719801347,0.007937956984465993,0,1
-0.013370028354285987,0.007076554169294953,0,1
-0.015529810296033515,0.00918862183623597,0,1
-0.014404816077236695,0.008850263290980029,0,1
-0.01682074707748733,0.003986174666186351,0,1
-0.015140818236854967,0.007261848434816864,0,1
-0.014668573404534395,0.005535587552488111,0,1
-0.01495263253926003,0.004539737007542837,0,1
-0.01218385129372808,0.00826324647738379,0,1
-0.014734845295335435,0.00860187725784686,0,1
-0.01334456481618263,0.007821719399721165,0,1
-0.012765549071731407,0.007898902711547704,0,1
-0.013986364711823103,0.008579800928887344,0,1
-0.012620688703831843,0.00955336354617435,0,1
-0.014433888358611433,0.007960175030729114,0,1
-0.015088269418500682,0.007173383065473904,0,1
-0.013445817885334952,0.007920731452480761,0,1
-0.014984689925004535,0.008040467473030118,0,1
-0.014588568033889351,0.00678621895886953,0,1
-0.013620931832720073,0.00848035249406649,0,1
-0.013425569724368003,0.008754160290539886,0,1
-0.014208368486261435,0.008717091572991184,0,1
-0.014764168175003504,0.009307437704381341,0,1
-0.015589961563280842,0.007445523132115457,0,1
-0.014272442329547955,0.0074151256911543775,0,1
-0.01286361910583278,0.007674788572293386,0,1
-0.014589071346629545,0.00749980329298158,0,1
-0.01379367529981275,0.00971452286155018,0,1
-0.014185639452985963,0.007196654652376408,0,1
-0.012590978132943418,0.009493826810524292,0,1
-0.014418587797065669,0.008619938759481116,0,1
-0.011614835802755167,0.0093318233300762,0,1
-0.014531162977702168,0.007244542499750603,0,1
-0.014963887538795352,0.007442735682307565,0,1
-0.014854174755247983,0.007308459508128565,0,1
-0.014018924422720265,0.008106549514818175,0,1
-0.01473213806162767,0.0055142793450405295,0,1
-0.014143587489090755,0.010107195143846845,0,1
-0.015061388714345748,0.008123054013058108,0,1
-0.014850158389835605,0.007046333141877977,0,1
-0.014616150350022814,0.007915011742326934,0,1
-0.01373488870646192,0.007460322026993483,0,1
-0.013971364577990504,0.00901883778959096,0,1
-0.01516552804535558,0.007649506226147479,0,1
-0.013736077938086563,0.008140378479277496,0,1
-0.014035873932544709,0.008178302960989208,0,1
-0.014128954186655196,0.007129818977010917,0,1
-0.012950044402994593,0.006896807914648624,0,1
-0.015020367788684992,0.007243405209128241,0,1
-0.015892361801585177,0.005400803435552142,0,1
-0.014774010538022306,0.006494121299926908,0,1
-0.013981518347460808,0.008052671016459128,0,1
-0.015003900043555014,0.0066314443607452265,0,1
-0.014391823828970925,0.006848187176016063,0,1
-0.014462569350083958,0.007349564236117759,0,1
-0.01453996747902417,0.008177980471796745,0,1
-0.014182287884487844,0.00621448520929392,0,1
-0.014541732773372198,0.006554837477121788,0,1
-0.014439378314810807,0.007794579344821836,0,1
-0.013872629801574709,0.007948203911788581,0,1
-0.014265318652126704,0.007077690652483379,0,1
-0.015127177395750896,0.006033195355933331,0,1
-0.012825059245924897,0.007468322329290946,0,1
-0.014315974134616053,0.009189746104533643,0,1
-0.0171506080709052,0.009114434410730649,0,1
-0.013828756407607914,0.008232571263615231,0,1
-0.013081528378664824,0.007645244586737967,0,1
-0.01479148446717594,0.007208676291087878,0,1
-0.013591572561476476,0.007033724157355673,0,1
-0.012276749086587277,0.0075882912344609485,0,1
-0.013102225542594685,0.006472864186220882,0,1
-0.013587855563701833,0.007586239343289322,0,1
-0.01415944029811213,0.007017036665407337,0,1
-0.013720506682043217,0.007242253184621405,0,1
-0.014944151309403355,0.006985757272707278,0,1
-0.01586737108651429,0.006780743777410132,0,1
-0.014132768794836428,0.0057757842749229,0,1
-0.015335732728478973,0.00715761274443303,0,1
-0.01327435565763734,0.007022976431469756,0,1
-0.014411307469453254,0.007649723487592822,0,1
-0.013013751079806249,0.008306941978437067,0,1
-0.015126310272336994,0.0057053703577494615,0,1
-0.016921129454852687,0.009663220653970487,0,1
-0.014156061524611269,0.007783292337432601,0,1
-0.013449854100083472,0.006590796922754662,0,1
-0.014740103694279036,0.0076362779190882486,0,1
-0.014139370282008653,0.009172250670908001,0,1
-0.013195399387294299,0.006924628607899987,0,1
-0.014097637194724745,0.0074945428591021495,0,1
-0.013048575595953247,0.00811832967118161,0,1
-0.014647461456099131,0.0070389360284792086,0,1
-0.01229120960974955,0.008801661370923542,0,1
-0.013306106626341841,0.0068376176861945056,0,1
-0.013154901698055263,0.007045866841099689,0,1
-0.01571129813838808,0.007077567000188615,0,1
-0.013787819653352948,0.007329745635453527,0,1
-0.010420514068807922,0.008009417571724336,0,1
-0.014958307991362225,0.004924261254307665,0,1
-0.012798086234616137,0.006426815037600448,0,1
-0.014163736548365528,0.007524888625612844,0,1
-0.015148917637986418,0.004325579770954815,0,1
-0.014565257171964599,0.0034624001156315187,0,1
-0.01744540266823002,0.0028182372573289003,0,1
-0.0196879366896665,0.0042582115099481085,0,1
-0.015776619373773507,0.004333999145874136,0,1
-0.016119977805698904,0.0042565404640985405,0,1
-0.017554015172082375,0.004022478254277867,0,1
-0.01578200488659715,0.003398604064514296,0,1
-0.016734294488690262,0.003727708360051998,0,1
-0.0169007921314118,0.0029536970655626485,0,1
-0.017124157731310666,0.005278020235744323,0,1
-0.016829223296153502,0.002595203455454388,0,1
-0.016026449898498468,0.003619442584990904,0,1
-0.01749278992638513,0.002922794159410903,0,1
-0.017511330245434192,0.00562534732237027,0,1
-0.014898239398468096,0.004955551974322704,0,1
-0.01639662754315691,0.004436116057742656,0,1
-0.015698657204139276,0.004294238424476617,0,1
-0.016019751140932775,0.004276973141713656,0,1
-0.017728124699188066,0.005300534471969312,0,1
-0.015553013019056126,0.002043136541210205,0,1
-0.014279502538159825,0.0018755116325370506,0,1
-0.01670358720929676,0.0036884859325730093,0,1
-0.016277940213338428,0.0051904521027653795,0,1
-0.015644404960333973,0.00278749295569408,0,1
-0.015562638751249748,0.002150115985865767,0,1
-0.01499178502342411,0.0050047243513972935,0,1
-0.014848784041731778,0.004088039208356448,0,1
-0.01594197737439027,0.00446876159577683,0,1
-0.01604598527811814,0.004232770406573688,0,1
-0.01514555277272513,0.0037852391729278406,0,1
-0.01703888886916736,0.003976527014433696,0,1
-0.016551386893750544,0.004338862366384897,0,1
-0.016329593052954845,0.005570038149288057,0,1
-0.016052230449086817,0.004767357696905878,0,1
-0.016142080914487374,0.005166581776297994,0,1
-0.016813685857512462,0.005108041598085219,0,1
-0.01565017468272106,0.005466515073493378,0,1
-0.017535394194477822,0.002580424430760169,0,1
-0.015492842487666933,0.004599492447265587,0,1
-0.01679347123299044,0.0033290746645893775,0,1
-0.015884803165807093,0.004124195322860255,0,1
-0.014899042181922516,0.005015719007154537,0,1
-0.01714113589326981,0.00457630386389611,0,1
-0.016237018912805965,0.0042202666842959344,0,1
-0.016754054288153006,0.0035941465924512,0,1
-0.01735260095314214,0.00403135105888891,0,1
-0.018203021120576413,0.00457491942892437,0,1
-0.015816415956429936,0.0023204504120553316,0,1
-0.015001479509693794,0.0044350013875714845,0,1
-0.016712836690577666,0.004558287160721035,0,1
-0.015354811582964176,0.00470373836052084,0,1
-0.015474482830413258,0.004789689907515049,0,1
-0.016291653227790182,0.004029836018719234,0,1
-0.015975446345661844,0.0039091706450003465,0,1
-0.017768984611199044,0.002273078734733287,0,1
-0.016173501377102384,0.0043924962994070175,0,1
-0.01679753247904358,0.004312944836421362,0,1
-0.015512594026550542,0.006702878125788276,0,1
-0.018311219753813276,0.0011553700426514687,0,1
-0.018075673398925508,0.0036304979443087327,0,1
-0.01831289733875894,0.005141242580627056,0,1
-0.014831005642815663,0.005452787076032294,0,1
-0.015459428885227977,0.005454015989832686,0,1
-0.01579229109396162,0.004053140394228065,0,1
-0.01833219854964636,0.0018735546163572312,0,1
-0.015740013650936722,0.004378048731704281,0,1
-0.014994149402107828,0.004705309516875359,0,1
-0.015756609631640304,0.005309809045162502,0,1
-0.01857758362368634,0.0023370454174329192,0,1
-0.01731051967310364,0.00420663302252645,0,1
-0.0188897538075935,0.006026717639696238,0,1
-0.015465533495836277,0.004406754147938766,0,1
-0.014987936967205023,0.004603745822163071,0,1
-0.01614738026982823,0.008933257272965933,0,1
-0.014240401517520419,0.005225351073579898,0,1
-0.01664428624076372,0.005163456714590805,0,1
-0.016491467574917266,0.0048170463108130656,0,1
-0.015092016104201,0.006630269885212486,0,1
-0.01389934710219634,0.006610534362185964,0,1
-0.016570772418727984,0.004669839823997877,0,1
-0.018423611788604653,0.004938725617347091,0,1
-0.01780945908594452,0.001493367611919262,0,1
-0.015950738183809952,0.004409494166014146,0,1
-0.015467719157915968,0.004152574055160179,0,1
-0.014866670283320418,0.004091682750528362,0,1
-0.016099723763034007,0.003511210478886548,0,1
-0.01731581864861712,0.00479227273047736,0,1
-0.0167043817242963,0.004872747371657882,0,1
-0.015911163096501785,0.004897353440276868,0,1
-0.015034344994554185,0.0010614537024684354,0,1
-0.01511702083884849,0.004544312680573214,0,1
-0.016161688667797457,0.004373649266089487,0,1
-0.014493130862567203,0.004536659848697348,0,1
-0.017041999503017605,0.0060931313100230445,0,1
-0.016396493375679236,0.004241990786104684,0,1
-0.016208207643646392,0.0046955109602211925,0,1
-0.015701311030654273,0.005139438641171189,0,1
-0.015372765110146656,0.006157500235828337,0,1
-0.016147075617007952,0.004819304118805137,0,1
-0.01786968114291977,0.00563981075455671,0,1
-0.01625189214534117,0.00443158879510103,0,1
-0.014802718447644213,0.005637020846625349,0,1
-0.015419073235210193,0.007233526609374523,0,1
-0.017379393716136553,0.005737335483743958,0,1
-0.017120451418551386,0.00541347205531251,0,1
-0.01652546793273474,0.004878173678733529,0,1
-0.017045386161738472,0.005915563198983426,0,1
-0.016797464757177017,0.005986132681332538,0,1
-0.018990208333912576,0.0042738306983347895,0,1
-0.01730965551776581,0.004523620773504351,0,1
-0.015620681431900938,0.0062493664061737016,0,1
-0.016514651294607625,0.004772068340724304,0,1
-0.01608449757803692,0.005176573901605115,0,1
-0.017892567509278725,0.0019198741427874,0,1
-0.019906476847850567,0.00458591825508349,0,1
-0.017074941737864894,0.005893601080650152,0,1
-0.018505433866404263,0.005466200420964474,0,1
-0.01663039601030435,0.004329413623485226,0,1
-0.01661600116162868,0.00577176961575784,0,1
-0.01519349869859775,0.0058599458294666205,0,1
-0.014827213157386237,0.004686827711625817,0,1
-0.01574999468441898,0.006173152807859645,0,1
-0.0164311991250609,0.0051420992660178595,0,1
-0.017636213474661697,0.005189126537191943,0,1
-0.017134872063512736,0.004822219818349708,0,1
-0.01684031716479628,0.005562672918164327,0,1
-0.01763227685383,0.005377320399003893,0,1
-0.016272679711457183,0.004015966814337185,0,1
-0.016181914035837224,0.005331649424377775,0,1
-0.01722721401554524,0.00526891370105289,0,1
-0.016780089952881595,0.004572570851031286,0,1
-0.015419435333417702,0.0035799064896511377,0,1
-0.019161822317737654,0.0029654093796060077,0,1
-0.016767831151904812,0.004716499710227279,0,1
-0.018418477015043944,0.004565173670980983,0,1
-0.015579363582453884,0.008549972733368393,0,1
-0.016358319137528575,0.0049171460937882305,0,1
-0.013054694816189295,0.00560660182248151,0,1
-0.015724811947361993,0.004422593584152686,0,1
-0.01602890941973072,0.0077280269627584795,0,1
-0.015808079684349042,0.0047029326330025635,0,1
-0.019853407855247862,0.0038411072197436827,0,1
-0.01650013804486989,0.005680140693057942,0,1
-0.016029763138609546,0.00454970768786183,0,1
-0.01613843056944873,0.0056077106614271415,0,1
-0.01657550680366581,0.005593133575215681,0,1
-0.0157516231988088,0.004877077054502546,0,1
-0.017109622821900004,0.006601724411347508,0,1
-0.01760445210071669,0.005628748551908808,0,1
-0.01601846288188284,0.005635895550417462,0,1
-0.017171646988991648,0.006160070481527853,0,1
-0.01675761859717158,0.0068855096136700945,0,1
-0.015609494550795787,0.0056624923624890525,0,1
-0.015867423364587224,0.005302540592310047,0,1
-0.017307281698197258,0.00168028450371001,0,1
-0.014704888031432462,0.004766054141389399,0,1
-0.016684881939114153,0.005629864432419462,0,1
-0.016136560351014677,0.005836341073013688,0,1
-0.01715253973123157,0.004966520653252108,0,1
-0.01718617619480002,0.006349555958189259,0,1
-0.014577687937828876,0.007289535945308625,0,1
-0.016052532506282167,0.0057299239355966085,0,1
-0.01631466050288919,0.005676605752970217,0,1
-0.01643246330613719,0.005533302031763502,0,1
-0.018342152674655048,0.006691555824481782,0,1
-0.016973380265386147,0.006270411963395383,0,1
-0.01709127963718741,0.005121395341484157,0,1
-0.012561914195900876,0.006487998150308837,0,1
-0.01676492068513628,0.006102099333178986,0,1
-0.01782126115664195,0.006403843856727255,0,1
-0.017102745998767672,0.005180357033380878,0,1
-0.016888068560168147,0.007393218594678601,0,1
-0.016307990609326934,0.005713739584672601,0,1
-0.015559271010153603,0.0056887580874372635,0,1
-0.016132743890651606,0.004955122498352976,0,1
-0.01702679880846365,0.008942131566199558,0,1
-0.016196068407117695,0.0060265141183394565,0,1
-0.013306175204013346,0.005543397778940111,0,1
-0.0165055181462893,0.0076968372390847474,0,1
-0.019724332509206972,0.005034141342452692,0,1
-0.01638918757208492,0.00883326144584745,0,1
-0.015988590931803572,0.005924036100897336,0,1
-0.01614753274098243,0.0052727095615639685,0,1
-0.016664144821866442,0.007148535994356048,0,1
-0.016978767243379184,0.005400772493910191,0,1
-0.017460471023791713,0.005134305338065766,0,1
-0.015871888749374747,0.005443442405081687,0,1
-0.016888980071315052,0.006861663335978172,0,1
-0.016455276367898054,0.00624144015258403,0,1
-0.0171046935821569,0.005860232811265114,0,1
-0.01717654252442036,0.007367058434107664,0,1
-0.016240477218497505,0.006963172011586729,0,1
-0.016914455088685425,0.006386626831398774,0,1
-0.01743958686740203,0.005393125101934255,0,1
-0.016894510624446545,0.006233852050604298,0,1
-0.01770237498010079,0.004461182739463748,0,1
-0.016294851833536697,0.006268131670309778,0,1
-0.016039778150141154,0.007195742794830799,0,1
-0.015143785375982682,0.0017976026892874309,0,1
-0.01812672213780585,3.073252990601042E-4,0,1
-0.019273950246218065,-1.664810636654751E-4,0,1
-0.01917349163279142,9.613750505843767E-4,0,1
-0.020137912504129312,0.0016680557302314433,0,1
-0.018018095571233215,0.001383617105492571,0,1
-0.018193983794363364,0.0012711128955484833,0,1
-0.01779664169144772,0.002162461397758522,0,1
-0.016486787417221545,0.0035385887302263512,0,1
-0.017634860303759516,0.0015592083497088672,0,1
-0.019672235595171835,0.0012705179150073612,0,1
-0.019095344058138515,0.001708773059771624,0,1
-0.01747159999749108,0.003275615971512255,0,1
-0.016780777078699995,0.0034991627185184796,0,1
-0.014956860265129119,2.885033226052925E-4,0,1
-0.017385962224327447,0.003164169700970231,0,1
-0.017876150921247547,0.0022787823871659035,0,1
-0.01815205829410656,0.0011898849806222104,0,1
-0.018632685431616582,-3.2304239845660094E-4,0,1
-0.01674276198442388,4.7041931194212965E-4,0,1
-0.017661135687527838,0.0013910833996038559,0,1
-0.01809300309477675,0.0015488106331960317,0,1
-0.01659132196322422,0.0037893743495290857,0,1
-0.01704072711203226,7.220005139569179E-4,0,1
-0.014415293076360091,0.0024728439431812347,0,1
-0.016331220877217768,9.126280047695275E-4,0,1
-0.018640791351675064,0.0024247003779036074,0,1
-0.01864240956220644,0.002153031073944981,0,1
-0.017040818472861416,0.0035239453131157964,0,1
-0.01642944831071438,0.005334921403720454,0,1
-0.01699402503265843,0.004275823305338693,0,1
-0.017689419906916293,0.0031072417411610524,0,1
-0.015048698109109419,-2.2751249531261352E-5,0,1
-0.017798315702384025,0.003023869042087532,0,1
-0.01779743137107487,6.378930211914431E-4,0,1
-0.017340418461526258,3.8892359427265995E-4,0,1
-0.017164129061422312,8.782346068475423E-4,0,1
-0.017111002513890815,0.001047375869410035,0,1
-0.01782496074862298,8.975888769668E-4,0,1
-0.019383490478061448,7.16426493662208E-4,0,1
-0.018128137276875254,0.001323375420873574,0,1
-0.01786030483133817,0.001514656198383923,0,1
-0.0196988894103554,0.0031041703779158113,0,1
-0.018109596583133086,0.0035615615216931097,0,1
-0.017203689351408053,0.002029844603880949,0,1
-0.01737078890245694,0.0033854609940329175,0,1
-0.01921909142047051,0.002648746953473228,0,1
-0.01755911612580718,1.2440441673948312E-4,0,1
-0.017951922321312333,-5.094930386267216E-4,0,1
-0.019426991341004424,1.2342703513800173E-4,0,1
-0.018025127070403272,0.0013704884508131474,0,1
-0.017588718620444553,-1.3438913831307275E-4,0,1
-0.016605208113610746,0.0034098988758369734,0,1
-0.016400814097013935,0.0018970372024384968,0,1
-0.017842831361216366,0.0031456032112586923,0,1
-0.01823747489079575,-4.462131894643805E-4,0,1
-0.018582306098054526,0.001901070413409475,0,1
-0.017835824380869655,0.00365346029690662,0,1
-0.017343912085936962,0.0033089247986669407,0,1
-0.018758668705736482,0.0030125743002966687,0,1
-0.017683230937592817,0.0030580311118820038,0,1
-0.015326769620066622,0.004337900167694548,0,1
-0.017423955453651892,1.0595556124993022E-4,0,1
-0.01775868072754965,2.1759314078872047E-4,0,1
-0.019637418616060165,-3.197559330110194E-5,0,1
-0.018528829772239887,0.004021225042054634,0,1
-0.018034854548144442,7.743359917397798E-4,0,1
-0.017807515900883288,0.0017194718020987257,0,1
-0.014645690003574892,0.002378254721526945,0,1
-0.016917765268306725,2.816396601608984E-4,0,1
-0.018118725917575455,0.0013200421992102438,0,1
-0.017206939832968664,0.0022357395373964707,0,1
-0.01664455485410567,0.0024037205758577905,0,1
-0.017255548719431035,0.0027728533389238933,0,1
-0.018265364927350584,0.0034341916569111033,0,1
-0.01629951609454588,0.0011352338457444456,0,1
-0.016427220924865333,7.117306468889021E-4,0,1
-0.018354896862530123,0.0018006319789704082,0,1
-0.017284524437533044,7.073823881826227E-4,0,1
-0.017187552948749615,-9.680155383547681E-4,0,1
-0.01739941503866185,0.0014486650695371137,0,1
-0.018293530601364415,0.001406722577925358,0,1
-0.015041672420874638,-1.8598586025193937E-4,0,1
-0.018343573882195298,0.002368748254183494,0,1
-0.016943689044412003,-7.156518139183114E-6,0,1
-0.017234999557778134,0.002673933958752183,0,1
-0.01734903520869297,0.002044000776884518,0,1
-0.01822706973930343,0.003482443171815152,0,1
-0.01724790448906365,0.002803815761663545,0,1
-0.01670410829984736,0.003192920441148819,0,1
-0.015537833310847215,0.0018230372262895505,0,1
-0.01732561749124623,-9.960236103026108E-5,0,1
-0.017476746597410064,5.703733286181218E-4,0,1
-0.015750084746052672,4.2834981520249266E-4,0,1
-0.015141602909113384,0.0024054544641740317,0,1
-0.01536750166246228,0.0033814217487969696,0,1
-0.017525156426666504,0.0015348089443065424,0,1
-0.01863632534337886,-9.928204180335613E-4,0,1
-0.01679725818950173,0.0019710802237171174,0,1
-0.01917871861754132,0.004035797068931363,0,1
-0.01804321212436138,5.336538157412068E-4,0,1
-0.016544214738345574,0.0021870966976707874,0,1
-0.01690289253627366,0.0023916345244074213,0,1
-0.020746521853865007,4.6625766821012783E-4,0,1
-0.019729053457459796,4.898546913620329E-4,0,1
-0.017030222035191254,0.003479369807628641,0,1
-0.01636528428857007,0.0016973538837842413,0,1
-0.01844556150935025,0.003274579318472163,0,1
-0.016758255938831554,0.0020247654122228253,0,1
-0.016799826706811443,0.0027193905835363385,0,1
-0.01660877256554106,0.002196625223697815,0,1
-0.016755435644696746,0.0027310949200198393,0,1
-0.01650504525238057,0.001651887332962159,0,1
-0.017433127182712744,8.51943113421075E-4,0,1
-0.01740787440238023,0.0022665765208459885,0,1
-0.01771884721264038,0.002484692650455724,0,1
-0.016361929783498142,3.672861756422144E-5,0,1
-0.016554595367057397,0.001236848899254422,0,1
-0.01668973474427627,0.0011362969293121838,0,1
-0.01683132211685217,0.00265153352117817,0,1
-0.017827386429755575,0.002022109882991329,0,1
-0.01669368803080416,0.0024858788041915427,0,1
-0.01686289799916712,0.0017112989453538854,0,1
-0.016157327284221985,0.0024236203278288192,0,1
-0.016887284344986132,0.002529532955105634,0,1
-0.016972930709882372,0.0031777287109092337,0,1
-0.01516443929301378,0.0028013515879725857,0,1
-0.01929671697173187,0.003815767610474256,0,1
-0.019213711873055504,-5.452068362632532E-4,0,1
-0.015016295519705918,-4.451602271469922E-4,0,1
-0.01615659667405437,1.7435841349628037E-4,0,1
-0.017397866095253674,6.102280789866376E-4,0,1
-0.016609275736705655,0.0012637205596633288,0,1
-0.017592975500596315,0.0022646094268751965,0,1
-0.017281609049189916,0.0015941556267130281,0,1
-0.017026434741107363,0.002656945652420627,0,1
-0.016592798187175625,0.0011699062953784707,0,1
-0.018123127289397523,6.805187235247368E-4,0,1
-0.017031482403742942,0.001217789592591734,0,1
-0.019046759422867005,6.088523432279311E-4,0,1
-0.01719795667724191,0.0014543584954282635,0,1
-0.017170243285887593,0.001121449753393694,0,1
-0.019677640685455928,8.854907076329024E-5,0,1
-0.017440411731602174,0.002318883190122233,0,1
-0.01684607530745247,0.0014556446273328195,0,1
-0.01701302050633428,0.0016788464930794437,0,1
-0.01886084386875034,0.0027849393382557977,0,1
-0.01801424307369754,3.4613573949831514E-4,0,1
-0.017712945338308687,0.0033518552391850723,0,1
-0.016280092878131775,0.0030565975146133596,0,1
-0.016743323771964958,0.0014188676125053267,0,1
-0.01810020549628821,0.0014697156655650802,0,1
-0.01671055024946103,0.0012900655083460865,0,1
-0.01675622050911933,0.0010349443730133681,0,1
-0.016656585629535394,8.909741293210969E-4,0,1
-0.01702076054173341,4.8132978262210586E-4,0,1
-0.016286967605807456,0.0014073844675864553,0,1
-0.01675805683669747,0.001979651988516897,0,1
-0.017682031292805364,0.0012889184888513353,0,1
-0.013552781637224672,0.0017774154654655765,0,1
-0.01890932384332727,0.005284864246426777,0,1
-0.01556024264837688,0.0026095318192961635,0,1
-0.017484947374110417,-2.6184361412279466E-4,0,1
-0.018971497612920142,0.0010383747031031691,0,1
-0.01714385841209735,0.00205891423395959,0,1
-0.016165862266596914,0.003152597385517066,0,1
-0.01417279114475371,0.003001446379423985,0,1
-0.019038524054940584,0.0021087339820238435,0,1
-0.019059914371921612,0.0015429665970096039,0,1
-0.01776319133650511,0.002660958665989356,0,1
-0.019241565253913264,1.1211065972439317E-4,0,1
-0.016203223592307615,0.0037150266619678184,0,1
-0.016609072438892668,0.0013896914688316467,0,1
-0.016876317381705495,0.003138194720330952,0,1
-0.017557283855363315,0.001721681714576879,0,1
-0.016553013665730764,0.0012291173119287843,0,1
-0.016306261774160998,0.0017439661527214963,0,1
-0.01694018115493452,0.002552147346776351,0,1
-0.01670229502606599,0.002085898512917648,0,1
-0.01613192969187168,0.002966423367958109,0,1
-0.016124434571305992,9.286632213401977E-4,0,1
-0.015615734827114246,0.0020556876156429455,0,1
-0.016388256999640638,8.836949317906007E-4,0,1
-0.016938490262290898,9.751066925176467E-4,0,1
-0.016785468877303752,8.708912017730956E-4,0,1
-0.016050359105064357,0.004775199858152937,0,1
-0.016985352252187915,0.0019414262055551705,0,1
-0.017680071495658728,-2.678734703243102E-4,0,1
-0.01610665057331791,0.001968552758640991,0,1
-0.016434606929812686,0.0031612672098786923,0,1
-0.0172426769480032,8.15309288604463E-5,0,1
-0.016482983420004732,7.227167897416339E-4,0,1
-0.013099573975419717,0.002460347579348063,0,1
-0.016345959361546248,0.0021556940214963556,0,1
-0.01593310934199866,0.0011235882373004595,0,1
-0.017166358410675785,0.002272692284123455,0,1
-0.016380810510195364,0.0016368127046609087,0,1
-0.016174228626596537,0.001821179390030985,0,1
-0.015147987645488435,0.00173121198438081,0,1
-0.016136133677079976,0.0029404078916311564,0,1
-0.015344920586956799,4.35348622826356E-4,0,1
-0.01864718066253293,1.2119101026542367E-4,0,1
-0.016459832990110414,0.0011840222320662233,0,1
-0.017423095221333295,0.001554738480340271,0,1
-0.0162115619720237,0.0015949980369950392,0,1
-0.015600537440035561,9.300529801525333E-4,0,1
-0.016438757894886382,0.001857917873007268,0,1
-0.016813338442646424,0.0015199028576756742,0,1
-0.016527468914781237,0.0012123619734339677,0,1
-0.01563305869465904,0.0020383950825040987,0,1
-0.01699542928939685,0.001517175020802073,0,1
-0.016173174349194738,0.001361489874552229,0,1
-0.016105314266367708,0.001646180740827582,0,1
-0.017481045459342495,0.002618002895288234,0,1
-0.01647851397598994,0.002155562351568657,0,1
-0.01633661535560597,0.0018121937718282785,0,1
-0.017120944475042737,-0.0015213172775732089,0,1
-0.016234039963528783,0.001125630256992595,0,1
-0.015595314531725071,0.0013615534163929923,0,1
-0.016127497655039635,4.6012667427883523E-4,0,1
-0.0171719243964137,0.002349948538727155,0,1
-0.01894468896006596,7.003460035355699E-4,0,1
-0.01692332113850588,7.896036533243655E-4,0,1
-0.015773488371292135,0.002193567906359231,0,1
-0.01772022274230219,0.0024134639279652366,0,1
-0.015547457500904603,3.343613893880628E-4,0,1
-0.017899312449172037,6.92161545775293E-4,0,1
-0.015184155118827663,9.241067726020697E-4,0,1
-0.015385886206823561,0.0011892845869855956,0,1
-0.01583465295638161,0.0034195750608659475,0,1
-0.015116611405541158,0.0010653841836712494,0,1
-0.015825796322702746,0.0010514485776874514,0,1
-0.015456935690424344,0.001995972677985138,0,1
-0.017828803218411685,9.820617445538795E-4,0,1
-0.016953747715320756,0.0013424543568537433,0,1
-0.015637061395937547,-2.03588426510637E-4,0,1
-0.015168443399272027,0.0018966976384401318,0,1
-0.017521700114813608,0.0010677352220658173,0,1
-0.017294410871666083,5.224422357975017E-4,0,1
-0.015179488785431718,0.0012068748583342088,0,1
-0.015763310440233116,0.0016558197283604397,0,1
-0.015755788535059444,0.0018323100428267413,0,1
-0.01467211668898216,0.004413807359089941,0,1
-0.016352513543876627,0.001220578645155407,0,1
-0.01693228463839984,0.00168682924403034,0,1
-0.014603877635933366,3.9013594268401923E-4,0,1
-0.015496020207055485,0.0019016704268824947,0,1
-0.01571568941780081,0.0018754456751708078,0,1
-0.018263060236725595,0.001496494319328484,0,1
-0.014579351470743919,0.002542813386872181,0,1
-0.013545981367302971,7.630968039369071E-4,0,1
-0.014591784800188407,4.61540917753921E-4,0,1
-0.015896256668358415,0.0023097954614051475,0,1
-0.016064063733843337,-0.0010841294153738916,0,1
-0.012957714491149254,-8.117781772707243E-4,0,1
-0.01864319872094381,-1.2112043460079999E-4,0,1
-0.015737610260482003,0.0013345882931151902,0,1
-0.015635144861411723,0.0020741922249757666,0,1
-0.015409810544754158,8.423093136444405E-4,0,1
-0.013497125848479534,-0.0014870840407862503,0,1
-0.017390014715795238,0.002521895827182359,0,1
-0.016579401618533288,8.011913090530392E-4,0,1
-0.015402485233587011,9.845989019365343E-4,0,1
-0.014034607860344103,7.458093568929532E-4,0,1
-0.014695671990717097,0.0018868471130372903,0,1
-0.01679668948964385,0.00240748902600432,0,1
-0.01572892879571147,0.0011867384623198318,0,1
-0.015678314282473283,0.0017741501833681164,0,1
-0.014791290058595396,7.092700556445763E-4,0,1
-0.015317014742550476,0.0011405905362732913,0,1
-0.014959246398931425,0.0029434135535975833,0,1
-0.015113853001840162,0.002135612931986382,0,1
-0.015029422208397713,0.0014747026699429159,0,1
-0.015101584407318843,0.0014743516102104126,0,1
-0.018184443779772998,0.0037005368742999505,0,1
-0.014025323114643884,0.0022758451215264346,0,1
-0.01468804875645874,0.00127451664209235,0,1
-0.009218139826890445,-0.015278756083630845,0,1
-0.008257070585681115,-0.016161736905642324,0,1
-0.007207161671586137,-0.01588699874233493,0,1
-0.009752791056568495,-0.014894517993743776,0,1
-0.009480543744790295,-0.014297912614462168,0,1
-0.009329331524959638,-0.014715346188157934,0,1
-0.007632243481118279,-0.014942624321201359,0,1
-0.009464633787802379,-0.014930068151935337,0,1
-0.00805224134550598,-0.014750915833786044,0,1
-0.0064498322392333995,-0.015236928611444782,0,1
-0.005464755955175529,-0.015721233672047863,0,1
-0.008724393560979895,-0.01509394012891131,0,1
-0.007462112722531558,-0.011952251116032203,0,1
-0.009516748230976235,-0.013602089174544472,0,1
-0.006611571182353267,-0.012797054735923435,0,1
-0.008576622029012012,-0.012160890527142029,0,1
-0.010023461985624682,-0.015429789630064748,0,1
-0.009424931337154645,-0.014927545523587524,0,1
-0.008640487515175238,-0.015856840162064983,0,1
-0.009240092132494025,-0.013973196403149429,0,1
-0.007506910549821206,-0.014172803222569813,0,1
-0.00837118010573556,-0.014537562545487747,0,1
-0.011514213917169617,-0.01530214106368114,0,1
-0.00945971292975716,-0.014238413462763548,0,1
-0.008228198203141234,-0.01520516004608116,0,1
-0.008635283211520973,-0.014296321884782042,0,1
-0.008552676240555016,-0.013254952251134882,0,1
-0.008170552848894166,-0.01060642352022728,0,1
-0.007102922527422662,-0.013937008129569316,0,1
-0.010468573417105985,-0.012888033277894981,0,1
-0.007015431980647265,-0.013159305981092728,0,1
-0.008611844050051666,-0.013984411627917009,0,1
-0.00983885785524512,-0.014649532751358793,0,1
-0.00960178651256695,-0.01499325647082491,0,1
-0.009539652845102465,-0.013268380801203952,0,1
-0.009214724847887735,-0.014513847108400342,0,1
-0.00877496579421333,-0.014363584437586473,0,1
-0.005522518610069109,-0.01466753252466206,0,1
-0.01162836605212227,-0.014057135520720321,0,1
-0.009618743043960024,-0.014087421259525161,0,1
-0.008654132041428413,-0.015192859208010282,0,1
-0.008169539107336069,-0.012965337437476568,0,1
-0.007589411998567249,-0.01372108198449273,0,1
-0.006166700527716097,-0.01265309745214,0,1
-0.0077228519468112,-0.013794417722102386,0,1
-0.007422412823696058,-0.014287045958431985,0,1
-0.010442624700743867,-0.01579548859891452,0,1
-0.008788653562520617,-0.015825290250575465,0,1
-0.007784429569344935,-0.01455604925954735,0,1
-0.007614928796146883,-0.013603694081545473,0,1
-0.00982043659241138,-0.013509087901004389,0,1
-0.007561235689019531,-0.015529947144076572,0,1
-0.008610275318813797,-0.01431367258952863,0,1
-0.0085148318455083,-0.01724042341420033,0,1
-0.007825646968711774,-0.013430838083305764,0,1
-0.00734459763050746,-0.014593514169342924,0,1
-0.007946026315034854,-0.012985222594801437,0,1
-0.007425466490738567,-0.013891451253085909,0,1
-0.007289579459399298,-0.01291965550053523,0,1
-0.005835559745785101,-0.013677805452064,0,1
-0.009137953620082812,-0.014221756067146775,0,1
-0.009304118755724514,-0.01490854688762573,0,1
-0.009031175594721639,-0.014903247341005227,0,1
-0.008181022422117943,-0.01439777450433008,0,1
-0.00864945323562547,-0.014548183594307455,0,1
-0.008549177780066647,-0.015790286830901185,0,1
-0.008396116403182783,-0.014416954909407882,0,1
-0.008294203719469113,-0.014004133535152783,0,1
-0.007762158423164907,-0.013722710446201167,0,1
-0.007799031131250001,-0.015396924830617014,0,1
-0.008192470527255477,-0.014277358745002262,0,1
-0.00646740908369193,-0.013133717527147367,0,1
-0.011076950362390271,-0.013950541868862758,0,1
-0.007235178960696038,-0.016046420454650153,0,1
-0.009362561194332316,-0.015354805841389707,0,1
-0.008760503722573051,-0.013899358517655008,0,1
-0.011029668793799838,-0.013159805913542813,0,1
-0.008842449585918361,-0.01569543231477003,0,1
-0.008556508535045842,-0.014013062137109261,0,1
-0.0068471154511640575,-0.016509503618922772,0,1
-0.00831464005304055,-0.014453725514955496,0,1
-0.007504916081367208,-0.014303187671673939,0,1
-0.007115211170754757,-0.014496221152576452,0,1
-0.0075387744922565236,-0.01456527782214828,0,1
-0.007494880184609937,-0.01443951588126098,0,1
-0.007248746928111192,-0.01353417168208823,0,1
-0.00877784847205752,-0.013247974447224886,0,1
-0.009209860165641764,-0.015153608364699927,0,1
-0.008886353759475383,-0.014609964095341613,0,1
-0.00983435274898841,-0.015954095186313647,0,1
-0.008020518859771446,-0.013724462681835048,0,1
-0.008568385792650998,-0.014769185988260842,0,1
-0.009333130245798876,-0.013335388287568022,0,1
-0.008690852564884301,-0.01370856115840865,0,1
-0.008104139764355518,-0.014511911339551658,0,1
-0.00747462298740328,-0.014153583133466758,0,1
-0.0062208140858827825,-0.013414886363924017,0,1
-0.006242722010830671,-0.013560564650533805,0,1
-0.006521451127165788,-0.01702713125507309,0,1
-0.007802602323649179,-0.014403080377669445,0,1
-0.00926427896686137,-0.01517713473468673,0,1
-0.009619511283593013,-0.01643863311994337,0,1
-0.008748512194549952,-0.015258640631809223,0,1
-0.008843627341695514,-0.01463633229841511,0,1
-0.008021006181185463,-0.014554808058937862,0,1
-0.008304608409197087,-0.014969278773854514,0,1
-0.008464871069384657,-0.014725155413120406,0,1
-0.0067238594768286,-0.014095680605506984,0,1
-0.007459513541491512,-0.013555115659681361,0,1
-0.007581310720398342,-0.014406405990700085,0,1
-0.007950832474654569,-0.01481781373358672,0,1
-0.009785289243367955,-0.01591321024830594,0,1
-0.00916450914438315,-0.015669622995546095,0,1
-0.008559329568270583,-0.015786582413772787,0,1
-0.009660002583799905,-0.01624576734335789,0,1
-0.00834949756203614,-0.015345322186669789,0,1
-0.008978472201498534,-0.014749425541210741,0,1
-0.010918846856424927,-0.016494668396838056,0,1
-0.005946492416532,-0.015467067724623293,0,1
-0.007348613619906686,-0.013401579358375862,0,1
-0.008955265619862322,-0.013102786960242752,0,1
-0.007201004149784009,-0.014918945716784858,0,1
-0.00723328730295595,-0.01409173304973099,0,1
-0.00810122624377496,-0.012303536478030523,0,1
-0.007286991096606485,-0.013019699862065588,0,1
-0.008169665912177354,-0.014532589103431134,0,1
-0.008706129476122277,-0.015240984083369815,0,1
-0.010785071078795758,-0.017639189255122534,0,1
-0.008301605246487775,-0.01577422873266947,0,1
-0.008338684239981123,-0.014369529611414196,0,1
-0.007854824167808616,-0.014890624345133696,0,1
-0.006888503322408048,-0.014709505130510322,0,1
-0.006499588965196945,-0.013565087101721494,0,1
-0.0071046819827880695,-0.014433292108804844,0,1
-0.00898939242192873,-0.01441457556191654,0,1
-0.007739044127925831,-0.014244315512875319,0,1
-0.009184159087130415,-0.013981166468413275,0,1
-0.00842369967695378,-0.015313814851317347,0,1
-0.008995091916102663,-0.014645557486487482,0,1
-0.00835202395378525,-0.014060418422942646,0,1
-0.008014875575243453,-0.014303697983641988,0,1
-0.007088948128912158,-0.01131815371020233,0,1
-0.007984308859886474,-0.014917746217762744,0,1
-0.006084635673816184,-0.011350451449721808,0,1
-0.008565760841778501,-0.014532541591307025,0,1
-0.006312298902715009,-0.014405954880525868,0,1
-0.006982644700991,-0.014026301954700062,0,1
-0.00893768226866392,-0.015113204338971084,0,1
-0.007467428195051533,-0.0146599183132212,0,1
-0.007866430750382783,-0.01378625900966382,0,1
-0.007929569574636012,-0.014890568247415947,0,1
-0.00805747435120358,-0.015294879555472034,0,1
-0.008341156024298696,-0.014401735906741044,0,1
-0.004782884831389761,-0.011880266231905195,0,1
-0.007288829891786184,-0.015228720151661646,0,1
-0.007504462078268773,-0.014354269877545144,0,1
-0.007703181666813538,-0.0137783560900664,0,1
-0.008584037500792816,-0.01587391504511843,0,1
-0.008161646932713791,-0.016570813219168905,0,1
-0.008991570633351527,-0.014450207717664415,0,1
-0.008538181011496506,-0.015534113765219437,0,1
-0.007817982134353165,-0.015235416536275631,0,1
-0.006083307742818861,-0.015237482257488574,0,1
-0.005466344019545822,-0.014746158597951371,0,1
-0.007005060053613588,-0.014667820438352519,0,1
-0.00803910304754908,-0.014749952291257163,0,1
-0.007004938097254802,-0.013772150560143082,0,1
-0.008041639730327762,-0.015308748781815004,0,1
-0.008381279621328829,-0.015314610728635578,0,1
-0.008241214686910395,-0.016371877264684285,0,1
-0.009276108611849609,-0.014491333413874544,0,1
-0.00845030394729639,-0.014992227197938503,0,1
-0.0080285134915705,-0.015433615204208951,0,1
-0.008561199602472353,-0.014703424359939215,0,1
-0.008415352348512466,-0.017829167890301336,0,1
-0.00436947148575934,-0.014304321345680169,0,1
-0.008660076464632075,-0.01583651072653159,0,1
-0.00904365661310377,-0.015877518797124086,0,1
-0.006958680386408185,-0.017326147206529394,0,1
-0.007504471134691563,-0.015080610862924932,0,1
-0.007501110860797852,-0.013684371016334903,0,1
-0.009754454494722073,-0.017256902814092756,0,1
-0.00469890277315074,-0.014435331721626686,0,1
-0.007963269952667091,-0.015444058888345488,0,1
-0.0071833104718864536,-0.0148497936672666,0,1
-0.006291629563308977,-0.01513130268448471,0,1
-0.009307502372720471,-0.014573770029346959,0,1
-0.008680168577632574,-0.015398435508361086,0,1
-0.007522758251316429,-0.015917627078439363,0,1
-0.007472121458448031,-0.011340148618790652,0,1
-0.006077518983613707,-0.015585590595194902,0,1
-0.007350058735158735,-0.015091590911789191,0,1
-0.007150526473908068,-0.014828418527139613,0,1
-0.006983134881217001,-0.014720759289501078,0,1
-0.007853546514886456,-0.01790345839236369,0,1
-0.008130979864780834,-0.01605658681803131,0,1
-0.008154190417727393,-0.01500646790110562,0,1
-0.006361553918482707,-0.015021084409107825,0,1
-0.011543040902789934,-0.01403989551298302,0,1
-0.006781449936089012,-0.01638475338591553,0,1
-0.008489364158955267,-0.014864215095174226,0,1
-0.007298117979162284,-0.014732600887348003,0,1
-0.008253539645125553,-0.015540296920042397,0,1
-0.008808005069986538,-0.01564396122941171,0,1
-0.009530419246126265,-0.015893838968967934,0,1
-0.007683304912243477,-0.015467793174748515,0,1
-0.007492272140664102,-0.015916844373259364,0,1
-0.007702187809692357,-0.015962099919887656,0,1
-0.00739842752417519,-0.015305207786998062,0,1
-0.007464879585685913,-0.012890328871784365,0,1
-0.009395367116845868,-0.017165399313718476,0,1
-0.008678784545315031,-0.016406429654375852,0,1
-0.008219416655120555,-0.01479820032239274,0,1
-0.008502917467557188,-0.015962049290267795,0,1
-0.0077116008619355055,-0.01582565010954566,0,1
-0.007081381071443039,-0.015061527387891687,0,1
-0.0038438156753129735,-0.015515982075360927,0,1
-0.009187080118368848,-0.015382515105803442,0,1
-0.006468566615546683,-0.012301235286401032,0,1
-0.00662959263397379,-0.014731117367031085,0,1
-0.008574856462967443,-0.011861701928381159,0,1
-0.00752401853131305,-0.015424329398824344,0,1
-0.006050157445790989,-0.014828195028787556,0,1
-0.008400889718415211,-0.015895251574003944,0,1
-0.008147346804104264,-0.0161111898981031,0,1
-0.005856648466717876,-0.014832539092129506,0,1
-0.008899070363641941,-0.015693881299198707,0,1
-0.007091689403606506,-0.014535139885583345,0,1
-0.007165302426076945,-0.01556601386451662,0,1
-0.006970064250439412,-0.015214720204915863,0,1
-0.007478256014341187,-0.016516466332322968,0,1
-0.007906831655354253,-0.016782873413161876,0,1
-0.0088526774901517,-0.016408223242816267,0,1
-0.007109295229127985,-0.015422620714348549,0,1
-0.006753209177861072,-0.016056256201262296,0,1
-0.009280484529862734,-0.015772261845301463,0,1
-0.007620886224736832,-0.01501096988791998,0,1
-0.007599635521783262,-0.016125272932869902,0,1
-0.006530847288420493,-0.016031800997725026,0,1
-0.0071146565290352015,-0.015732561515772906,0,1
-0.008661938514571489,-0.014447113616769003,0,1
-0.006863780895021946,-0.015082616567888773,0,1
-0.007859488466308589,-0.016124596842754343,0,1
-0.0069133171751850275,-0.01612481593671899,0,1
-0.007425111920549943,-0.015157972374489346,0,1
-0.005699966671871658,-0.013976576161602399,0,1
-0.007608506024446185,-0.0156461842928405,0,1
-0.006502748747831088,-0.01592251430542785,0,1
-0.00697485467201074,-0.016396174080503187,0,1
-0.007479037225664925,-0.016396867196398827,0,1
-0.006918185496465314,-0.015293453527853326,0,1
-0.007674053839767947,-0.015880848800405425,0,1
-0.007558177196861367,-0.015064287504039079,0,1
-0.007334984573026293,-0.016060201511371927,0,1
-0.006733459721023053,-0.01602804394085696,0,1
-0.006423145300101436,-0.016627014708731895,0,1
-0.007434648868958364,-0.014643429186648673,0,1
-0.00730492403022788,-0.015453449452309278,0,1
-0.006687308450370179,-0.01603986616150692,0,1
-0.006748691034216846,-0.016954148136305466,0,1
-0.007967240783713365,-0.014845425776132707,0,1
-0.007534967801444311,-0.0157602727688249,0,1
-0.00699532674180147,-0.01579882703739153,0,1
-0.007590822859394931,-0.01588537018606258,0,1
-0.008978195926847876,-0.01640907638377308,0,1
-0.006438983317550814,-0.015453842957290811,0,1
-0.00841460323823005,-0.015741296406132598,0,1
-0.0060642059385343046,-0.016260415555063263,0,1
-0.0078078359239389895,-0.01861696538524527,0,1
-0.005937448941440568,-0.015037869050222844,0,1
-0.005355128254798427,-0.014182811864451401,0,1
-0.004113759651452958,-0.01500617790532818,0,1
-0.00613871380096033,-0.014404968024564833,0,1
-0.0037985185363719905,-0.01614102863409501,0,1
-0.005272184290456798,-0.01565858280144901,0,1
-0.004130959609295589,-0.014781181744990627,0,1
-0.005463777592450863,-0.016121798847579177,0,1
-0.0027684696709466424,-0.01613551764379556,0,1
-0.0036534143610666044,-0.01674523502535222,0,1
-0.0042678279427222675,-0.01683437813719166,0,1
-0.00368681733598999,-0.01691723144034308,0,1
-0.0025183155754157287,-0.018568471963536313,0,1
-0.0031862814404680015,-0.018132869125989607,0,1
-0.0029296932890808536,-0.01721275119700694,0,1
-0.005245620120939834,-0.015795327940179966,0,1
-0.004704696670218969,-0.014447418193866756,0,1
-0.0037953614008347475,-0.01607163510621535,0,1
-0.004410894431016851,-0.015095538396711001,0,1
-0.004295834270003697,-0.016090612349345612,0,1
-0.004124051956374714,-0.015993164342263704,0,1
-0.003739688637026883,-0.015862122013755333,0,1
-0.004433044782673834,-0.015878699254235077,0,1
-0.004872336508801224,-0.016948961233055854,0,1
-0.004444169118537967,-0.017138953788525604,0,1
-0.002462637414150132,-0.017391918475608472,0,1
-0.003863746779343752,-0.017693533816082307,0,1
-0.0030429817735061157,-0.016410923885197822,0,1
-0.00804854674873577,-0.016690639407359383,0,1
-0.004475767117316647,-0.01856838950015534,0,1
-0.00476362943492922,-0.01537715541625966,0,1
-0.005196860827703705,-0.014057477550873821,0,1
-0.0046854830785274144,-0.016353970578221504,0,1
-0.0046721384262425865,-0.015685654296312423,0,1
-0.004853479208513462,-0.015815738341468055,0,1
-0.0035846559149663067,-0.017768969205290596,0,1
-0.005072270903779986,-0.016322569473882737,0,1
-0.004477682656475199,-0.01694759830925818,0,1
-0.00304597114559652,-0.01660794973931494,0,1
-0.00458738248050912,-0.014760123606186434,0,1
-0.004451317337780176,-0.017224522755869554,0,1
-0.00317288382258934,-0.016616191095458636,0,1
-0.004661618206330328,-0.014611144637802408,0,1
-0.004853452706014848,-0.014403493945245807,0,1
-0.004124092906047267,-0.015282121765469366,0,1
-0.0036386706012356287,-0.016706532172765125,0,1
-0.003899882839381112,-0.016318693877542718,0,1
-0.003606952393149282,-0.014603131112461618,0,1
-0.0024768910096685955,-0.014874275401886064,0,1
-0.00366782344264304,-0.017841723824793255,0,1
-0.005099676585720792,-0.015945267660440382,0,1
-0.004765587032049798,-0.017300077995305828,0,1
-0.003908857973536539,-0.017205667805080285,0,1
-0.004517335137308798,-0.01814602109463812,0,1
-0.006533665176458162,-0.014722459991265813,0,1
-0.004777439899976715,-0.0164997506527749,0,1
-0.0020732061642141134,-0.015815203341287897,0,1
-0.0049858043231236935,-0.01726164256686533,0,1
-0.004218106530639343,-0.01481062037560842,0,1
-0.004520899101804688,-0.01598616019348314,0,1
-0.004539478527957463,-0.016051614893583782,0,1
-0.005983326208815685,-0.016536905590016637,0,1
-0.00431222344378711,-0.016866833632186128,0,1
-0.0043675468052166615,-0.01673030798953744,0,1
-0.0030747501067743786,-0.014065796200676401,0,1
-0.002878096696987997,-0.01675754348758917,0,1
-0.00495440556565592,-0.020515162954774877,0,1
-0.008152487301332192,-0.016459861839238487,0,1
-0.005031030863611197,-0.013459466522435267,0,1
-0.005013830671244035,-0.01440200146803975,0,1
-0.004696775983025586,-0.01641753526451633,0,1
-0.005506627849680863,-0.012498479847950198,0,1
-0.006756628121590186,-0.017061426201610785,0,1
-0.0038303222266683826,-0.016980841702343038,0,1
-0.0041924036877717084,-0.01614000457010078,0,1
-0.002576782050922237,-0.018233051229150903,0,1
-0.0036048082758927636,-0.01618453845547362,0,1
-0.003825585160264572,-0.01731622862880917,0,1
-0.0034808740843866115,-0.02003257221227279,0,1
-0.006197787105005758,-0.014975847470352587,0,1
-0.004209766284478734,-0.018949694846826518,0,1
-0.004694166855356204,-0.01535104924382952,0,1
-0.0052254809269128046,-0.016757206024445265,0,1
-0.004989006727206535,-0.015699669332970134,0,1
-0.00390880276000803,-0.016388440136342823,0,1
-0.004679468169272646,-0.015499532228428679,0,1
-0.005097368749026086,-0.01700492221431365,0,1
-0.0028762243277071905,-0.015580084539885634,0,1
-0.0032514586020730737,-0.01643807731251635,0,1
-0.004182776204701319,-0.017356212417901147,0,1
-0.005342776310757127,-0.015321222485150086,0,1
-0.0030622249504029006,-0.01264012845085582,0,1
-0.004472195318919924,-0.014940688032223785,0,1
-0.006146253267573533,-0.01611132537679333,0,1
-0.004816830291877762,-0.016121337643536602,0,1
-0.004164310689138362,-0.015452259323664157,0,1
-0.005409164841581739,-0.01565625423941669,0,1
-0.004600246456913763,-0.016557908381407235,0,1
-0.004535060072148571,-0.016820068622213,0,1
-0.006416197439434006,-0.018369541987235286,0,1
-0.004679067183536619,-0.018105213873094026,0,1
-0.00280317476175456,-0.016624358121382538,0,1
-0.0052547352908643525,-0.015364330117596837,0,1
-0.005949723046267011,-0.015463139660634008,0,1
-0.005070451378569115,-0.015222298947875582,0,1
-0.004949437902819389,-0.01588177765772197,0,1
-0.004291169641539956,-0.015646190596676407,0,1
-0.004613136473602263,-0.018857615465435296,0,1
-0.00624725387963875,-0.0183338917384072,0,1
-0.004061891177618689,-0.01680425003111433,0,1
-0.00526125877442336,-0.017427152984492933,0,1
-0.004833644641837036,-0.0176476669700717,0,1
-0.0048351504405574385,-0.015178844604119968,0,1
-0.005476667115686429,-0.01567441162739322,0,1
-0.005206557790045785,-0.015840722345312273,0,1
-0.005189612588040883,-0.019437879653442926,0,1
-0.005173280034664437,-0.016336508074975303,0,1
-0.004351007076006007,-0.015523949977256214,0,1
-0.0042757074802032636,-0.016685572107140258,0,1
-0.004414181270728058,-0.017465983295034904,0,1
-0.004229827176426617,-0.019571653408449734,0,1
-0.004447529320415905,-0.01655041030296231,0,1
-0.004601661819611121,-0.015631838991673384,0,1
-0.005867485156166404,-0.01444010915025474,0,1
-0.00796934201667308,-0.01728829634346394,0,1
-0.005283768358928949,-0.017791663825193572,0,1
-0.005137142558017317,-0.016199273515960465,0,1
-0.007337290930431231,-0.015253032007656875,0,1
-0.006474486125890518,-0.015529926354408512,0,1
-0.006206108154037817,-0.016233812224333892,0,1
-0.004164543802700417,-0.017213674557760114,0,1
-0.005609929444584066,-0.017922604426536568,0,1
-0.005026376073746248,-0.015234720926997066,0,1
-0.004038235979866712,-0.01742410381105539,0,1
-0.0047652989770591726,-0.015848485713098638,0,1
-0.0036937441385340073,-0.016785180771519054,0,1
-0.004995966675664631,-0.016121336291804296,0,1
-0.005330002228952173,-0.016118400051251005,0,1
-0.00587648575095219,-0.019929150512029807,0,1
-0.0042749654143729564,-0.017260324422103072,0,1
-0.00522453335143133,-0.016996895140451846,0,1
-0.0054005973013196915,-0.017400001965982348,0,1
-0.005500354059814011,-0.015859234391399163,0,1
-0.005585334830142492,-0.015827005862201142,0,1
-0.0029238605353687306,-0.016714866048762003,0,1
-0.004745488492633913,-0.016086312410861267,0,1
-0.005310022352288618,-0.016548364614599777,0,1
-0.007321748577385264,-0.016928119977784758,0,1
-0.004938361321891279,-0.017142691033199188,0,1
-0.005738890834212217,-0.017935922992194618,0,1
-0.005524132263493359,-0.01606726735452659,0,1
-0.004837273598929521,-0.017252774483411885,0,1
-0.0045275219520423855,-0.017032912824638688,0,1
-0.00574917786730714,-0.01637377491374359,0,1
-0.004577584335054215,-0.015587649366293397,0,1
-0.004340021123139371,-0.016459493159307274,0,1
-0.005922225793258282,-0.01693606128191359,0,1
-0.004670473962865601,-0.01796345779426263,0,1
-0.005362457819782882,-0.015584508150353314,0,1
-0.0057650085524108005,-0.01584709585339939,0,1
-0.006143524543991971,-0.013807421929864462,0,1
-0.003206194341715364,-0.01733328080937123,0,1
-0.004724479627940664,-0.016619533319834182,0,1
-0.004554328679055093,-0.017834976489870844,0,1
-0.006500808303489666,-0.017786227364548924,0,1
-0.005205395304191419,-0.017131222823763385,0,1
-0.005706916819638691,-0.015452284378546458,0,1
-0.006567738126345886,-0.015470204728583731,0,1
-0.005197185122336428,-0.0165848338056102,0,1
-0.0054396821344743895,-0.016558122154868085,0,1
-0.005359867263587227,-0.016706797356626203,0,1
-0.005000658523964365,-0.01654065889576108,0,1
-0.004632128771138254,-0.017189664321509708,0,1
-0.0065989204367785945,-0.01680219624507652,0,1
-0.005288935434940564,-0.01639770342076314,0,1
-0.006915814445626185,-0.014383334277794105,0,1
-0.005194504259403056,-0.015358449525537554,0,1
-0.006107369287849488,-0.016557678115120867,0,1
-0.005787233561901688,-0.016829503138467754,0,1
-0.007888652070162393,-0.01706746628079639,0,1
-0.0064030855878894925,-0.015376306579768876,0,1
-0.005469812183839152,-0.015113025004861912,0,1
-0.00578686029648644,-0.016651476758755883,0,1
-0.005864344056757462,-0.01632892221856509,0,1
-0.004587213223897076,-0.015611037245841375,0,1
-0.005029981700033851,-0.019781193068881667,0,1
-0.006757922514369115,-0.016466812864713815,0,1
-0.006714422722490381,-0.014814212596583116,0,1
-0.005887900777146531,-0.016431009676573582,0,1
-0.006021051122227729,-0.016707437292773547,0,1
-0.005541866240897157,-0.016352919456857854,0,1
-0.006529679137325685,-0.013910710001731585,0,1
-0.005227563045286465,-0.0181703256858982,0,1
-0.007389800592228877,-0.016708564086341818,0,1
-0.0060602572973772716,-0.015913961413513825,0,1
-0.006424080762332773,-0.01625773479176352,0,1
-0.006026787329594063,-0.01735513333595985,0,1
-0.0046463774687201895,-0.017243992939362632,0,1
-0.007241962544416713,-0.016112504489515768,0,1
-0.006602762175837845,-0.01599990326859214,0,1
-0.005629726349832626,-0.015824401696024382,0,1
-0.005292069005356065,-0.015687974942369884,0,1
-0.005820353350849762,-0.016411818856088566,0,1
-0.005994566245891397,-0.017449259182054047,0,1
-0.005068625433454073,-0.016070201931881536,0,1
-0.0070108323418471286,-0.01647050508747792,0,1
-0.005739267269851244,-0.016882219929858926,0,1
-0.006554413212652276,-0.017806832195432876,0,1
-0.00671073655648616,-0.016224274136459906,0,1
-0.005820564875554187,-0.01655071895607622,0,1
-0.004032540714274073,-0.015498315498658231,0,1
-0.00545106785635309,-0.01628870871721398,0,1
-0.005829926275527835,-0.016867468411458288,0,1
-0.006342623219879754,-0.016936055967308898,0,1
-0.006028287587270068,-0.01597900809712913,0,1
-0.0060941157300835064,-0.017683967280310724,0,1
-0.006967755954376561,-0.016858648153793503,0,1
-0.006349478904069769,-0.016180342488991202,0,1
-0.0065461953104033735,-0.01642418248861201,0,1
-0.006212520558071424,-0.016804539076227063,0,1
-0.004926351234136673,-0.015511473248953847,0,1
-0.005535031010900211,-0.01700892140422414,0,1
-0.006041369549374789,-0.015887962595397955,0,1
-0.0062234253634920016,-0.0157222052619751,0,1
-0.006560006455445573,-0.015310093087204338,0,1
-0.006233999463137919,-0.01711305602952091,0,1
-0.006334255707764939,-0.016679365571400664,0,1
-0.006154386879437396,-0.015940395808088936,0,1
-0.004291785765284154,-0.015852341473309575,0,1
-0.004655395860050253,-0.018202279272156556,0,1
-0.0033317045454611836,-0.017664821646316057,0,1
-0.0038497844925864722,-0.017952337451944394,0,1
-0.003218629492682693,-0.01692190902837148,0,1
-0.0027865218792356788,-0.01755596557679334,0,1
-0.002273672599959194,-0.017212865979756437,0,1
-0.002952500720944391,-0.017111744522553516,0,1
-0.003715904461939049,-0.01676294747017162,0,1
-0.002871009156414458,-0.015827001420929906,0,1
-0.002498614000474409,-0.016747550453284268,0,1
-0.0024799358580618147,-0.016013894390061987,0,1
-0.0032432824766016307,-0.01625822904059998,0,1
-0.0014783347303665055,-0.015399701469606007,0,1
-0.0014930374219489396,-0.01589495114801392,0,1
-0.0026071480540776526,-0.014736909468184897,0,1
-7.432260701583261E-4,-0.01563578878685658,0,1
-8.820234080144185E-4,-0.013575363936822014,0,1
-0.0015733204611560721,-0.014880587224163699,0,1
-0.002619597604172756,-0.017445389818630603,0,1
-0.003129637833293347,-0.016575669242267055,0,1
-0.005556698457322522,-0.017737207928640395,0,1
-0.0026981963157914853,-0.01643263500688837,0,1
-0.002328550033349817,-0.017579503014651405,0,1
-0.0033077809920857844,-0.017416701182937835,0,1
-0.0014839521381549202,-0.017197975229244027,0,1
-0.0030141041056209847,-0.01663870552273196,0,1
-0.0028989542202223894,-0.01629488473290059,0,1
-0.0023292239948038648,-0.01608211550291805,0,1
-1.7825926736548858E-4,-0.016510972900726846,0,1
-0.001169427749858234,-0.014765462251913669,0,1
-7.263857030127931E-4,-0.016291246971380884,0,1
-0.0014699306582159105,-0.014476881601979668,0,1
-0.0019643809588881546,-0.015239426944507695,0,1
-0.004637442055410357,-0.017836931829878316,0,1
-0.003145669394758528,-0.017528528037367864,0,1
-0.002469216782250306,-0.017418293927368333,0,1
-0.002868132527085658,-0.015811685878211967,0,1
-0.003594058733301104,-0.016379140139375643,0,1
-0.0027189884918790374,-0.015066381144868173,0,1
-0.003383966789659814,-0.016629580545729668,0,1
-0.002946083131599042,-0.01654520219263453,0,1
-0.002278194788580597,-0.01624298521487938,0,1
-0.001439849332530452,-0.016070432278856947,0,1
-0.0018750342647772921,-0.016076764149547083,0,1
-0.0022694144347332286,-0.015196850842961504,0,1
-0.003663125697191072,-0.014484167385426008,0,1
0.0016309571478040435,-0.013142698272327674,0,1
-0.0014734759828190379,-0.015280484534756679,0,1
-0.001317306693706524,-0.014967089233897867,0,1
-0.004705329716676968,-0.01766311815378697,0,1
-0.002836244537357326,-0.017613417417402126,0,1
-0.0029012539493941812,-0.017335879609985394,0,1
-0.0026355209405465848,-0.0170343260181674,0,1
-0.002339229122720708,-0.01675004390650485,0,1
-0.0033319541956566084,-0.015808059124767578,0,1
-0.0016812114985230177,-0.014598671214031751,0,1
-0.0021538287031359444,-0.0176639741108549,0,1
1.1166631229506784E-4,-0.014343209217309458,0,1
-5.892129173706569E-4,-0.014609945345590939,0,1
-0.0010429604099518324,-0.015905282517161966,0,1
3.5270952369291633E-4,-0.01634375625804105,0,1
-0.0023774920048641275,-0.01610660978600415,0,1
-0.0022453949541692718,-0.015964908443420547,0,1
-0.001939985158335521,-0.014793699152993991,0,1
-0.002226644540393049,-0.01614449369198726,0,1
-6.368055000300932E-4,-0.016593870397889426,0,1
-0.002899532628718754,-0.015265765589333173,0,1
-0.002303306651069821,-0.016415263184497195,0,1
-0.002600439532554512,-0.01778904920011048,0,1
-0.0022069914229226524,-0.016412931415310167,0,1
-0.0022730673331954527,-0.016525091848479563,0,1
-0.0018938780244657772,-0.016033663447150154,0,1
-0.001860878319661328,-0.016399708216748802,0,1
-7.308692348997172E-4,-0.016409613684091724,0,1
-0.00214593833138983,-0.016426988131007837,0,1
-0.0018777742054201857,-0.016883405434446167,0,1
-9.938805604160093E-4,-0.014136896471130282,0,1
-0.0027588839299783415,-0.014143544286859197,0,1
-0.002318675479486371,-0.017126722175398432,0,1
-0.0022195926826365257,-0.019074587094416517,0,1
-0.002117212129300932,-0.016826922997149597,0,1
-0.002844878525257473,-0.017608499448608737,0,1
-0.002598978703144499,-0.01624370401096015,0,1
-6.61780300521343E-4,-0.019302955249720772,0,1
-0.002377405452778883,-0.015622462228083065,0,1
-0.0014057145558559908,-0.015524529532615244,0,1
-0.0011077081325349544,-0.01663481538248873,0,1
-0.0024185245848776476,-0.016912195620791742,0,1
-0.001540342305176486,-0.016006259937404996,0,1
-0.0031836845366159474,-0.014048627164514028,0,1
-0.0012588643200455733,-0.014684230118426633,0,1
-0.0012084790851385064,-0.01500544228526077,0,1
-0.0015561384535367785,-0.01777777809689097,0,1
-0.0018679188999192254,-0.015543903674955924,0,1
-0.0024825186823564977,-0.017014553218170435,0,1
-0.004847673619181941,-0.015314396568389073,0,1
-0.001596325072743086,-0.01746335543146247,0,1
-0.00121830942940496,-0.01785775797790414,0,1
-0.0018905621467333327,-0.015477506824538382,0,1
-0.0024101713707861258,-0.01653989249371256,0,1
-0.0011978417225008485,-0.01603689614647929,0,1
-0.0014422723664880707,-0.018568510296772183,0,1
-6.913607377770375E-4,-0.01813645708256764,0,1
-2.781979842285069E-4,-0.015800093711533885,0,1
-0.0025787016677140434,-0.014429503912740053,0,1
-0.002281016214939897,-0.01783463030157812,0,1
-0.0018321547813890196,-0.0177109993690835,0,1
-0.003259862734246349,-0.015097634978585347,0,1
-0.001084799238923149,-0.01757252767923896,0,1
-9.893924536406161E-4,-0.018139698062163846,0,1
-0.0017470721325999264,-0.01714380742909955,0,1
-0.0017795782712778584,-0.019378065031983485,0,1
-0.001439991110545684,-0.017108337875736748,0,1
-0.0016721815211310574,-0.01613723473712843,0,1
-0.001982413019013979,-0.016377501140967757,0,1
-0.00171897792676058,-0.014722781743425414,0,1
-9.9446527468609E-5,-0.01428427881154107,0,1
-0.0013940419034822716,-0.015499022043402824,0,1
-0.0016852226032631873,-0.01737560386112909,0,1
-0.0024977365960882326,-0.017496716899831906,0,1
-0.002382094252101756,-0.01695582283087449,0,1
-0.003595578077400879,-0.017690401714589223,0,1
-0.002325122331387799,-0.015847024497588902,0,1
-0.0016595165473233691,-0.015890225906040275,0,1
-0.0015071852746089502,-0.01607169176852835,0,1
-0.0017156073814374095,-0.016330520015941433,0,1
-0.001734827840754607,-0.016274755482665593,0,1
-0.0023153655481486647,-0.01527723821518857,0,1
-6.540431672974006E-4,-0.015543309601120792,0,1
-4.584009041736271E-4,-0.016838312684800037,0,1
-0.003776836180552305,-0.017083009569201436,0,1
-0.0032312726154494122,-0.017281935307788453,0,1
-0.0031008150066587376,-0.017778436155208518,0,1
-0.0037000621984080804,-0.017551124757924166,0,1
-0.0011333286071697872,-0.016852011612366588,0,1
-0.0029712737725948743,-0.015303523392225174,0,1
-0.00285539035599036,-0.015815487052407456,0,1
-4.592486892919052E-4,-0.01662175733558751,0,1
-0.0012550034963473794,-0.01628616962741651,0,1
-0.0010789205678738774,-0.015538784050681046,0,1
-0.0012747451568864481,-0.015690191699105176,0,1
-0.0016921624378327727,-0.01693627650434097,0,1
-9.707483013699142E-4,-0.016890179485432772,0,1
5.220372041085459E-4,-0.01752375869839809,0,1
-0.002603591924459841,-0.017332805100482324,0,1
-4.8158673755710853E-4,-0.01696036092219307,0,1
-0.002555821939088134,-0.017293938088146995,0,1
-0.001311949444722683,-0.016208060295541504,0,1
-0.001566038850118997,-0.017026476546935752,0,1
-0.0017675614371220818,-0.016140529836736146,0,1
-0.0017630473451518975,-0.014647678397784539,0,1
-0.002256630432378432,-0.015712283226965308,0,1
-0.0016052286619214246,-0.015660822545437554,0,1
-9.382971683623459E-4,-0.01451765597549264,0,1
-0.0023979493234879985,-0.016231127093274903,0,1
-0.004663694278587696,-0.015055658973777607,0,1
-0.0024494738863590033,-0.017389185837573453,0,1
-0.0022916526519508613,-0.016968734176417376,0,1
-0.0012960129064068882,-0.017456893955524605,0,1
-9.177194036192419E-4,-0.016903901607924775,0,1
-0.001547559110969933,-0.016690395807478383,0,1
-0.0012398107930647977,-0.015585192356491535,0,1
-0.0010674525503723343,-0.015981661347583744,0,1
-0.001410670936112218,-0.01578179601743142,0,1
-0.002278772853794433,-0.017285786300434303,0,1
-6.975038939848817E-4,-0.01713103349409233,0,1
-0.0013952246180713066,-0.015853201438603994,0,1
-0.0017675671361666492,-0.01747571532391265,0,1
-0.002387105512032801,-0.018205194621934297,0,1
-0.0016325168618249505,-0.016822408352954534,0,1
-0.001202671592114575,-0.01790358624970049,0,1
-0.0016215563087671025,-0.016897678091434342,0,1
-7.664466434187328E-4,-0.016510371195042877,0,1
-9.672617404673486E-4,-0.01554497322693605,0,1
-0.001394467416627508,-0.015724223831808107,0,1
-0.0022554435144119937,-0.018827265221199162,0,1
-0.0021628672288676837,-0.018279348983223958,0,1
-0.0030007888018145582,-0.01771651918138097,0,1
-0.0011276966728913315,-0.017827553614515525,0,1
-0.0013390428722797844,-0.01765446328120513,0,1
-0.0019287771385939436,-0.018117853703061015,0,1
-0.0011883888093619597,-0.016613881151192385,0,1
-0.001143606845412909,-0.016389824024547785,0,1
-0.0014976671396701596,-0.018163978735239047,0,1
-8.462993658319354E-4,-0.01618274403485304,0,1
-0.002082382363838393,-0.016992501852317203,0,1
-0.002228456070990055,-0.01780693725218003,0,1
-0.0018273486460690658,-0.017233024768251566,0,1
-9.181812269537722E-4,-0.015736736466505474,0,1
-0.00154635438939895,-0.017111143083344268,0,1
-0.0012971621124169784,-0.016687571582543935,0,1
-0.0025613744995059704,-0.014980140205347544,0,1
-9.411564594369328E-4,-0.016470885118002047,0,1
-0.001561684333306478,-0.01629009019205833,0,1
-0.0015995099376897557,-0.01765249040945221,0,1
-0.0020948952513793594,-0.017768363876745213,0,1
-0.0011011784287552045,-0.01806293608997926,0,1
-0.001485829072147323,-0.016723348401171782,0,1
-0.0019143689724772505,-0.01775017199098962,0,1
-6.909385166439772E-4,-0.015771485358235623,0,1
-0.0011103871030894283,-0.01671049297707647,0,1
2.440571489500149E-4,-0.016589396076149374,0,1
2.2061346999403415E-4,-0.015868967023440518,0,1
-0.002719153767467636,-0.017718976920130008,0,1
-0.0025861242065771707,-0.017358396898696494,0,1
-4.78733591112904E-4,-0.016608653099037394,0,1
-0.001690386161604349,-0.0153744209400859,0,1
-0.001936346037313625,-0.017407634006267665,0,1
-7.631986258806202E-4,-0.015845213462285086,0,1
-0.0016587776697964175,-0.016851437393168793,0,1
-0.0023686224086226634,-0.015858519912379455,0,1
0.0014364831696138498,-0.0151162765074448,0,1
-0.0015144325065910582,-0.019345004338377908,0,1
-0.0017289648341694186,-0.016963208866652865,0,1
-0.0011745224801704072,-0.018865307589885638,0,1
-0.0012759105177040078,-0.017463351975870893,0,1
-7.115440307948978E-4,-0.018145304746013453,0,1
-0.001299356979488702,-0.016887761407033405,0,1
-0.003370061617770184,-0.014515523490976172,0,1
-0.0016350117207086688,-0.017618292599575543,0,1
0.0010949007425794352,-0.016730652928377995,0,1
-8.832239785173045E-4,-0.014805717093737056,0,1
-0.0021894696267829856,-0.01603521048230973,0,1
-0.0020259616194095395,-0.018867921652511506,0,1
-0.0010427447620672153,-0.01716773452377627,0,1
-0.0012752426536828333,-0.016532185252501733,0,1
-0.0016637666000946616,-0.016884484428486165,0,1
-0.0011331418185934262,-0.01812574063813993,0,1
-0.0012741710348338155,-0.017138290185033093,0,1
-6.820608280631004E-4,-0.01782608014107724,0,1
-0.002610692710352004,-0.016297732412163438,0,1
-0.001479294350361627,-0.016235651918290763,0,1
-0.002466246744938648,-0.019215773149428555,0,1
-0.0012790457639509003,-0.017459369619143537,0,1
-0.0011956419595835301,-0.018287493541484286,0,1
-0.0015318335602386717,-0.018098689252868602,0,1
-6.32448963106154E-4,-0.016915488093173354,0,1
-0.002221348122997054,-0.019251545362745322,0,1
-7.436164801156181E-4,-0.01719635793429021,0,1
5.719412755340967E-4,-0.016030429426007114,0,1
-0.0016683089204847013,-0.016956064760469836,0,1
-7.7833961346861E-4,-0.01742529946274996,0,1
-0.0010226384499820607,-0.017589229416973794,0,1
8.689173068581839E-4,-0.017806123335822214,0,1
-1.1508494040584838E-4,-0.015932346851143125,0,1
6.029373506346804E-4,-0.016630208267052155,0,1
-6.256731924130518E-4,-0.019601775596997408,0,1
-0.0035372158034722716,-0.016701550863805755,0,1
-2.2302007075467508E-4,-0.016749733082840952,0,1
-0.0017180742113754107,-0.018336922442254246,0,1
-6.263426775310918E-4,-0.01704963405608188,0,1
-3.59044866731839E-4,-0.017764173422118935,0,1
-0.0011481432515085548,-0.01767572848872904,0,1
-6.764591436359323E-4,-0.017519427306007765,0,1
-0.0013430276213096286,-0.016191028024615063,0,1
6.279432362613972E-4,-0.01901622557452726,0,1
-6.329659832892172E-4,-0.017347591080247336,0,1
-8.571363066170078E-5,-0.017090005948798455,0,1
-6.092173418722166E-4,-0.01830730793247388,0,1
-0.0017565343205832543,-0.016087360066865255,0,1
-6.407215910263213E-4,-0.016199349380031983,0,1
-3.850041635234251E-4,-0.016601828453428415,0,1
-1.2498943733037267E-4,-0.018046506102720454,0,1
0.0012302438249898486,-0.018558775393797244,0,1
-3.7129457041813616E-4,-0.01668265681297015,0,1
-6.640937115949251E-4,-0.01721679252939043,0,1
-0.002155524472011298,-0.01787382785776092,0,1
-0.001199418662517378,-0.01901789213672139,0,1
-6.057462068229398E-4,-0.01800006135212271,0,1
-7.62751972373783E-4,-0.01731523294368199,0,1
-2.606854465225436E-4,-0.01778740910772509,0,1
-0.0014826476883626487,-0.017160996036996078,0,1
-5.828742209853338E-4,-0.017807561485167357,0,1
-0.0013051341083463786,-0.018172106232997455,0,1
9.280647773497702E-4,-0.017533646675065552,0,1
-2.2377433279707397E-5,-0.01980214398045633,0,1
-0.0013661292866395194,-0.015443337389998741,0,1
-1.2005114106542543E-4,-0.017978971417422357,0,1
0.0012152150875404813,-0.016149106669189117,0,1
2.4812225037992434E-5,-0.01748476655758517,0,1
-2.6113648508685743E-4,-0.01651802004468412,0,1
-0.0147672548194365,-0.009894290274966333,0,1
-0.014792629180587493,-0.009589422794669967,0,1
-0.015402031777734651,-0.009841391177872265,0,1
-0.01297268777665916,-0.011652116565814965,0,1
-0.012151338473867474,-0.012840064898465777,0,1
-0.013068631747477156,-0.009644052075237058,0,1
-0.013760569185400204,-0.009646454885305699,0,1
-0.012614364799426655,-0.008707597694106884,0,1
-0.011789080608657673,-0.011192710848994763,0,1
-0.013828952792080585,-0.012268910426979914,0,1
-0.013154407713918022,-0.010811028184132656,0,1
-0.013187610065248358,-0.010186830957862743,0,1
-0.012624702411578806,-0.00923089004628513,0,1
-0.012762136514873998,-0.010172301643447611,0,1
-0.013060818879392368,-0.008873790850846762,0,1
-0.011664231764011657,-0.009282886351102762,0,1
-0.0116364027811801,-0.008946085694144559,0,1
-0.013614772064634824,-0.011123837244072387,0,1
-0.013519801725363469,-0.010233910186835905,0,1
-0.014085214207715037,-0.010157012734704518,0,1
-0.014796473121420132,-0.009336538314740664,0,1
-0.014150326330005436,-0.010149227263027971,0,1
-0.01278271689865688,-0.009517684570331414,0,1
-0.013282860575746293,-0.009871918713088257,0,1
-0.013334132759087207,-0.00944785532172431,0,1
-0.010342689420342976,-0.006942954293200633,0,1
-0.011725940550879374,-0.009283899833027402,0,1
-0.013071872169340257,-0.009362864797794988,0,1
-0.012322676877928788,-0.009239456641438543,0,1
-0.01237965007996653,-0.009609365712563059,0,1
-0.012663480056333484,-0.008633892712740593,0,1
-0.011704002176256213,-0.009192729719877654,0,1
-0.01377024036765852,-0.011809479715039083,0,1
-0.014310289067403996,-0.011723689766332625,0,1
-0.015274063569817989,-0.010524727230252903,0,1
-0.015663634996248278,-0.010412680271251702,0,1
-0.014602934174728152,-0.0074928343016373,0,1
-0.01380255687818124,-0.010130649838239674,0,1
-0.012990489848264489,-0.010551392352526013,0,1
-0.013477662663309077,-0.009991611925136524,0,1
-0.012637879854206405,-0.008514700144021664,0,1
-0.013093267030959125,-0.010325933568884123,0,1
-0.012939411795427683,-0.010307714262877167,0,1
-0.013313538889004056,-0.008970186213838913,0,1
-0.013343727463392047,-0.009132472034611613,0,1
-0.011971997191836534,-0.010564598566213614,0,1
-0.0119293769645145,-0.00903003372026831,0,1
-0.014534236005922654,-0.010088613234183743,0,1
-0.01479416539657964,-0.01007647539185136,0,1
-0.014328926478580929,-0.01000279492050762,0,1
-0.013398461835453672,-0.010226556768751834,0,1
-0.012935564179552012,-0.00905775252626308,0,1
-0.017565483210107282,-0.010509730847702807,0,1
-0.013091378985573925,-0.008875454568788868,0,1
-0.012556159135448434,-0.010171577961448323,0,1
-0.014116997204399895,-0.011354989309778572,0,1
-0.013619097113147818,-0.008268587326045814,0,1
-0.013802792274169607,-0.01052974230185472,0,1
-0.013332284459967812,-0.010798830459706891,0,1
-0.012096279972407411,-0.009568535797155877,0,1
-0.012109798327255663,-0.008391558770593546,0,1
-0.013751911824067587,-0.009630176898602332,0,1
-0.015387153074473383,-0.011492946052651701,0,1
-0.015693164702855446,-0.010842664469320173,0,1
-0.013725860561097725,-0.009946525762010107,0,1
-0.014760749505704676,-0.009517040625859811,0,1
-0.012999076125722537,-0.010822260201691485,0,1
-0.013284294431432789,-0.007722923324612598,0,1
-0.013300579488116306,-0.01260769405818198,0,1
-0.012691910926217517,-0.009783818312501295,0,1
-0.014654494724069494,-0.009313119417951177,0,1
-0.01315396899376931,-0.009955643261043801,0,1
-0.01545532896513638,-0.008308520929803779,0,1
-0.01391496647073752,-0.011669641435019485,0,1
-0.012701685549613413,-0.00879085383252279,0,1
-0.011665824797251369,-0.009393966516499692,0,1
-0.014826104848175545,-0.010678612142476604,0,1
-0.015486563612678307,-0.010496331225691725,0,1
-0.01488261227946282,-0.011511403230971464,0,1
-0.011442365717835804,-0.012041228973925695,0,1
-0.010611454115422827,-0.008020197133520039,0,1
-0.013396048795952338,-0.010378355907369219,0,1
-0.013205607964393287,-0.010299757764939155,0,1
-0.01302183843510008,-0.010752016552065107,0,1
-0.013078018536757491,-0.008764649497742246,0,1
-0.012036982259502655,-0.01296378279681192,0,1
-0.010608371615450016,-0.013016322922437495,0,1
-0.011866913747478959,-0.009913700827447509,0,1
-0.010753857003683412,-0.009518279544712549,0,1
-0.014026107946632407,-0.00984318973513169,0,1
-0.014492835029563656,-0.013038706333491896,0,1
-0.014900306756350238,-0.011758958803859125,0,1
-0.013629689110107273,-0.01129704320865015,0,1
-0.0136288353326049,-0.012282002768412726,0,1
-0.013357527190871478,-0.011009547740733887,0,1
-0.01248132405185708,-0.01152193429281099,0,1
-0.013650194946123542,-0.011131932478138278,0,1
-0.01298691558023497,-0.008700740142988474,0,1
-0.013170412349862527,-0.00970077445961399,0,1
-0.012207396205838146,-0.010366156136875805,0,1
-0.012736206512992012,-0.009728053822812362,0,1
-0.011864290775902094,-0.011308444929306306,0,1
-0.01375878590808363,-0.010044730354581956,0,1
-0.013201318958088815,-0.011436728812402144,0,1
-0.014017017912432145,-0.010445189907089682,0,1
-0.013921014285974087,-0.009682065557441099,0,1
-0.01691620852948949,-0.01009633456852289,0,1
-0.013079380213069248,-0.010459502911509889,0,1
-0.011672666181281516,-0.011350136480584305,0,1
-0.013446502694172163,-0.010979970573325726,0,1
-0.012119316551456979,-0.011064508856628706,0,1
-0.012762018153996392,-0.011460268210681246,0,1
-0.012080831342776616,-0.010730712842682507,0,1
-0.011686166764495807,-0.008817159371060394,0,1
-0.009345977943684431,-0.008695042223640023,0,1
-0.015170688013804312,-0.010099883403754959,0,1
-0.013823823911608763,-0.009748713101633093,0,1
-0.01608128608975403,-0.011765305603889826,0,1
-0.012598345921321865,-0.010109370737738446,0,1
-0.012510028617757178,-0.010171551552422144,0,1
-0.011206345893490784,-0.008076776997417108,0,1
-0.01377393674442298,-0.010623616984630699,0,1
-0.012624483066948227,-0.009815477761337753,0,1
-0.014286006340769137,-0.01071859115540363,0,1
-0.012742459916627875,-0.009693643697347053,0,1
-0.012250807615172518,-0.010968596837551662,0,1
-0.010878493602015323,-0.009964382397465303,0,1
-0.014433276799194334,-0.0123083984942369,0,1
-0.015438841540320308,-0.010423476976088069,0,1
-0.013700329811735357,-0.010650989362008307,0,1
-0.013082337962566757,-0.010741171920978313,0,1
-0.013327530905291549,-0.01045065681166552,0,1
-0.01268409448624344,-0.009997448032676269,0,1
-0.013169772720431966,-0.011317015506333166,0,1
-0.01353706108645979,-0.009656367553208287,0,1
-0.012942141624147717,-0.010230535384304743,0,1
-0.012046995507155912,-0.011321528786474229,0,1
-0.011723438847051302,-0.010027279883668009,0,1
-0.014111490599666392,-0.011018377332870097,0,1
-0.01391534531008356,-0.010955767306628793,0,1
-0.014688666759982125,-0.011388789483556061,0,1
-0.013965394111365536,-0.010828442185347165,0,1
-0.01493602428092351,-0.007724151884585841,0,1
-0.012877837012436038,-0.010612037124406304,0,1
-0.012420640167036827,-0.010088388335180757,0,1
-0.013505892702655944,-0.0106191480225218,0,1
-0.012930437133033566,-0.011431621681496324,0,1
-0.014643881606508598,-0.009104797621849955,0,1
-0.009566001203847386,-0.010079216851163069,0,1
-0.012241325349482106,-0.011725005657517773,0,1
-0.014052296667443415,-0.010581452529378782,0,1
-0.014415056971300008,-0.009198604428749507,0,1
-0.012570157034020632,-0.012820299765254934,0,1
-0.013738270842532417,-0.010238553027255059,0,1
-0.013886849447301272,-0.009989626545514694,0,1
-0.013454915323916433,-0.012089600283813541,0,1
-0.01284833668025817,-0.011295853260332741,0,1
-0.012311937822446632,-0.010321323187922204,0,1
-0.011671995619265551,-0.008911314258686494,0,1
-0.01289035603296576,-0.009257319608622732,0,1
-0.014183188200899173,-0.011004575928479097,0,1
-0.014006675476273583,-0.011007612440914747,0,1
-0.013320644352135938,-0.012470778351710003,0,1
-0.012983737162811723,-0.011386968956806204,0,1
-0.013424199856312533,-0.010803817741443239,0,1
-0.015313045824328183,-0.010660408612214066,0,1
-0.012532310561631538,-0.010685863921374203,0,1
-0.012951546382164576,-0.01122491692562798,0,1
-0.011442501609187772,-0.012476562721174455,0,1
-0.011949195261470126,-0.007443746957153736,0,1
-0.012715197989044873,-0.01023080188050057,0,1
-0.014667394730201809,-0.011200003690187619,0,1
-0.01423650213511033,-0.010395434177995442,0,1
-0.013722811305996386,-0.011188153864624708,0,1
-0.013875775174225452,-0.00940479685221004,0,1
-0.015009201625865512,-0.011484477122628315,0,1
-0.010365305751453283,-0.010392533550754215,0,1
-0.012647553086765292,-0.010699676600397565,0,1
-0.009995828747125117,-0.00906295787418953,0,1
-0.012234521808439789,-0.01028204175219933,0,1
-0.01057622177400162,-0.010661672284974737,0,1
-0.013707934151440265,-0.011479074450943854,0,1
-0.012577441093855973,-0.0108868985358594,0,1
-0.012956750061575746,-0.011254104153375829,0,1
-0.012968010736400625,-0.01013218443977596,0,1
-0.013091346062933535,-0.011022049535396823,0,1
-0.01333248423427566,-0.009630524877210323,0,1
-0.014017446837042464,-0.009958144324063308,0,1
-0.012164441651381766,-0.01087798774978088,0,1
-0.0115062007575456,-0.009877387527255588,0,1
-0.01342187863650321,-0.009868723384414444,0,1
-0.01351032247448022,-0.011364179753964497,0,1
-0.013504341892098514,-0.011300263168028653,0,1
-0.013658336646935663,-0.010917276611287849,0,1
-0.01248494561694612,-0.011105944486156327,0,1
-0.014165802253260468,-0.011086537694018257,0,1
-0.016148142854392266,-0.010166633218048584,0,1
-0.010073471669999041,-0.011467816135430756,0,1
-0.013576343870924133,-0.012371773208535771,0,1
-0.010721162547586621,-0.0127084309148573,0,1
-0.013502029484792797,-0.011606902624659542,0,1
-0.013507929762322632,-0.010418410290088264,0,1
-0.012556113951177806,-0.010806285545837247,0,1
-0.012321895753892545,-0.010799497309644085,0,1
-0.010250265634550379,-0.011723789018305534,0,1
-0.012829086620696853,-0.01146103035847317,0,1
-0.013301235066552605,-0.011014698804730336,0,1
-0.013545827177163265,-0.010096486783549942,0,1
-0.012899337647608677,-0.012469728385893353,0,1
-0.013426969159228277,-0.011770677866734287,0,1
-0.013750777968336625,-0.011936162237922465,0,1
-0.012844380281636267,-0.011205107725255303,0,1
-0.012990135624134777,-0.01058703418134027,0,1
-0.011651345166244553,-0.010135820143150178,0,1
-0.011760642770541183,-0.010484636205125504,0,1
-0.013756712022376787,-0.012970007596804204,0,1
-0.014771230749510925,-0.012249746484463826,0,1
-0.014283292146348976,-0.010632990041340898,0,1
-0.013305206618536769,-0.010536477553872476,0,1
-0.012387832472548982,-0.011512033840868035,0,1
-0.01123241677441677,-0.011553533234177044,0,1
-0.012346059937166207,-0.011049584923059411,0,1
-0.013551907426186336,-0.01157912386306676,0,1
-0.013797708407479289,-0.010536819768092854,0,1
-0.015534868246904844,-0.009626266755306775,0,1
-0.013215184472990584,-0.012507731748130703,0,1
-0.012859895168926556,-0.010876179897211248,0,1
-0.012697626299490993,-0.011321333617429446,0,1
-0.010014345537804035,-0.012876148958115927,0,1
-0.013143701628655366,-0.010966525106739202,0,1
-0.012993274721724866,-0.011075023740126429,0,1
-0.01368290150572021,-0.013027194445975927,0,1
-0.010435677292866957,-0.013287909222220555,0,1
-0.011222675700707072,-0.010916646127076183,0,1
-0.0123589099775628,-0.010328679821985263,0,1
-0.014627333384119595,-0.010090140129768803,0,1
-0.01322030843863764,-0.01168270042504305,0,1
-0.013424297016471605,-0.011664513520533664,0,1
-0.012353699064645805,-0.012969070703134323,0,1
-0.00987472050010479,-0.009863693136130119,0,1
-0.012180388933750636,-0.012429801454579757,0,1
-0.012103631858496508,-0.01450946192307418,0,1
-0.013200302606633138,-0.011894704209051362,0,1
-0.012993763982400725,-0.011595615143671573,0,1
-0.01273799113901209,-0.011623111267741817,0,1
-0.011352576412768644,-0.012434516891556063,0,1
-0.01294447527726404,-0.012123720047736911,0,1
-0.013127308847296276,-0.011019833977371944,0,1
-0.014268698039777835,-0.011641910622904065,0,1
-0.013117242110256342,-0.011918907143670032,0,1
-0.013440613238748114,-0.011063622541347743,0,1
-0.011952209246643194,-0.009463847483338993,0,1
-0.012707758494050654,-0.0110440987300638,0,1
-0.013125518662530809,-0.012310578281528147,0,1
-0.011729482895207142,-0.015234855657564035,0,1
-0.012234080124820287,-0.014347583866907626,0,1
-0.012316398951550404,-0.012829523100428585,0,1
-0.011622480857451609,-0.011701626516215383,0,1
-0.013218920301566912,-0.01059211038634677,0,1
-0.012882453165817476,-0.011809631612030795,0,1
-0.012727298671630064,-0.010901775621161368,0,1
-0.013699092044277857,-0.013952591357696784,0,1
-0.012937639307963485,-0.01217807384589052,0,1
-0.012328640772892708,-0.012350798994552725,0,1
-0.012659033817512254,-0.012854241476153138,0,1
-0.013265639944639612,-0.0120707871602431,0,1
-0.012921159260666226,-0.011987366039878523,0,1
-0.013272344711437442,-0.01225203817286538,0,1
-0.012489212644780165,-0.012320684002139539,0,1
-0.01202528071985939,-0.012863526945668315,0,1
-0.013059003338636112,-0.012591771563462249,0,1
-0.01338347020792757,-0.014067064022707418,0,1
-0.011344699641828633,-0.014154700719322465,0,1
-0.010883587338988844,-0.014413773919779113,0,1
-0.012861505215905905,-0.012374065159420215,0,1
-0.010248741715114376,-0.01516775268207831,0,1
-0.010714663060738617,-0.012284293684666305,0,1
-0.011042007221250053,-0.01176126580727228,0,1
-0.010429368600586533,-0.012546838930857498,0,1
-0.009130345763303481,-0.012219024163373398,0,1
-0.011547155509412158,-0.01166342321187545,0,1
-0.009227416116246803,-0.012544616875248922,0,1
-0.010077713844033987,-0.01327372796626359,0,1
-0.00993458748159022,-0.013750125758624197,0,1
-0.009829585186590906,-0.015327823880103869,0,1
-0.01044579979934402,-0.013174058463909035,0,1
-0.009277756085437147,-0.015492140968467037,0,1
-0.009525179580467143,-0.01506342233255069,0,1
-0.0106793723027333,-0.015928877740917367,0,1
-0.011155612456564969,-0.012276946588305384,0,1
-0.011898091001004533,-0.011725464026764831,0,1
-0.011636377472905452,-0.01435811177457606,0,1
-0.011379188873410719,-0.013947903122207055,0,1
-0.010331241414533536,-0.012479549957699553,0,1
-0.009683298064364718,-0.014415977020853822,0,1
-0.009240418480557951,-0.013975724562904437,0,1
-0.008762226819319407,-0.015427184853717964,0,1
-0.011720694982483156,-0.01307492438952438,0,1
-0.010722457466778966,-0.014869255673474007,0,1
-0.010076303040370124,-0.014321565310403083,0,1
-0.010116222915667822,-0.014856905575319134,0,1
-0.011496165396646897,-0.014348284939069058,0,1
-0.008044488383659652,-0.011540976542765901,0,1
-0.010914216445484331,-0.011110807053905807,0,1
-0.007862453447709123,-0.012527794667568502,0,1
-0.008024264634966019,-0.01366958984140562,0,1
-0.010441713405034456,-0.01258073353429905,0,1
-0.010214235879141739,-0.01330179002185296,0,1
-0.01138921934258465,-0.01382391317856015,0,1
-0.00859344143096858,-0.01484713419832492,0,1
-0.00961879409260535,-0.013428685098822408,0,1
-0.010336280495325383,-0.01436445260245694,0,1
-0.010757985947496688,-0.01651629954176491,0,1
-0.008267916327082231,-0.010984653241537256,0,1
-0.010061070152538232,-0.012616198102598026,0,1
-0.010287243880311154,-0.011870063322975447,0,1
-0.01066862175705301,-0.012803704538930262,0,1
-0.010700909770463028,-0.012437731093904609,0,1
-0.00975817361630063,-0.012932519111968115,0,1
-0.009616382553846515,-0.013195779153981357,0,1
-0.010346493413000209,-0.013656523851875721,0,1
-0.009753792886469905,-0.014836704214491275,0,1
-0.010561042151078849,-0.013358526456224887,0,1
-0.010527795605707945,-0.015093493292074201,0,1
-0.010861500330713453,-0.014982588068564283,0,1
-0.010325033881927438,-0.012324963324481386,0,1
-0.010329211609383,-0.012367214183396692,0,1
-0.010440889797037986,-0.012977220566615025,0,1
-0.009287730255719424,-0.013909037993915574,0,1
-0.009989773329209877,-0.012608469963476525,0,1
-0.009645753040587193,-0.01212196756744625,0,1
-0.01151947333639446,-0.012728692739045384,0,1
-0.011132023950788127,-0.013688859632663116,0,1
-0.010474731791851962,-0.014008083973221204,0,1
-0.01065174965667806,-0.014348530073418592,0,1
-0.010416864694967333,-0.014547241836896598,0,1
-0.010030141634783937,-0.014080685477212725,0,1
-0.010426718141554832,-0.012441874426462038,0,1
-0.011493566962340355,-0.011572251616979395,0,1
-0.010809592760245908,-0.014006202639389788,0,1
-0.01096574363771449,-0.012406110720995948,0,1
-0.009780283248588036,-0.01260698868329674,0,1
-0.011743901185936564,-0.013969035888936346,0,1
-0.01047170828001818,-0.013754256883758496,0,1
-0.011324105722328653,-0.01385524667470635,0,1
-0.010080934863870395,-0.01704875056549229,0,1
-0.00998131360103975,-0.012653151218356895,0,1
-0.0110913594172395,-0.012295173362501848,0,1
-0.01054225152468651,-0.011770069109185696,0,1
-0.012024953946813563,-0.011631565564796534,0,1
-0.008414734002578108,-0.012524830905118745,0,1
-0.011263143999813699,-0.012029804839741075,0,1
-0.010577871084834317,-0.01242817283254869,0,1
-0.010136716745365116,-0.01318854238515308,0,1
-0.009742232747466441,-0.014421005382451882,0,1
-0.010664213315026694,-0.014056948374418954,0,1
-0.010219228737735248,-0.013753532833718045,0,1
-0.01071153013967132,-0.012597806167836503,0,1
-0.009625950417205249,-0.012686200832807254,0,1
-0.010615204442518806,-0.013062462567412477,0,1
-0.008924970611524766,-0.010296735890568563,0,1
-0.009902186902493537,-0.014306766583182456,0,1
-0.010754318439756643,-0.013340644501300057,0,1
-0.012464683518614472,-0.01430104991804086,0,1
-0.011427560679017587,-0.012629640605109377,0,1
-0.01215004629147496,-0.014965318185367728,0,1
-0.010957042465734899,-0.015353349317835555,0,1
-0.010188583068257649,-0.011687536554050864,0,1
-0.010780234344057315,-0.0120292609182529,0,1
-0.010835215099330607,-0.013636440675691053,0,1
-0.010100943385894096,-0.014066190021762565,0,1
-0.010569067412100817,-0.013117637491621531,0,1
-0.010098769753250416,-0.013303656426657175,0,1
-0.010430375396910425,-0.013326101117503989,0,1
-0.01129682457456718,-0.014204867403989633,0,1
-0.010825879633881902,-0.013412050476859238,0,1
-0.010712750760339887,-0.013720543007591722,0,1
-0.01106676371742757,-0.012143059108567193,0,1
-0.010557467672373665,-0.012435766829479267,0,1
-0.009966411260602458,-0.012566118676462203,0,1
-0.01278393700442963,-0.013769945800485227,0,1
-0.011297296831925414,-0.014182643161344518,0,1
-0.010819412115469752,-0.015517482364958778,0,1
-0.01172983021295902,-0.014507039790263548,0,1
-0.010166448658954486,-0.014873806915324316,0,1
-0.010940708399322839,-0.015350870003477332,0,1
-0.01105652116989319,-0.012571712761807227,0,1
-0.010933205209996681,-0.013032111934884813,0,1
-0.012485925924263093,-0.01495419108007489,0,1
-0.01045238918262814,-0.013343514931726978,0,1
-0.012118751920751824,-0.014240835333475886,0,1
-0.010217997448376264,-0.013210074383729361,0,1
-0.009745527242744446,-0.014484494374938213,0,1
-0.012127466653966853,-0.012113711701235447,0,1
-0.010715393842643221,-0.01205049300555721,0,1
-0.011069174382812763,-0.012347103033378885,0,1
-0.010225068724140573,-0.012870630986792505,0,1
-0.011818342767213778,-0.012007488947841802,0,1
-0.01041770121265781,-0.01246661872215443,0,1
-0.01007724813124232,-0.013792784344529711,0,1
-0.010886767059721913,-0.013308178782771886,0,1
-0.010781510195918578,-0.01515527366899367,0,1
-0.010761987677703472,-0.012348349948041069,0,1
-0.011710009200930155,-0.011607789860857566,0,1
-0.010982179159834158,-0.013541018385994237,0,1
-0.008227437972291946,-0.012621954994198931,0,1
-0.011859953600357454,-0.013942858477508958,0,1
-0.011661075962734089,-0.014515298733318211,0,1
-0.0105893540248064,-0.014064003740421443,0,1
-0.010770533898591467,-0.013542645479769877,0,1
-0.012076003537315498,-0.010053843097531113,0,1
-0.011478935792699466,-0.01213807486365494,0,1
-0.011249343537941665,-0.012683188382755325,0,1
-0.013116757848530742,-0.011168120512642044,0,1
-0.011339284607096682,-0.012972081857961643,0,1
-0.011557759480754715,-0.014046599274927714,0,1
-0.011344116931220474,-0.013860929922832348,0,1
-0.010977261960674002,-0.0130630713577031,0,1
-0.015078501740100343,-0.013359479963523092,0,1
-0.011016066333639527,-0.012058762411765078,0,1
-0.012857362890895292,-0.013727204863849917,0,1
-0.01069793265873404,-0.01336779977822444,0,1
-0.010393295949072871,-0.011505227509035546,0,1
-0.011547543271653556,-0.012857026878042226,0,1
-0.011512943695187787,-0.011957555471230105,0,1
-0.011202920896529786,-0.011138729548747,0,1
-0.012368729658244317,-0.011830698601453735,0,1
-0.013657440793134976,-0.015297676544332202,0,1
-0.011651337810168938,-0.013535838531363833,0,1
-0.012254592367588302,-0.014126386623511332,0,1
-0.012882724824316412,-0.014141829304409787,0,1
-0.011730706013272769,-0.012524230937913033,0,1
-0.011073088204751379,-0.013690336204102697,0,1
-0.012565480940817511,-0.012305779034659077,0,1
-0.011368221534673342,-0.013080714857732295,0,1
-0.010964430696982354,-0.013276961320943307,0,1
-0.010709090562344543,-0.01317170225404517,0,1
-0.011457078504968037,-0.01289128162871677,0,1
-0.012405767801133576,-0.012499985877019252,0,1
-0.011436176031486925,-0.014255133254172016,0,1
-0.011314124160669452,-0.013354756284820782,0,1
-0.011748447871888465,-0.015270181139016393,0,1
-0.012009043226312952,-0.009850847955480885,0,1
-0.01154976667072498,-0.012816324668710464,0,1
-0.011703671208888742,-0.013063796606813685,0,1
-0.011163203534447004,-0.013887084340650462,0,1
-0.01169785250414253,-0.013465740054009415,0,1
-0.011572352904803771,-0.01301934593737531,0,1
-0.011442838823796209,-0.01324826922530883,0,1
-0.011535165470158093,-0.013131444449241076,0,1
-0.011697821161064896,-0.013435601553016761,0,1
-0.014580574144455592,-0.011349896699967976,0,1
-0.012900261315971228,-0.013137630060134532,0,1
-0.012691480857725807,-0.011524466751718147,0,1
-0.011253888586229653,-0.01345338172365476,0,1
-0.011425491384620477,-0.015623415387613573,0,1
-0.012770867379941202,-0.012394488131404488,0,1
-0.011947054005825526,-0.012637220048168328,0,1
-0.011776837389305787,-0.013016216670946244,0,1
-0.01182264888278899,-0.012234421045706465,0,1
-0.012845925941100995,-0.011423109149797864,0,1
-0.011712721250074007,-0.012610142520690398,0,1
-0.012260217053607038,-0.01432774962766524,0,1
-0.012099609743043716,-0.01281366871458639,0,1
-0.011377544985715134,-0.011788042970159097,0,1
-0.012598733790497977,-0.014604799829591923,0,1
-0.009544525824609471,-0.014005622922170386,0,1
-0.011762341943538382,-0.01319261419964209,0,1
-0.011547495125521418,-0.01287289955286213,0,1
-0.01247167152434389,-0.01347247295665482,0,1
-0.013417152281699414,-0.012540010837217487,0,1
-0.011886253341601923,-0.01207579926347882,0,1
-0.01179741582234102,-0.012763606153101827,0,1
0.006080745357195392,-0.01328720513346867,0,1
0.007487400307661785,-0.013131889258398166,0,1
0.008715059792953107,-0.01445984455739573,0,1
0.007817461233543889,-0.014629498862783294,0,1
0.008900672606213916,-0.011900455588351335,0,1
0.008340777139802032,-0.012505694608845834,0,1
0.009180206701600966,-0.014644111572608207,0,1
0.007380565812369698,-0.014097906073381414,0,1
0.008989242087580614,-0.013666508298797597,0,1
0.0074982345921362084,-0.014475881505603694,0,1
0.009565132371776778,-0.013860585992738495,0,1
0.008677497248738482,-0.014373888470563197,0,1
0.00869881114579924,-0.014707245691519587,0,1
0.011743299336060886,-0.015329762037448166,0,1
0.009241308813200646,-0.015314580039001725,0,1
0.007311137187075122,-0.013904560263555412,0,1
0.009111851028788987,-0.013538575913603999,0,1
0.007988717011122071,-0.01196494576564201,0,1
0.008064125035890107,-0.014013489407501228,0,1
0.008170156648331636,-0.015507983242849788,0,1
0.008757226540257214,-0.01433506301958775,0,1
0.007542920289720744,-0.012745767904724505,0,1
0.007605340831955478,-0.013155093784121278,0,1
0.008429069924935683,-0.014681618529449108,0,1
0.009874144732900153,-0.013706728545705317,0,1
0.009538062420348097,-0.013295482386534736,0,1
0.01035997477199892,-0.013855065977993292,0,1
0.01035603169064819,-0.016466626793200895,0,1
0.008997213990210353,-0.016014092834880873,0,1
0.006774782828238873,-0.014283679597008112,0,1
0.006866792605765556,-0.014185022725727577,0,1
0.007204138697180614,-0.014118686878412263,0,1
0.006028495917872757,-0.013849847980336038,0,1
0.00792424353961128,-0.013090755348467195,0,1
0.008883177647172504,-0.014436594793009712,0,1
0.008786376766192162,-0.014209017186003644,0,1
0.0073852746007278735,-0.014965656925895118,0,1
0.00828075528392146,-0.014851645288526246,0,1
0.00894726408517306,-0.014366765130382283,0,1
0.009209694121457373,-0.014770863737021763,0,1
0.008606580236717634,-0.014128540892975423,0,1
0.00869169938579081,-0.01730477771580474,0,1
0.010051330124530074,-0.01451592817798045,0,1
0.007691890005132956,-0.013470081935701506,0,1
0.008574110194268457,-0.014889936220562875,0,1
0.007361349924869928,-0.014410326610665549,0,1
0.0083112118803675,-0.013799448399810265,0,1
0.00864399770759606,-0.015118998331054536,0,1
0.008903325485451101,-0.011160082979733855,0,1
0.005328985182699464,-0.013628664150781558,0,1
0.008826523571434328,-0.01464392456863295,0,1
0.00797486773489023,-0.013262216265232822,0,1
0.009270689180724214,-0.014837903025479028,0,1
0.00838711148815509,-0.013133904738395987,0,1
0.008821398229895461,-0.015160740432088754,0,1
0.009899936305939341,-0.013957496572539991,0,1
0.007308012796878463,-0.012825737316083493,0,1
0.006144493338193337,-0.0129192751463364,0,1
0.007530628413100766,-0.014440476903778176,0,1
0.00826076409415526,-0.01754220685073146,0,1
0.0070228772514900105,-0.014269431545877793,0,1
0.008921166047866054,-0.013680329046754654,0,1
0.006970520324227715,-0.017895052717459836,0,1
0.008992528157289518,-0.016284763732343405,0,1
0.009798345286987333,-0.01441503238297178,0,1
0.008553103690813172,-0.015583147412872938,0,1
0.008772535140468761,-0.013817785259224176,0,1
0.007959491072444681,-0.014924919022900015,0,1
0.009901156887829781,-0.014930553469129144,0,1
0.007358666425323519,-0.014764510711152689,0,1
0.007817538340258692,-0.014048022234272215,0,1
0.00957563368050431,-0.017251188824452292,0,1
0.007964886633846572,-0.012430557049806524,0,1
0.008939098865079946,-0.012011046063258394,0,1
0.0067918406506226724,-0.013908023978013601,0,1
0.0066150031604771,-0.01607843012994824,0,1
0.008622317031964704,-0.014729688789315744,0,1
0.009246409779525027,-0.014851969097322285,0,1
0.007180970831931453,-0.014652107486210935,0,1
0.009072704149329296,-0.015547853425666208,0,1
0.010255297439057868,-0.01562162695884665,0,1
0.007597303421272815,-0.013185248704213903,0,1
0.006277490701103708,-0.014590349546765637,0,1
0.00588245794370023,-0.014585037940712987,0,1
0.00679444595240538,-0.013907253585376974,0,1
0.006994448619928025,-0.013133195032898382,0,1
0.00778969155905188,-0.01388429204803756,0,1
0.009798197788335204,-0.01306529821016315,0,1
0.008434168212501602,-0.014406597211581391,0,1
0.008778531658112798,-0.014921044265470293,0,1
0.007915069934422186,-0.016713039895095174,0,1
0.0069824559780109485,-0.01673039917104585,0,1
0.008351759401843573,-0.016049155853645743,0,1
0.008410393431390549,-0.014495217086375392,0,1
0.007653605819770472,-0.012739010015734692,0,1
0.00812616727118227,-0.010850144525739992,0,1
0.0071925729447118005,-0.013996230883628013,0,1
0.007956654622594145,-0.014666563044430883,0,1
0.0075300053865620985,-0.014059294947550859,0,1
0.01033202146159254,-0.014292523579537413,0,1
0.007914739277751595,-0.014558720974986332,0,1
0.008671757723000058,-0.013901435686842132,0,1
0.009034608916614794,-0.015901819036033178,0,1
0.0071384225689752195,-0.013481087126156003,0,1
0.0070577792704544905,-0.0146526805256755,0,1
0.007518394746130288,-0.01509002335577699,0,1
0.007661528252558949,-0.014717581360959655,0,1
0.007703132814428365,-0.01470840647458746,0,1
0.0081834552614478,-0.014971452143972752,0,1
0.007678005594687407,-0.01492019572625488,0,1
0.007991895252686723,-0.015376467067603216,0,1
0.010765301647694472,-0.01615324743306805,0,1
0.00884356947780271,-0.014184581807201276,0,1
0.00817366127910244,-0.014761562318409074,0,1
0.007607846034308487,-0.017196608079023297,0,1
0.007967004995555743,-0.015297943880506277,0,1
0.006037010671017532,-0.015256103759723551,0,1
0.005674063118546061,-0.014315397273416932,0,1
0.007023869670383219,-0.014399545587631596,0,1
0.007999044423321779,-0.014397917573361691,0,1
0.008502472566116527,-0.014625907196712777,0,1
0.007967658226551122,-0.015461108850347493,0,1
0.009559106101347116,-0.0159194547790216,0,1
0.009915990474937929,-0.014717465167721482,0,1
0.01070919703876994,-0.012533216337644482,0,1
0.006603459069675894,-0.014230461755938674,0,1
0.0067628648886668,-0.014034916379657505,0,1
0.0072970941144228285,-0.014846214938172567,0,1
0.0062795490109127695,-0.0159879241572958,0,1
0.00796241653477478,-0.01426421565194648,0,1
0.007328949920708348,-0.01587852388856115,0,1
0.007949018086741677,-0.015026659293514627,0,1
0.008896897664044553,-0.016369416120598283,0,1
0.008489260342322594,-0.015308849286273041,0,1
0.007608152243131794,-0.014218320485173942,0,1
0.008576673983943461,-0.019213754897056862,0,1
0.007185933572526567,-0.016614637454901483,0,1
0.00893636232060049,-0.014794311876194599,0,1
0.008836631053309405,-0.016139034552970975,0,1
0.007433702073547667,-0.015922756932138387,0,1
0.007190624880383562,-0.01698638202383894,0,1
0.009483649164174712,-0.015591890429290723,0,1
0.009020212673730856,-0.015958415784429927,0,1
0.00860311198756708,-0.015477674893673833,0,1
0.008564503617307016,-0.015480949211386342,0,1
0.007061956431496464,-0.014713282422032643,0,1
0.007652277702816562,-0.015332482497436784,0,1
0.007162694809092283,-0.015172633822753806,0,1
0.007604275633534478,-0.01482333383466343,0,1
0.007043814180394538,-0.014281465737905093,0,1
0.007407423964593107,-0.016596804828564134,0,1
0.007797756951438774,-0.015529301887992033,0,1
0.008898793284204223,-0.01508348153851208,0,1
0.008659765773753188,-0.015845070370248716,0,1
0.00643538429989983,-0.015283316659770129,0,1
0.0073231560318065825,-0.01464375880606661,0,1
0.007105445281308351,-0.017513409024201745,0,1
0.005551783750885277,-0.01508210207353771,0,1
0.00766030189401006,-0.014058209195463233,0,1
0.007812904152720497,-0.01598237865895012,0,1
0.008536113169030784,-0.015358737910838766,0,1
0.007846026414743586,-0.015685428976530552,0,1
0.008008191801903325,-0.015315833118303639,0,1
0.008021264797788082,-0.015646210059040946,0,1
0.006516978780677156,-0.014504422933826084,0,1
0.007928819026493897,-0.015458015217855173,0,1
0.007604191022202741,-0.016168748960507295,0,1
0.007816110638007535,-0.015517338469717258,0,1
0.007619585383037885,-0.01698101614113433,0,1
0.0049049632172275615,-0.017101048479878405,0,1
0.008458747344230102,-0.015912281341039097,0,1
0.004998146719707037,-0.01652093499039308,0,1
0.007365100790009558,-0.015447913157460498,0,1
0.006905339221108423,-0.015367920183980715,0,1
0.007891117627160646,-0.016467148859073365,0,1
0.005686480929972444,-0.018023121641461675,0,1
0.008322715864050428,-0.015730841509426864,0,1
0.008145995414890571,-0.01573033149680596,0,1
0.0034547259362802114,-0.0157818215984109,0,1
0.006170808633562828,-0.015496305896488193,0,1
0.007226686456367313,-0.015310774223425359,0,1
0.008563991705784818,-0.015277466604935334,0,1
0.007779623720941636,-0.01601252442235943,0,1
0.008778169289223514,-0.0154796621877737,0,1
0.0079278880357046,-0.014873818652548044,0,1
0.007908613667415213,-0.016576865424768484,0,1
0.005077386623884227,-0.01714473292035593,0,1
0.0042773104816851435,-0.017653377639980206,0,1
0.008044226923519863,-0.01534151966623825,0,1
0.006300193578608495,-0.01791964352453643,0,1
0.009554141386174714,-0.01584895454317475,0,1
0.008734086501828695,-0.01555303217404578,0,1
0.006686123945262914,-0.015570110348309558,0,1
0.007095534727484843,-0.015510902930491902,0,1
0.006535507044163271,-0.015480730003017824,0,1
0.008632803846503697,-0.01600880824551125,0,1
0.008891318451369583,-0.015805368964671933,0,1
0.010741949190807835,-0.0130287233868896,0,1
0.008373324280707707,-0.01656138473651359,0,1
0.0057671114126617035,-0.012723164614594561,0,1
0.006965327989736331,-0.01640687274098369,0,1
0.0066131441683120054,-0.016508491078637624,0,1
0.007663485017088821,-0.01642974563908789,0,1
0.007386821232510973,-0.012878508328177824,0,1
0.008254023496420727,-0.013238731006948858,0,1
0.006946558737103431,-0.015841156903255816,0,1
0.00630312987099358,-0.014900201180245994,0,1
0.009080734288693274,-0.015318374674903946,0,1
0.008181229729746045,-0.016465137684116,0,1
0.007980806239261756,-0.015839924282470864,0,1
0.005954754918739124,-0.016707819937923835,0,1
0.0065237949596612405,-0.015135735384978177,0,1
0.008352627300939974,-0.01582983008864963,0,1
0.007949515271643946,-0.017081366622512154,0,1
0.006999164455695002,-0.016064576221809495,0,1
0.006908710253166697,-0.017049865175332246,0,1
0.007800914810795365,-0.01570713495685137,0,1
0.006529050740468303,-0.01760518684030957,0,1
0.007106569882523819,-0.016772058634617996,0,1
0.007976039351820832,-0.016391233775254643,0,1
0.006263571772805856,-0.01615457806680018,0,1
0.00481114053568459,-0.016868749186474585,0,1
0.006602552028504346,-0.017035959420044485,0,1
0.007234164617230813,-0.016934426872383525,0,1
0.006690510462802501,-0.01658777523104818,0,1
0.007487029701511269,-0.01692916994978114,0,1
0.007084778701110954,-0.015826434564848238,0,1
0.007439174175377674,-0.015703409641918086,0,1
0.006983984924779324,-0.015700344758574285,0,1
0.008251687821467669,-0.018588581415622866,0,1
0.00785562558538051,-0.01689790872573101,0,1
0.0064355447714491195,-0.016799437930485547,0,1
0.007163390460689102,-0.01670713989573835,0,1
0.007511058630650762,-0.01644803245829017,0,1
0.006982885742417036,-0.01474828183382572,0,1
0.00860889713250667,-0.015471021757636897,0,1
0.007700870889859715,-0.016778306532697917,0,1
-1.4528606084346523E-4,-0.016894885700353694,0,1
0.0016196435190439305,-0.01543067520348262,0,1
0.0024606354045677166,-0.01688923877130765,0,1
0.0019598228675921123,-0.01583211221894424,0,1
0.0031065648843581098,-0.0158414102051491,0,1
0.0018006649189485134,-0.015046024188199896,0,1
0.0016032165884543224,-0.016269217602004067,0,1
0.0024972914356954728,-0.01641776889478618,0,1
0.003067585437733369,-0.0157256443861313,0,1
0.003584328318040566,-0.015456474954384727,0,1
0.002919542842974869,-0.016736072050625547,0,1
1.475454769151369E-4,-0.016480697754432373,0,1
0.002602508524735284,-0.017856643463710326,0,1
0.0032302779657434628,-0.017399179705683342,0,1
0.002849541966054594,-0.01734463995206398,0,1
2.8911899501521296E-4,-0.015409307460768212,0,1
0.0013528061931713745,-0.015658673142801838,0,1
3.7191551011288813E-4,-0.016148129935931663,0,1
0.002743300080375062,-0.015679225232480776,0,1
0.001223776745893761,-0.0159443436389358,0,1
0.0019995762427003384,-0.015456347889988974,0,1
7.307266001074568E-4,-0.01796007284147024,0,1
0.0029913137652190155,-0.017484078247502595,0,1
0.0028809532205293213,-0.016903452226231092,0,1
0.002494370001329516,-0.017105744390116494,0,1
0.0026236529637640718,-0.016452575702372314,0,1
0.0022903375096218477,-0.01705890258358053,0,1
0.004721337849675384,-0.014321365898813642,0,1
0.002673413544070837,-0.017932006342658388,0,1
0.001050753233654296,-0.015353287384723927,0,1
0.001814122554230524,-0.015967452752848207,0,1
0.0014336323944468213,-0.016385350266843846,0,1
0.0030707175752901013,-0.01664441371616185,0,1
0.0018954655798478646,-0.014650841938340963,0,1
0.002458665690962654,-0.015278218414579015,0,1
0.0017615309508934784,-0.01797421435942861,0,1
0.0024299302839087956,-0.016976473839403747,0,1
0.001720375146681879,-0.0172520690033349,0,1
0.0025722923601190053,-0.016945052257319574,0,1
0.002717854650658503,-0.0173752926075691,0,1
0.0017202001481843182,-0.017247559043260155,0,1
0.002665761253568861,-0.01724356311521537,0,1
2.7116178157799493E-5,-0.014815678784714174,0,1
0.0019318775852205706,-0.01421221757179025,0,1
0.0017062921732182708,-0.015598614250381915,0,1
8.599762468849603E-4,-0.014562716116497015,0,1
0.002412708762979062,-0.015867882047632727,0,1
0.0027807835758937374,-0.017312309615837858,0,1
0.001961747514731609,-0.016464445254363354,0,1
0.002929480687529979,-0.01731606334739001,0,1
0.0025295435324722165,-0.016731182856704618,0,1
0.005058695083290936,-0.01818023320150801,0,1
0.0030028527921617944,-0.01692492284944828,0,1
0.0030773858718519263,-0.017471278827469724,0,1
0.004344104224508709,-0.018695688586641796,0,1
5.989437036653366E-4,-0.015109510419722527,0,1
0.0019063636307509997,-0.016965389689035094,0,1
0.00146162877488986,-0.015312139710764089,0,1
0.002684274979148851,-0.018889694459799024,0,1
0.0012432706467699552,-0.01613795612867623,0,1
0.0013690657670302156,-0.01566077319354933,0,1
0.0018849753209869006,-0.01679993034843577,0,1
-8.149861864113413E-5,-0.015531066540101909,0,1
0.002076174541102313,-0.017430977073809972,0,1
0.0026851328590965116,-0.01672600916020794,0,1
0.002712734227390097,-0.018952729572046145,0,1
0.0017877065998497049,-0.018289592622156882,0,1
0.0030089586905457147,-0.01775945377687777,0,1
0.0010978682113411066,-0.015716136743036752,0,1
0.0021497958658826966,-0.01618430459016058,0,1
0.0012454914983314757,-0.01724407959605747,0,1
0.0026704290182841227,-0.017475716062422927,0,1
0.0017567559949482673,-0.016962272935954,0,1
0.001081035636731847,-0.01759248720927262,0,1
0.0034489808185481532,-0.01619828367522605,0,1
0.004837301514394893,-0.014740665048944489,0,1
0.00458044352579345,-0.017180342982744342,0,1
0.0028504344877262828,-0.017290635490421466,0,1
0.0022305069763391364,-0.016639677305509467,0,1
0.0027992717707520944,-0.017750027898948202,0,1
-3.45476268893658E-4,-0.01505143259576678,0,1
0.002219081276096464,-0.016614011859210635,0,1
0.0015122950796789298,-0.016889418683695447,0,1
0.0018433025656250494,-0.017352215068742436,0,1
0.0016848229236065754,-0.016640937476245336,0,1
5.587746872089042E-4,-0.017170299013556822,0,1
0.0021475273044697617,-0.016716875261946804,0,1
0.003386507497275664,-0.018010962747140338,0,1
0.0022350689683106797,-0.01736223178827124,0,1
-4.889004560305838E-5,-0.017572387877919638,0,1
0.0032308858824346863,-0.018241715141323882,0,1
0.003673728014635863,-0.0189656617318213,0,1
0.0019363650899469193,-0.015006542356133195,0,1
0.0013740364161923938,-0.016646230730550594,0,1
0.0018313963433661982,-0.013831021991550636,0,1
0.00257762993549533,-0.01695025577298112,0,1
-0.0010742260274483751,-0.016237259777112368,0,1
0.0010385634374429828,-0.01778778701626286,0,1
0.002307296406609272,-0.01707577133414164,0,1
0.004108120634274855,-0.016225914754814108,0,1
0.004375137807317297,-0.016378937638979896,0,1
0.0027538122566115753,-0.017279519663658004,0,1
7.654955067165891E-4,-0.015111589426966289,0,1
0.001379647958169783,-0.015500868604813792,0,1
0.0013272790596638125,-0.016302921282074556,0,1
0.0011357150571238309,-0.01622743595528866,0,1
0.0018064071080429228,-0.01723287077007113,0,1
-8.51862428170017E-4,-0.017727114158204896,0,1
0.002577626961862083,-0.01718080598612742,0,1
0.002095376746540848,-0.017118458681959003,0,1
0.0018009239881305577,-0.016047201944415078,0,1
0.002301428826194265,-0.017425425314149267,0,1
0.0028505014841189247,-0.017833045909083356,0,1
5.963128594944395E-4,-0.015972663407826704,0,1
0.0016178830065106515,-0.015795445423332017,0,1
-7.359200684674905E-4,-0.014205448696061463,0,1
-7.195684098564157E-4,-0.01591604312620642,0,1
0.0017949477166337188,-0.01820053851244901,0,1
0.0017013966565629828,-0.01659788545271809,0,1
0.002371177719309429,-0.016989903396236586,0,1
0.002475720432328119,-0.01735052975468412,0,1
3.660503484414028E-4,-0.017357026098281363,0,1
0.002497522813851276,-0.017972046810942804,0,1
6.813937491976148E-4,-0.015476701337758015,0,1
-9.064199779154602E-4,-0.01685566048450053,0,1
0.0014190028754767624,-0.01679188740610515,0,1
0.0012608352240224242,-0.01687542212055545,0,1
0.00210644442303281,-0.018613637327064135,0,1
-1.0880966559854336E-4,-0.019176402650939294,0,1
0.0028680156995556597,-0.017368023629333706,0,1
0.0020777935475763958,-0.01742628170096085,0,1
0.0028424923763322955,-0.017178150280795616,0,1
0.001533105129376029,-0.017834028558929235,0,1
0.0013135467071612409,-0.016974648251383735,0,1
0.0012436027906867848,-0.016413902970683836,0,1
0.0028107831655278036,-0.016978030237244292,0,1
0.001155504274195075,-0.017794924136948834,0,1
9.035168261694785E-4,-0.017355108373833403,0,1
0.0014901243449241622,-0.017052450998300182,0,1
0.0014549078425580616,-0.01749411228048125,0,1
8.941253111176516E-4,-0.017206751094858162,0,1
0.003313631478706826,-0.016660129477924234,0,1
0.0012642862385138552,-0.01561282220867163,0,1
9.734699520550085E-4,-0.01727810344312863,0,1
9.953116293952376E-4,-0.016403175286137748,0,1
6.668383267794308E-4,-0.018345305066239277,0,1
9.876645730840755E-4,-0.018341481997289865,0,1
0.002764326513552839,-0.016391661005814167,0,1
0.002697642212048664,-0.017744139932166725,0,1
0.0028501197081254714,-0.01775116083408514,0,1
0.0032919482723426127,-0.018255496661003276,0,1
0.0018459438816052958,-0.017163324139043847,0,1
-0.002899707844394586,-0.017670055260915717,0,1
4.836920133720887E-4,-0.017324005472243487,0,1
9.944281425958552E-4,-0.01754417394105541,0,1
8.473364879693061E-4,-0.017069137114851723,0,1
0.0015469665156880449,-0.019585529867487,0,1
0.0017541008436237112,-0.01793973823353306,0,1
0.002179537169389396,-0.01787166522456642,0,1
0.0016374307586182245,-0.01731158675803557,0,1
3.281157026923838E-4,-0.017690174837243677,0,1
0.0013953021357986722,-0.02005880502123139,0,1
0.0016089325089818278,-0.01763710713463188,0,1
0.002248065148110674,-0.015928227026420955,0,1
0.0018926005773714648,-0.017570928420724035,0,1
0.0018280869017292603,-0.01832046828555364,0,1
0.001771916485581437,-0.017581966758332238,0,1
0.0016878722587273507,-0.017660367637167076,0,1
0.002056800967923736,-0.01717744193101072,0,1
0.0016858195593290033,-0.01800459920092462,0,1
5.8789020344556E-4,-0.01664351649613114,0,1
0.001375062166120591,-0.01621041397658991,0,1
3.3427148762950646E-4,-0.017439272283657124,0,1
0.0018998932155833502,-0.018458950084947242,0,1
0.002049713292686221,-0.01812969384957235,0,1
3.809320533639286E-4,-0.015884766998441626,0,1
0.001290507134819834,-0.016751191609246343,0,1
5.438428368240781E-4,-0.01755231533724288,0,1
0.0016702618714576297,-0.01807735366752445,0,1
0.001076906353359908,-0.01877323154062688,0,1
5.644385695267442E-4,-0.018197281344529376,0,1
-7.883653781919697E-4,-0.015075437163995183,0,1
0.0020031170844671355,-0.017992356902261305,0,1
0.0030046336545744706,-0.018386974838976236,0,1
-4.656226111943348E-4,-0.014526015352626005,0,1
8.287953860025803E-4,-0.01807223489579689,0,1
0.0022025792953231163,-0.01567304774911518,0,1
0.0013848449915100315,-0.018604311695389168,0,1
0.0023605771969164723,-0.018211807612327418,0,1
8.504064400896588E-4,-0.016966676807140372,0,1
3.8475809395768253E-4,-0.01691765630681545,0,1
0.0012607989367609583,-0.020734158226994107,0,1
0.0013404648564465935,-0.016169747174747045,0,1
0.0012216234768262866,-0.017437497981590732,0,1
8.310597056461722E-4,-0.017580293811418474,0,1
7.229521149179624E-4,-0.016432767247598377,0,1
6.057261620896617E-4,-0.01743434301733558,0,1
4.7103584407883923E-4,-0.018506827195331994,0,1
0.0026859574140408347,-0.01774412573095382,0,1
0.002472288934524483,-0.018734690748009722,0,1
0.0010323081418791111,-0.014407239504769914,0,1
2.9344256067782143E-4,-0.01642331802667705,0,1
6.986940497582796E-4,-0.018105881493544466,0,1
6.81034188273326E-4,-0.019172100554548585,0,1
6.635325482920828E-4,-0.017445987118258635,0,1
6.299905419520135E-4,-0.019078518130556197,0,1
-0.0022330427162334065,-0.016102299496396993,0,1
8.583323442541576E-4,-0.017106469350687922,0,1
0.0014155220907671132,-0.01827196633490189,0,1
0.0010581655810158594,-0.016395856205559438,0,1
0.0010956239067602476,-0.017765292905812233,0,1
3.389957182753858E-4,-0.016962894824930585,0,1
6.456201110976132E-4,-0.017223115570992042,0,1
9.685467631588051E-4,-0.017550474423763736,0,1
7.227560191986347E-4,-0.017954901332423216,0,1
-1.2456922203453807E-4,-0.01792861162536319,0,1
5.175391532326733E-4,-0.017774676920357845,0,1
0.0016921757784501155,-0.01743317563605355,0,1
0.0018034493550038097,-0.01697152268202293,0,1
-2.2283479239652528E-4,-0.01762668974294758,0,1
2.2413733376441022E-4,-0.016919657796246018,0,1
5.782239560232689E-4,-0.016682558232666275,0,1
9.159741793006372E-4,-0.017905507538348565,0,1
5.283978154880157E-4,-0.017728970344769536,0,1
8.418734870827802E-4,-0.017897099454530063,0,1
8.853146227388016E-4,-0.019066009170996392,0,1
0.0018433287984029965,-0.016192835007834222,0,1
0.0016300124004524285,-0.019350150187996996,0,1
1.931270143300449E-4,-0.016590939595191416,0,1
-4.198315446536724E-5,-0.019000427347813282,0,1
7.134161556554462E-4,-0.0175530912111594,0,1
2.060359732320123E-4,-0.01821134753300559,0,1
0.0015195437373292768,-0.01779015867260946,0,1
0.003307113482749878,-0.01844781455390631,0,1
0.004451672280184436,-0.017751985538598664,0,1
0.00458656915597823,-0.01864877095717045,0,1
0.0037594261617197523,-0.01742329968616856,0,1
0.003735204419509178,-0.018129218811012378,0,1
0.003861899396834801,-0.01667038810552205,0,1
0.004065372784743365,-0.01653607762534267,0,1
0.0033892016774350643,-0.015514688141709714,0,1
0.004857699186156569,-0.01632994980498404,0,1
0.0031954773090546616,-0.01502598681185652,0,1
0.002194360063171999,-0.014479255181828589,0,1
0.004036853349684276,-0.015226315486056604,0,1
0.004813705059959811,-0.01431565200602411,0,1
0.0051305306845300476,-0.013557524285231902,0,1
0.003096256497830824,-0.015045906285268121,0,1
0.003938057123451116,-0.014547523703011548,0,1
0.0041497212956063635,-0.014048460238407454,0,1
0.004267952712481404,-0.01816100560077838,0,1
0.004697297267175986,-0.01713804467261548,0,1
0.00366890392563682,-0.01695301008045012,0,1
0.002314054834016117,-0.01797343605613917,0,1
0.0016974951832228562,-0.015215258296430651,0,1
0.004746531916018478,-0.016326852463475375,0,1
0.002750680962448241,-0.01699863797962976,0,1
0.003569573832063795,-0.015959607742162603,0,1
0.005122778628738715,-0.015411049565688232,0,1
0.0038997661513774096,-0.014596575626586762,0,1
0.00391090698124707,-0.016395820588111214,0,1
0.004977938237810883,-0.016106811889972233,0,1
0.004212434810213635,-0.015185874000697434,0,1
0.005059064806681777,-0.01490297152221297,0,1
0.004249041994138847,-0.014589058911154957,0,1
0.004278333686423312,-0.01745433823859073,0,1
0.004008985644186621,-0.01731795767276377,0,1
0.003852174601158408,-0.01732310194282384,0,1
0.003877562843767925,-0.01794786780180798,0,1
0.0025277207447090308,-0.016953561494851156,0,1
0.0034946908643850544,-0.016290254536865695,0,1
0.004300462216209748,-0.015969307298510087,0,1
0.003125409284613776,-0.015060888204854407,0,1
0.00250031012019676,-0.016296719670246956,0,1
0.0013546374852737566,-0.015427230015391485,0,1
0.00497431899049578,-0.015182128259247885,0,1
0.004618275320057787,-0.016198728145274278,0,1
0.0042634633445807054,-0.014882724653043489,0,1
0.004832715210997473,-0.014617876751431991,0,1
0.004294021695490405,-0.01385899551715984,0,1
0.0037736145235279664,-0.013732668634151618,0,1
0.005298509002926354,-0.01780066714058987,0,1
0.0034896251819795574,-0.016598585331082015,0,1
0.003959720962559966,-0.017023481352253258,0,1
0.0035615350310088012,-0.015753569003301954,0,1
0.004775319609941572,-0.016104151173550928,0,1
0.0034343690136709034,-0.01401291960153055,0,1
0.004807918907397983,-0.014362188266604783,0,1
0.0046008265352882475,-0.016997164962011462,0,1
0.0040490367431431605,-0.015358452762872319,0,1
0.004089100493276993,-0.015074907663030167,0,1
0.004376369139649505,-0.015553783250455294,0,1
0.003815919112849085,-0.014701465267758135,0,1
0.0041975655099430915,-0.014740419597604937,0,1
0.00407032662138133,-0.0143524831983929,0,1
0.005351432320126192,-0.01450196200264545,0,1
0.004404947838368145,-0.01626257285430693,0,1
0.003305657542748163,-0.016214364058536226,0,1
0.0051252334919075345,-0.017596707631032358,0,1
0.004517401762069699,-0.01619838044590696,0,1
0.0039699929354158215,-0.01632645843995653,0,1
0.004100532459298616,-0.016729474877444007,0,1
0.004365261459492434,-0.01541780222515569,0,1
0.004251101214506667,-0.017316941776639953,0,1
0.00513617512233879,-0.016023942898185244,0,1
0.004454699561427181,-0.01521760629318477,0,1
0.004020630498437141,-0.015515745224830065,0,1
0.006135623756448035,-0.014744909926757538,0,1
0.003866485194642861,-0.01419637308005583,0,1
0.005066424344416203,-0.015849080073441706,0,1
0.0035951098738562746,-0.01708839555243813,0,1
0.0035038813568868932,-0.015760462471814264,0,1
0.004382437007763167,-0.016009694148044092,0,1
0.004274460896597173,-0.016067186913023928,0,1
0.004654934493071645,-0.01762407733515797,0,1
0.004583234465199096,-0.017564691817592255,0,1
0.0027922172880959183,-0.016761657923317887,0,1
0.004402232023205469,-0.015662604416648032,0,1
0.004543078539672916,-0.015689316937153135,0,1
0.0041952115359427675,-0.015420415138136771,0,1
0.004809795475042989,-0.015943702873955596,0,1
0.0032312273000555457,-0.015822405787972546,0,1
0.004905189059161674,-0.016287510406291672,0,1
0.005093603220767566,-0.015061510606068316,0,1
0.004929489005598962,-0.017230709785925218,0,1
0.00446250349903325,-0.01606165044071614,0,1
0.003323377119221932,-0.015957341629161025,0,1
0.00455446256407333,-0.016460619412811014,0,1
0.003450091793195119,-0.015590975184857303,0,1
0.004519043160206575,-0.016721738470909964,0,1
0.004588027052041282,-0.01599667882164891,0,1
0.00476773276329096,-0.01605600876143521,0,1
0.005742581480675954,-0.015235635746167408,0,1
0.0036159905093671764,-0.016116968612837422,0,1
0.005291983949144792,-0.014460926763307177,0,1
0.004586463406558285,-0.014553569271873746,0,1
0.005310636258621401,-0.013061840182986596,0,1
0.00443198049681072,-0.01715550304803153,0,1
0.004695596954251369,-0.016737960456110246,0,1
0.0027603254410000647,-0.016333153866167616,0,1
0.004109061847288685,-0.016454358665071462,0,1
0.003775803133879711,-0.016434554279296222,0,1
0.0037474416949876146,-0.015952465521371625,0,1
0.003937824314051131,-0.017024035716432073,0,1
0.0045959080298651695,-0.01597049391557055,0,1
0.00457292324581052,-0.015507393647063342,0,1
0.0032445911437939752,-0.013009233401499126,0,1
0.005437229715424661,-0.014844007203161222,0,1
0.004662548233511654,-0.014665702023745673,0,1
0.004427062480223142,-0.014875592963841243,0,1
0.004884154008323707,-0.015956907701567057,0,1
0.004238832074421958,-0.018151314209823112,0,1
0.003854047142265972,-0.017866070578949955,0,1
0.004343605536294546,-0.016847987909047166,0,1
0.004417035338313784,-0.016749020743609223,0,1
0.004507656669296209,-0.015334633918377397,0,1
0.00455619959764422,-0.015529790267370744,0,1
0.00551264949253143,-0.015388275945055815,0,1
0.005680351791362569,-0.01541885023113116,0,1
0.0052612197532356875,-0.015641966483673216,0,1
0.00448182921536387,-0.014893633233594177,0,1
0.005444366917033979,-0.015709214862337097,0,1
0.0038854563351604313,-0.01818617960961737,0,1
0.003533444963072782,-0.017474142929380126,0,1
0.001204064678424492,-0.01715740667013325,0,1
0.005522320233285126,-0.016630795594818427,0,1
0.006732366763475167,-0.01502453223123491,0,1
0.005906663648625251,-0.015997083399048467,0,1
0.0018389595226402647,-0.014774283905983027,0,1
0.004733896928376695,-0.01575238949548643,0,1
0.0055011324471628785,-0.014445912982103744,0,1
0.004888929363352217,-0.015240819454911332,0,1
0.0048676381848637585,-0.015893932876630046,0,1
0.004735842442142046,-0.015205971949967196,0,1
0.004844730540848367,-0.018887701891128927,0,1
0.003978122888881938,-0.015674478031455944,0,1
0.004096732574208267,-0.01720864694407787,0,1
0.0057830988440105285,-0.015415475522214568,0,1
0.005690352944839313,-0.01706466632977743,0,1
0.004035762497084249,-0.012342830964640207,0,1
0.004617306398507696,-0.014628902629634306,0,1
0.005778688578962188,-0.015603936492683788,0,1
0.004712254231799485,-0.01664298440088776,0,1
0.00462692147312287,-0.015009568473422273,0,1
0.0056436317872539925,-0.01595797206858253,0,1
0.006095368970657017,-0.013933935024356532,0,1
0.0032248398259529178,-0.01740887609365912,0,1
0.00588883342434889,-0.016844120501124438,0,1
0.0035470971756032927,-0.01698939531959009,0,1
0.00462480701820872,-0.01614804288404343,0,1
0.004565899174143799,-0.01598121117803211,0,1
0.0048242208570505,-0.01575365484784662,0,1
0.004470905224491868,-0.0160105670564422,0,1
0.004465084998818142,-0.014786881631660911,0,1
0.0046664622641736184,-0.013121653804227347,0,1
0.006761992140041384,-0.01540539211086846,0,1
0.005746058568122654,-0.018099268331877246,0,1
0.0045620118605169645,-0.016793250000111674,0,1
0.002807603664203795,-0.017022587813456988,0,1
0.004956508866339038,-0.017214266384907514,0,1
0.004983125419413415,-0.01630761860048704,0,1
0.005179359323817474,-0.016662387023922254,0,1
0.0030554180724262888,-0.01477596796704259,0,1
0.004993811250708538,-0.015509065889138876,0,1
0.005134114687215961,-0.015913062001046207,0,1
0.006385333459689334,-0.016579625767069162,0,1
0.0050266364855511576,-0.015141083596722959,0,1
0.006746266607385866,-0.01674899343038132,0,1
0.005232607653471211,-0.01680230344828101,0,1
0.006091596404819687,-0.016763029943216167,0,1
0.005291821095241523,-0.016471629052533732,0,1
0.004916570870898295,-0.016754571689034138,0,1
0.004729832120739184,-0.01580571463138167,0,1
0.004553711228389958,-0.014179075645265011,0,1
0.00806052473981086,-0.016566171782492537,0,1
0.0054623277227771345,-0.015382977371296623,0,1
0.0038537695736885406,-0.015218741990415464,0,1
0.005113830109373658,-0.017066489084240334,0,1
0.005379539855230207,-0.017115380683557085,0,1
0.005125449347294673,-0.01691854985862905,0,1
0.00324691131321424,-0.01572844319267934,0,1
0.005745176829609549,-0.015392390344096006,0,1
0.00633056711770269,-0.018761426550485294,0,1
0.005719090781187071,-0.015551766664477586,0,1
0.00496580053463606,-0.016180281594694795,0,1
0.005439534416011423,-0.015384123546028094,0,1
0.004973785301789505,-0.016268321230968226,0,1
0.0030258964403751766,-0.015820021430146398,0,1
0.0031074732941278323,-0.01865602892052408,0,1
0.004412624203899686,-0.016631985262714328,0,1
0.0043884736877184355,-0.019777955165492533,0,1
0.004988443168924181,-0.015915963436086693,0,1
0.005892707041620745,-0.015341295471250902,0,1
0.009078265060878069,-0.014163304390703728,0,1
0.0062553063356454814,-0.014466962365272257,0,1
0.006303382142395837,-0.01725642565629474,0,1
0.006442687347402315,-0.017587624986561145,0,1
0.007492915010876711,-0.017754232163479235,0,1
0.006172457406805239,-0.016581971865170738,0,1
0.005088822853728309,-0.015903677619343956,0,1
0.00561933848238984,-0.015648876207298348,0,1
0.005466907200299478,-0.015800411120230604,0,1
0.004142317930620249,-0.015359899705017456,0,1
0.005612873948882992,-0.01471496065769726,0,1
0.0054222331513620265,-0.01721329705975867,0,1
0.003915147757826121,-0.014891343741863483,0,1
0.0057448094930219965,-0.016299988589981308,0,1
0.001903489127098391,-0.015317405487848289,0,1
0.006608247915206443,-0.016267129849334847,0,1
0.005032801855537299,-0.014867071429440208,0,1
0.00714183050337146,-0.015055170640300477,0,1
0.005779956999727417,-0.016824190201981226,0,1
0.004742431818842907,-0.01583262875549338,0,1
0.005756695947192347,-0.01673116749585906,0,1
0.007956928471411736,-0.018114541262337854,0,1
0.0052016621600184925,-0.017514862183876576,0,1
0.0032970581682958294,-0.015339934762723783,0,1
0.0053824900815196116,-0.015838933759306263,0,1
0.005715927918811042,-0.01459573571929961,0,1
0.003281515016404982,-0.015137619784300754,0,1
0.0059332704244281186,-0.017091853133679082,0,1
0.005254155471717705,-0.017038081994997768,0,1
0.005094310319202085,-0.01657056828489691,0,1
0.004849753376457313,-0.01692858718070287,0,1
0.006889819352720652,-0.015380220584525164,0,1
0.006422371771556097,-0.015417641068972253,0,1
0.004409966044594207,-0.016521191905336595,0,1
0.005874633034813559,-0.01598909293547187,0,1
0.004817403511771282,-0.016172622712392,0,1
0.005037229616544382,-0.01653192684632326,0,1
0.005834935074816235,-0.015343894810321243,0,1
0.005447812994444888,-0.016676486228607033,0,1
0.0060907898922466005,-0.01635723475312745,0,1
0.0044568018606645585,-0.016375369871831583,0,1
0.005877954130238955,-0.017059550787881607,0,1
0.005477010069015751,-0.016619554648022533,0,1
0.006546529195878805,-0.015693806020008822,0,1
0.006334550362836972,-0.016016293524623793,0,1
0.006175183976247185,-0.015709847971895,0,1
0.006475628911071087,-0.01766535660346849,0,1
0.004365027277316062,-0.01754330462340133,0,1
0.005957100796236372,-0.01663748005210991,0,1
0.006123755715464902,-0.01678637592249419,0,1
0.007274082984486307,-0.019183898249107944,0,1
0.006982541061270969,-0.01729483807947804,0,1
0.006033557126885361,-0.0164676445559728,0,1
0.006275665362835296,-0.015371302134439997,0,1
0.004744914728763418,-0.017077269853159837,0,1
0.007492703684716901,-0.018679999561386038,0,1
0.006996176713605568,-0.01666662925043061,0,1
0.006238125296858648,-0.016531254583682913,0,1
0.007137570809066075,-0.017154082151847133,0,1
0.007334683299256361,-0.015021322724572652,0,1
0.0050015642784847335,-0.017771541642334635,0,1
0.004760869586369996,-0.016980186434962907,0,1
0.004991269749157176,-0.017613194557212945,0,1
0.005418738550858369,-0.017315985212358054,0,1
0.006349554266790148,-0.01631955751881231,0,1
0.006606203477109707,-0.017700744497174667,0,1
0.005254395224018136,-0.019183585471297965,0,1
0.0062628187565917535,-0.01631793319332749,0,1
0.008181953881730982,-0.014951843712685488,0,1
0.005927048298506499,-0.01661028162546522,0,1
0.00623789698209927,-0.01704488868169909,0,1
0.006182409791743418,-0.01634075296664415,0,1
0.006452160731120868,-0.01690471223702367,0,1
0.007054303246858523,-0.01638117807174065,0,1
0.006157780027928588,-0.0156196882025317,0,1
0.005388752414614753,-0.0163784148026775,0,1
0.006939575078653695,-0.015856601776103218,0,1
0.007502498787871724,-0.016075017154516928,0,1
0.006193068198986496,-0.016261368172218196,0,1
0.007853365781046964,-0.017377725772404064,0,1
0.015505934842979106,-0.003613884632173856,0,1
0.015143212846306,-0.004348404825651919,0,1
0.0150018674645518,-0.00621677216133273,0,1
0.015324515618463463,-0.0033122567774221566,0,1
0.015868330587203914,-0.004444784084404068,0,1
0.016212225228924997,-0.0038150911648157427,0,1
0.01668786270013909,-0.0026830205686095383,0,1
0.016384117472532624,-0.0033493451182974414,0,1
0.015426910461097057,-0.0035350749532113116,0,1
0.01717648255293874,-0.003193077866675474,0,1
0.016067034227375366,-0.0035354931003265303,0,1
0.016265658202321166,-0.004180828048675405,0,1
0.015904688896996606,-0.0037530468880080936,0,1
0.01773494003935172,-0.004499445962165736,0,1
0.013768161161275922,-0.005613228834257023,0,1
0.013702237253898767,-0.003874408651884263,0,1
0.014596995868128716,-0.004825872419624503,0,1
0.016586772211523507,-0.0037126341729945634,0,1
0.015567529939397664,-0.004541785680739328,0,1
0.016030901613159954,-0.004318904551193384,0,1
0.0161787646584374,-0.0038810398765700177,0,1
0.017614650087164202,-0.0017084666252907743,0,1
0.016048359638649878,-0.0053790454563644305,0,1
0.016691017835617182,-0.0036372975471930837,0,1
0.016519616491060502,-0.0033379432798609546,0,1
0.017343642326282802,-9.487268914633608E-4,0,1
0.01702102580222061,-0.005413337397175025,0,1
0.016300231287180746,-0.0038140825782336523,0,1
0.016459857288635135,-0.004305830975897246,0,1
0.017625121840969066,-0.003058538464772669,0,1
0.015334502865562457,-0.005130711429957593,0,1
0.016975377923179453,-0.003655374883621859,0,1
0.01784469983975671,-0.0034616713497283348,0,1
0.015895573851526824,-0.003642294688817,0,1
0.016247327099882324,-0.003610365779918278,0,1
0.019220011677044166,-0.003521909920926009,0,1
0.01723857670662562,-0.004910299971161372,0,1
0.020009402855895517,-0.004297360550094445,0,1
0.018647633267844695,-0.0031193717079401237,0,1
0.018267515345069506,-0.004780154459769024,0,1
0.017443068846995317,-0.0037199686914487842,0,1
0.015370871341457343,-0.004828808669838888,0,1
0.015015451713720537,-0.005415330207689864,0,1
0.015434445411162607,-0.005501408075704328,0,1
0.01593037087983146,-0.004460052284818741,0,1
0.014972156252147888,-0.0024665131483774627,0,1
0.01641544952315667,-0.004138482525981259,0,1
0.012775955869904316,-0.0031079526553263203,0,1
0.016238282426753802,-0.004463922877649094,0,1
0.016820856080813847,-0.003997484858112144,0,1
0.016910788128752755,-0.003966295616123589,0,1
0.017277479859432104,-0.0035481155688198243,0,1
0.017473576500751934,-0.003911420871710208,0,1
0.01534531523399988,-0.004001073818832718,0,1
0.0158477189440959,-0.004731232049211722,0,1
0.015289429621835682,-0.004782041725690685,0,1
0.015375434469675788,-0.004371923979856935,0,1
0.01475829180746215,-0.0043440722983241675,0,1
0.016421435195245356,-0.003102941054098348,0,1
0.01602042866298993,-0.005914211695763143,0,1
0.015828080681480033,-0.005169203521018402,0,1
0.017320565505234396,-0.004166321031764149,0,1
0.017012223269098264,-0.005077056881996807,0,1
0.0169999114223251,-0.003670736161258394,0,1
0.017556594325327503,-0.004378501826570062,0,1
0.015351577824922347,-0.004646347761870124,0,1
0.014678682758353979,-0.005312789395987513,0,1
0.015659337051174047,-0.005899496043511089,0,1
0.01542626320426349,-0.003691584536968598,0,1
0.01658948459769274,-0.00444785742284359,0,1
0.014075079396365419,-0.002008505812317347,0,1
0.015293850784443255,-0.0020311578403912497,0,1
0.01790848466278132,-0.003214987578813344,0,1
0.01679377157157155,-0.004323123945651976,0,1
0.01733342617545391,-0.003774618816987636,0,1
0.017896093549941854,-0.0036141463312030324,0,1
0.014759821452890464,-0.005581512528263081,0,1
0.014376685748362213,-0.005528799257971621,0,1
0.01432583345037719,-0.0036791803332555276,0,1
0.016684134156242588,-0.005030277038486849,0,1
0.016534722293607213,-0.006271583950887277,0,1
0.017302240258013267,-0.0057656191956984215,0,1
0.017019118493048584,-0.0045902728896733205,0,1
0.015425741242162368,-0.0055499939496632495,0,1
0.017397214149377657,-0.004486507021448394,0,1
0.016329361000882954,-0.004180830935309339,0,1
0.01643622653338051,-0.0053322719729690824,0,1
0.015034684078793483,-0.005287649238336923,0,1
0.016370106240449354,-0.005396460239938436,0,1
0.016752968484073382,-0.006348377202452627,0,1
0.015412125821453607,-0.005609646174377531,0,1
0.016108322110685327,-0.004949605993741204,0,1
0.013712730061175349,-0.0039674767976053535,0,1
0.015707594763854582,-0.005661420081412387,0,1
0.01687500687258623,-0.003243437959293569,0,1
0.01683305059553116,-0.004570567193544087,0,1
0.018633162537094548,-0.00423356653376331,0,1
0.015777911386310847,-0.0050081679049988085,0,1
0.01653501745904519,-0.005233142468190527,0,1
0.015774940314536936,-0.004644252089675412,0,1
0.015697106974250627,-0.005457221276027696,0,1
0.01724583176884349,-0.0026548379191416106,0,1
0.016591739507694925,-0.005593298094449797,0,1
0.018518384316210855,-0.006413563757854833,0,1
0.01774607365136533,-0.0046728078959079496,0,1
0.013669923376616261,-0.004650297395495061,0,1
0.016588993659667206,-0.003660723600773776,0,1
0.01642706656367696,-0.002524548585798599,0,1
0.01430250870477258,-0.004717381551533562,0,1
0.014997833136989835,-0.005078139142364905,0,1
0.017796204388481646,-0.00397932072420061,0,1
0.015096409635674546,-0.005161468319318965,0,1
0.014369650138638224,-0.004254833982262353,0,1
0.016982360266674858,-0.004573763564200436,0,1
0.01690616747225541,-0.005027660064819832,0,1
0.017474750775440206,-0.0062515777478270975,0,1
0.017190792529804974,-0.005110582742214708,0,1
0.014791344632609386,-0.004778297282390227,0,1
0.01560358227169236,-0.005670033184308845,0,1
0.015827497799502602,-0.005754814350274325,0,1
0.01578978833726999,-0.005669261175654087,0,1
0.015688762968140483,-0.005543262653747327,0,1
0.016332378032479958,-0.004546371876294108,0,1
0.01668493667476809,-0.004565469036388139,0,1
0.015648088513473497,-0.002392690024526147,0,1
0.017309249965200366,-0.0035359650442804455,0,1
0.01479856673289635,-0.006883371413123075,0,1
0.015748602385439146,-0.005350195741373855,0,1
0.018391650548825113,-0.008332438948735766,0,1
0.015766749561800623,-0.004392242570998361,0,1
0.015130573605547154,-0.005901109494399039,0,1
0.014955670905843894,-0.0063155109891337964,0,1
0.01719683318857323,-0.004952124070950907,0,1
0.017239198931752717,-0.005902274796530796,0,1
0.018415351158584833,-0.004646114121065098,0,1
0.015044959176380712,-0.005313893399385333,0,1
0.015247117949325326,-0.005553980517233345,0,1
0.017946453861950436,-0.004672401077761701,0,1
0.01590541361380374,-0.0055173945322262346,0,1
0.016744318592772894,-0.004632785312356158,0,1
0.016811093501173848,-0.004967936916266204,0,1
0.015582859336358265,-0.005901951319429045,0,1
0.017519480453496675,-0.004468537346213352,0,1
0.016302388919626033,-0.0056979197011319425,0,1
0.01590482909998592,-0.005550670454341855,0,1
0.01601577528281463,-0.005126216482919946,0,1
0.013567702448774763,-0.005764979887377723,0,1
0.016330548944076748,-0.004983683386214802,0,1
0.018310692848411723,-0.00855140311833447,0,1
0.01751728971105019,-0.005104036509350115,0,1
0.014615397973886102,-0.004045517976892322,0,1
0.015995732668880908,-0.007474954043115461,0,1
0.016797486910300294,-0.0053327914321116875,0,1
0.015897604707902375,-0.004544006620441669,0,1
0.016530653418882792,-0.00535271611773989,0,1
0.01708672077900791,-0.0051433440943738145,0,1
0.014904280641981175,-0.004375796959255827,0,1
0.013241567832084132,-0.004185485200767805,0,1
0.016471302233906138,-0.0068254668528937015,0,1
0.015589003279881454,-0.005180837162153751,0,1
0.017182348520798932,-0.005360091998872496,0,1
0.018643624217329756,-0.005605614941330266,0,1
0.01621516929868683,-0.004504387076501464,0,1
0.01612788535728638,-0.006273386451940745,0,1
0.016740440160840232,-0.005718089065114103,0,1
0.01600957346549557,-0.005598161868618085,0,1
0.016559267021891595,-0.005339931179299568,0,1
0.017036810634549076,-0.005594862079363992,0,1
0.01675325904628416,-0.005646905356181417,0,1
0.01648095540104886,-0.005682164175788424,0,1
0.014528790982060537,-0.0030070200111583143,0,1
0.015376612025223762,-0.005625147463561794,0,1
0.016047627718376558,-0.00582478668975191,0,1
0.018076088535974266,-0.005009294971655869,0,1
0.016990755572414157,-0.005592472365228639,0,1
0.01652402085846224,-0.00479171456213627,0,1
0.017222348156838336,-0.005400419030098345,0,1
0.014019474660679028,-0.0055603780501402075,0,1
0.016196491475280943,-0.006143362592043086,0,1
0.015327279976385588,-0.006341146084033817,0,1
0.01749275756209718,-0.00495762635783005,0,1
0.015519745074564282,-0.004843329384868947,0,1
0.0161998223854031,-0.005909460883762921,0,1
0.016965401166660794,-0.006102684900104907,0,1
0.013893800348286647,-0.003525010653713789,0,1
0.017224618934080217,-0.006058393192918398,0,1
0.016079353105669297,-0.006229306176558723,0,1
0.01621425303186915,-0.006912694900569713,0,1
0.017026765005035326,-0.005631097248697448,0,1
0.01615250652266342,-0.005651003198898388,0,1
0.016719128529236682,-0.006030057973363858,0,1
0.017888722637826194,-0.007115134472416608,0,1
0.01616341074323004,-0.004964350111712166,0,1
0.016396071191608307,-0.006104560524709029,0,1
0.0168275252593711,-0.005944873598661027,0,1
0.01992148731348263,-0.0065187531568585136,0,1
0.016926191446707494,-0.006300032866706539,0,1
0.016102083629629213,-0.00599243952197457,0,1
0.01642636957763157,-0.007011631118013348,0,1
0.016238909530542772,-0.006279457864112557,0,1
0.015378182237203112,-0.005302009717418576,0,1
0.018191945997279732,-0.00581914929794219,0,1
0.01794950128444702,-0.006774407538184787,0,1
0.01676613445603016,-0.006544093957258364,0,1
0.01532677841113694,-0.006767041720916877,0,1
0.015329878483632016,-0.005749787324133745,0,1
0.015334098983456486,-0.00783632148179297,0,1
0.01724502334044739,-0.006643613700141993,0,1
0.016723924903505615,-0.006633346777323074,0,1
0.017613777798735106,-0.009294800999486912,0,1
0.01683001533987108,-0.00410999346337231,0,1
0.014556820185334614,-0.0019030520135054896,0,1
0.017867640373907673,-0.001314109014381068,0,1
0.016148500905615256,-0.003129323748202817,0,1
0.01779625048330373,-6.336029885881773E-4,0,1
0.014857175825576757,-0.0032120726833311615,0,1
0.015649157081692733,-0.003171708504188377,0,1
0.016727633010935033,-0.0035372160004780804,0,1
0.017231092744587697,-0.00305503799059284,0,1
0.01661778523280142,-0.0023491498035664487,0,1
0.016063036142418115,-0.002445548888351759,0,1
0.01584640821410113,-0.0020634114309110566,0,1
0.015461878352276017,-0.0025840122292046398,0,1
0.01601855059862119,-0.0038200563564481154,0,1
0.01547982762237902,-0.0025218055444742628,0,1
0.01571779429437501,-0.001962205560724844,0,1
0.017881935133055304,-0.0035695712513482887,0,1
0.017615886873917398,-0.0022188111891151144,0,1
0.01714322417045669,-0.0029406634941845106,0,1
0.016770584190336765,-0.0019950995517570855,0,1
0.015069701117697745,-0.001964116103190371,0,1
0.016980286834911287,-0.004168036903350973,0,1
0.016354123085577557,-0.0037699464075200565,0,1
0.017940161570033784,-0.002331106196457367,0,1
0.014684349655173227,-0.002085843974752536,0,1
0.015120620183518521,-0.0015287365824120387,0,1
0.0147069118932835,-0.0014832613661939665,0,1
0.015931099429787605,-0.001677124344379736,0,1
0.014025998446485527,-0.002081806500735901,0,1
0.015028303507032745,-0.0026260926078783596,0,1
0.017952828228573484,-0.004119439949338057,0,1
0.016843308055807023,-0.007292643177855453,0,1
0.01850578728720337,-0.0034598574416847398,0,1
0.017482340604336743,-0.003434323653066763,0,1
0.01567028844600132,-0.0031773584653047417,0,1
0.016664499696566883,-0.0029525987431663174,0,1
0.016806977293743405,-0.003907806200738306,0,1
0.016181943737350855,-0.0027557975214819288,0,1
0.014922496650213337,-0.001662041290034335,0,1
0.015447754172546013,-0.0015301293454627705,0,1
0.016384788780450566,-0.0011198945040590417,0,1
0.01674995756614133,-0.002318918328709958,0,1
0.016693445104001475,-0.0016163193379308864,0,1
0.016372851960267255,-0.0026759849368255223,0,1
0.015668049095418173,-0.0015363044134192746,0,1
0.015521938923849612,-0.0019324540714586896,0,1
0.017685976066057593,-0.0031526389824144555,0,1
0.017235727659902722,-0.004066373970303158,0,1
0.01660619508214089,-0.0036311187844341067,0,1
0.016478157244271308,-0.002799814625112768,0,1
0.017174638555275165,-0.003782528420903425,0,1
0.01654284297752358,-0.0022418835561796163,0,1
0.01683773481820645,-0.0011933221838027815,0,1
0.01611661182945892,-0.003997391909786513,0,1
0.015546917671716615,-7.705690792523722E-4,0,1
0.01508033695567412,-0.0012607953719116615,0,1
0.014665174277842846,-0.003981966209233514,0,1
0.014430720314005016,-0.0018852572705068738,0,1
0.013693602264650818,-2.1552643099968867E-4,0,1
0.014783073025954933,-0.0012332144292886368,0,1
0.01735652128386095,-0.002811464100005888,0,1
0.017840635212527593,-0.001273318847885296,0,1
0.018228756937878083,-0.002282141735829556,0,1
0.015987572288553048,-0.0021495266553657687,0,1
0.017545682674026144,-5.254561878122991E-4,0,1
0.015999210536070483,-0.0030893822134664727,0,1
0.016101268897125567,-0.0017434335083014135,0,1
0.016615679358304294,-0.0022649841931901595,0,1
0.015435703195045636,-0.002616236404052695,0,1
0.0162308961933171,-7.893767241196466E-4,0,1
0.017144886508979884,-0.004087074801810448,0,1
0.015310446881955646,-0.0023289675935810527,0,1
0.014846312753834245,-0.0019751420494988695,0,1
0.017509098549999165,-5.637514204793814E-4,0,1
0.019617965002498024,-0.002967670476957641,0,1
0.01682277890908051,-0.0028866895877975056,0,1
0.017418483458286352,-0.002988340406762257,0,1
0.017559931422457285,-0.002162957050217049,0,1
0.017243760941612757,-0.0011757268459857333,0,1
0.0162121600069459,-0.0018309438774849146,0,1
0.018826335973728788,-0.0013991826882913093,0,1
0.016021334630333235,-2.4027744887900922E-4,0,1
0.01671383546749384,-0.0011707965249924436,0,1
0.015012045886121709,-0.001946311939494909,0,1
0.014922111055338756,-0.003455014217672845,0,1
0.016109289547184123,-0.0018841530419831003,0,1
0.015637811978820405,-0.00123705918157546,0,1
0.017469333147127737,-0.002766795720874071,0,1
0.017915148175240942,-0.002286972308371308,0,1
0.018487708252739585,-0.002409886905016675,0,1
0.017119572434663513,-0.002223181012243587,0,1
0.01944459642547354,-0.0026519068624201387,0,1
0.01763542906499838,-0.002489404165080499,0,1
0.014223534188921694,-0.0014630525436425076,0,1
0.01615512058021768,-0.0021348909875512916,0,1
0.013497726214692814,-0.0018790929663926427,0,1
0.015897526408627516,-0.0019734556495106153,0,1
0.01647440446949195,-0.0016554582816403927,0,1
0.015657315837675895,-3.9174049685213584E-4,0,1
0.016670183720516953,-2.8467552170080606E-4,0,1
0.017192916429337884,-0.0023782727790682425,0,1
0.017333732271729834,-0.002415942979986577,0,1
0.017933990334634404,-0.003378890037455904,0,1
0.018661760316057624,-0.00279985730914645,0,1
0.015499341851072247,-0.0031517731823637236,0,1
0.015210877812222336,-0.0020917239117919655,0,1
0.016741009831793795,-0.0022520989566909505,0,1
0.016805055326065178,-0.0017473639797702784,0,1
0.016279071226040828,-0.0015347712488999036,0,1
0.015856089893632196,-0.003259073726886063,0,1
0.015800564302684835,-0.0014986872850996597,0,1
0.015261918568006667,-9.192990330145746E-4,0,1
0.017698734034037607,-0.00266645022108259,0,1
0.016796601310058584,-0.0028114990278221095,0,1
0.017584486875303125,-0.0017624776543233192,0,1
0.01727679033373508,-0.0013647128767768893,0,1
0.01696573165923765,-0.0023631821472855146,0,1
0.016780204148382234,-0.0011519519432478622,0,1
0.017614927069799603,-0.0017087043650483964,0,1
0.016671336733032917,-0.0021237807885990632,0,1
0.015777210592250734,-0.001592019541412293,0,1
0.01644220577875564,-0.0015158633261253098,0,1
0.015247482570636597,-0.002516051183709646,0,1
0.015666774256884026,-0.0011460123441270145,0,1
0.017762309625848596,-0.0028669929470842553,0,1
0.018460423138114825,-0.0015385044877930458,0,1
0.018940151220425232,-0.0023715195409763534,0,1
0.016551061951061916,-0.0018560667513430355,0,1
0.017672322469294652,-0.0031138908156266645,0,1
0.01638005765402096,-0.0019034717770720021,0,1
0.017047826730989275,-0.0010074322631996094,0,1
0.015959782799605637,-0.0010859012300631623,0,1
0.01504878787317067,-0.0024243503128870206,0,1
0.016589461935329047,-0.002069801073910689,0,1
0.0152919502539778,6.759972082277705E-4,0,1
0.018395894234704602,-0.0018614062809816844,0,1
0.017915437937851848,-0.001851419990753752,0,1
0.017360725827455046,-0.002093521432956706,0,1
0.01580784940668833,-0.002486604095420489,0,1
0.015522791879732822,-0.002526345678683784,0,1
0.016456377271968095,-0.002404394877990711,0,1
0.01560998077176632,-3.4644704913289567E-4,0,1
0.01571723709477047,-0.00200730313645133,0,1
0.016011309570525052,-0.0011149450539975295,0,1
0.014664415071720604,0.0017095799841415503,0,1
0.015971883863729625,-0.00126791108477717,0,1
0.017657777423453234,-0.00237486630538124,0,1
0.017916186637143658,-0.003226340571560289,0,1
0.015620245527873194,-0.0027959343344548305,0,1
0.016521779686532317,-0.003700008344474546,0,1
0.013879832099975366,-0.0028633079821193783,0,1
0.015068845185515599,-8.88270606632038E-4,0,1
0.016512216067129742,-9.382506787397983E-4,0,1
0.017001410985389986,-0.001976252906954639,0,1
0.017280402887946012,-9.07744388685072E-4,0,1
0.01603009725141167,-8.650026268010144E-4,0,1
0.01703520423720325,-0.0045159239111149975,0,1
0.01757444668700399,-0.001957104144070987,0,1
0.018342295484617386,-0.0018606550287778385,0,1
0.01780478510130275,-0.001769536598763585,0,1
0.018165849464607507,-0.0025678779774261705,0,1
0.017078036857289303,-0.0010816497699585518,0,1
0.013458237246182067,-0.0014035594315745406,0,1
0.018597822955319386,-7.237090305668956E-4,0,1
0.01662077919411694,-9.03851215259711E-4,0,1
0.016102836362708046,8.971463278023864E-5,0,1
0.017628741160046892,-0.0028656692248194716,0,1
0.017354961388274064,-0.0021843514719665333,0,1
0.017429837042915584,-0.0019391347451904208,0,1
0.018405283441159187,-0.002451263149179321,0,1
0.018263789776563927,-9.485701024247114E-4,0,1
0.01818592070722674,-0.003882627543267713,0,1
0.016629682015309843,-0.001448114793092111,0,1
0.016418363135923524,-0.001397956097432642,0,1
0.01665585404175038,-0.0014412844566206212,0,1
0.015157676300693283,-8.062453153155761E-4,0,1
0.01925149404560554,-0.0019744224521870313,0,1
0.017627457937970912,-0.0019141547517987501,0,1
0.0179294468541524,-0.0046959700961252465,0,1
0.017475989978074282,-7.663031864320144E-4,0,1
0.016265056468142053,-0.0020937184877332237,0,1
0.015246843914463315,6.097312060132657E-4,0,1
0.015828995242665143,-1.5058060314083026E-4,0,1
0.016126272682502486,-0.0017546452717674937,0,1
0.015714997220490103,-2.5014705325914665E-4,0,1
0.018070302713645583,-2.9431115299479826E-4,0,1
0.016509675946553736,-0.0010292581745611094,0,1
0.01688955927007015,-0.0022058706652571852,0,1
0.017928399270534145,-4.3283256099245363E-4,0,1
0.01516546311532373,0.0013284198442120889,0,1
0.018707420051924228,-0.004102606133994147,0,1
0.016229434116381447,-0.0013611290209952066,0,1
0.0178611822378723,-7.653838116365234E-4,0,1
0.0189151803345928,-5.408881075899957E-4,0,1
0.018514890462464472,-0.002114665231967298,0,1
0.01571801382438392,-5.358034649282575E-4,0,1
0.01651911583294564,-0.0015993648537704472,0,1
0.01693382697084679,-0.0019426495656988908,0,1
0.015914738647736314,-9.084156136537012E-4,0,1
0.01715097672717758,-0.0012378866518101047,0,1
0.017268583478203734,-0.001373065203891216,0,1
0.017542567722341685,3.653592442666312E-4,0,1
0.017624489564857678,-0.002629220978504017,0,1
0.016669418985953262,-6.698425480008944E-4,0,1
0.019030449539287324,-7.490212121686833E-4,0,1
0.017028726784094946,-0.0014963031163067063,0,1
0.017087034881656988,-0.0012726303981969193,0,1
0.016270268160026826,0.0011420622600772003,0,1
0.01782859515556576,-0.002561984272471804,0,1
0.017841020782496365,-0.0018742564607526152,0,1
0.017379775567903027,-0.0018687422126483623,0,1
0.018281553744599995,-9.207968404506558E-4,0,1
0.016309353891022067,-6.719619525016115E-4,0,1
0.01657717884880104,-6.028269399303971E-4,0,1
0.01703459343386994,-0.0010111635911030955,0,1
0.016293210607577126,5.344966367197106E-4,0,1
0.015891639239064056,-7.763778555904184E-4,0,1
0.016452190426750214,-0.0012290301503197058,0,1
0.016636986605902154,-0.0016803570007171238,0,1
0.016923229310961765,-0.0013205771089293274,0,1
0.01679535825840568,-0.002397108256757119,0,1
0.016817383612217067,-1.427447477889984E-4,0,1
0.016777392071890298,-4.957510513907617E-4,0,1
0.01987000208678292,1.5236359220555684E-4,0,1
0.01605440350312082,-0.0012499881407277197,0,1
0.016520402039188045,-1.9540506692853908E-4,0,1
0.017223289354029284,-9.971160981852257E-4,0,1
0.017994768352575952,1.2558463561896472E-4,0,1
0.01482701996505607,5.36441439663413E-4,0,1
0.018022075162253477,-4.989015864398866E-4,0,1
0.018967819652909813,-5.559350775501453E-4,0,1
0.018300230161155798,-6.058712483528088E-4,0,1
0.01711184977977413,-9.212396734353252E-4,0,1
0.014974673036367172,-1.8784987805315397E-5,0,1
0.01780725664492492,3.5271673602981017E-4,0,1
0.016517134974255616,-0.0022589168235781594,0,1
0.015028848972609652,-9.843283932968667E-4,0,1
0.0170174174325008,-0.002224024296529174,0,1
0.020847717915742255,2.6204603423385186E-4,0,1
0.01648221908179093,-0.001163324337740743,0,1
0.016310939465660767,-5.208574597663579E-4,0,1
0.017457072421190552,4.038471331215834E-4,0,1
0.018224936766564035,3.841378846315475E-4,0,1
0.01722284496610182,-8.266297966469319E-4,0,1
0.015651533866483106,-2.9453353868544183E-4,0,1
0.01796563031321618,-8.691137552114626E-4,0,1
0.01713367245666431,-0.0012321317845273429,0,1
0.017291009325307038,-0.0029994330307349763,0,1
0.017556427018222274,-0.0016364218330606015,0,1
0.017338677525724617,0.0015255370082803508,0,1
0.01782397371038475,-5.463676813898491E-4,0,1
0.016829704440127533,-0.0028695988790465947,0,1
0.01762910453157245,6.879815199582159E-4,0,1
0.0169324763638696,-0.0017271754937655639,0,1
0.017008529586228862,-0.0014985126042186634,0,1
0.01820298010294986,-3.824163902357309E-4,0,1
0.017415847268813407,-4.7877586135907795E-4,0,1
0.018704806756163095,5.468464733416297E-6,0,1
0.01683873937887593,-8.192489504829237E-4,0,1
0.016789659774572824,-0.0032736832956588766,0,1
0.01787082765110292,-9.52212190224119E-4,0,1
0.01884274877977076,7.527164746573018E-4,0,1
0.017498779205161064,-8.300469494869632E-4,0,1
0.01875186706490384,-0.001222661766827662,0,1
0.017552269577916266,-3.0455938507086786E-4,0,1
0.018207140470648427,-0.001821300659667733,0,1
0.01753983058335538,-9.167032295237093E-4,0,1
0.016869841322484678,0.0017726231720943228,0,1
0.016435289175109228,-0.0074058936559914385,0,1
0.016675985868451655,-0.007281813630835935,0,1
0.016630828025004152,-0.008336725983538225,0,1
0.01570663283323081,-0.008086470499864811,0,1
0.015495015904415408,-0.008053238404998834,0,1
0.017412772392551932,-0.008155135904450203,0,1
0.015383437973500336,-0.007664122288257603,0,1
0.01603010861007212,-0.008418178993482036,0,1
0.016712765990202296,-0.008185219565270716,0,1
0.015829457752209137,-0.008850997181814852,0,1
0.01579500662581977,-0.008492490688987575,0,1
0.015714091941387728,-0.007286326916247933,0,1
0.014699212579988359,-0.009186838064829887,0,1
0.015361621857851518,-0.008596043131573548,0,1
0.01477157755308764,-0.009330628320222443,0,1
0.015185684834544171,-0.009516896414727272,0,1
0.015864308315219264,-0.007444610967314153,0,1
0.01612904769156426,-0.005382503924140133,0,1
0.016650987100380484,-0.007548539851925981,0,1
0.0163305318885247,-0.008379134565939951,0,1
0.01606708809080997,-0.008081780630347144,0,1
0.015855091700686323,-0.006320433169249961,0,1
0.016441644425641267,-0.006332669992420124,0,1
0.014921889515492788,-0.011716732888164248,0,1
0.015169094862136391,-0.006912438292657228,0,1
0.014934233525760466,-0.006484064213459129,0,1
0.014829461073146427,-0.008579145278535661,0,1
0.015336625606806053,-0.010252016640251617,0,1
0.01593145731728433,-0.00994510399586,0,1
0.01703524088914862,-0.009937101384215342,0,1
0.015550854687597164,-0.009221454461590499,0,1
0.014719823880455694,-0.009732325661603914,0,1
0.01637819576299558,-0.008494191673167902,0,1
0.014936625408223882,-0.0067276433053881585,0,1
0.016619968289905186,-0.006735162962895018,0,1
0.01589945945635373,-0.0078003176362207195,0,1
0.015798451848637245,-0.007495221843324403,0,1
0.016532332466215532,-0.0072897149072943075,0,1
0.01596535008007269,-0.008136925930140357,0,1
0.019319587710092255,-0.009419078850360932,0,1
0.01536803425414342,-0.007762645819375191,0,1
0.012498752864253147,-0.008519037208631782,0,1
0.015740155326871196,-0.009880354082363164,0,1
0.01554941009027034,-0.009754666926092163,0,1
0.014239899897326878,-0.009746467705982026,0,1
0.015924462058718537,-0.008405133356370427,0,1
0.015157707118101656,-0.009816023107776174,0,1
0.018904501046654486,-0.004445295586525093,0,1
0.016250835445868365,-0.007081083513734471,0,1
0.015929595989369577,-0.008625652898235617,0,1
0.016736550240427986,-0.010904602943644844,0,1
0.01701219439546417,-0.0066138629248841735,0,1
0.015849470830459154,-0.0072492396465547925,0,1
0.016375209809427912,-0.0077518509030067365,0,1
0.015925196167766414,-0.008307751817529211,0,1
0.015272886298078507,-0.009121925759720229,0,1
0.01710563230921965,-0.00934091647056668,0,1
0.01508393403704443,-0.008899522767763443,0,1
0.014608640331895488,-0.009996173250123877,0,1
0.01452798053034289,-0.009080615081540263,0,1
0.014136591478897696,-0.01249777991278865,0,1
0.0174722793242708,-0.005343920747348281,0,1
0.015809801528349623,-0.008496422024222376,0,1
0.015676491129172965,-0.008112153306767666,0,1
0.017540678215884845,-0.006923852396183849,0,1
0.015119648836072211,-0.007098548333136987,0,1
0.014926547788114268,-0.006895524563562922,0,1
0.01587839205565118,-0.00832847116778392,0,1
0.014551954921040751,-0.008789891687484867,0,1
0.015273235168875311,-0.008880783905292233,0,1
0.01528255969171259,-0.008832622737443356,0,1
0.015972010814524623,-0.00842798141610727,0,1
0.01496833253668161,-0.008257347464133332,0,1
0.01455176615394492,-0.00928648574395677,0,1
0.013607027080736026,-0.007849603664481657,0,1
0.01640399639345951,-0.0067750131201329625,0,1
0.01569522811713944,-0.007554754470289788,0,1
0.015426864462502984,-0.006253039482931032,0,1
0.01605062783633792,-0.0074948250747441485,0,1
0.015577753679395928,-0.007836490392298511,0,1
0.01618400901014903,-0.008196885261711362,0,1
0.015572367542325764,-0.008790347513832477,0,1
0.014985916250878667,-0.007862581895052284,0,1
0.0151800388337456,-0.00860709491986632,0,1
0.014132892052633229,-0.007349507500446628,0,1
0.014873469994994473,-0.009022928734442989,0,1
0.014142007172442714,-0.008861662777553412,0,1
0.015388466684084138,-0.008967382793815428,0,1
0.017443124329424364,-0.007451746473129587,0,1
0.014811817572618399,-0.007961233739376745,0,1
0.015865445800615573,-0.006673071870243353,0,1
0.01477011085160159,-0.007266195877777392,0,1
0.015105816421947004,-0.007521652172323653,0,1
0.015107590620348055,-0.007922734046501234,0,1
0.01607721172281072,-0.006300190895577487,0,1
0.015024599164239717,-0.008580042338831955,0,1
0.01549413533799595,-0.008405474205192652,0,1
0.014613920939059055,-0.008028966491275612,0,1
0.0152370162930291,-0.008111285182912228,0,1
0.014577216615534181,-0.009038904689706225,0,1
0.01560749184076443,-0.008388516880594908,0,1
0.01594459917232481,-0.006945256601392612,0,1
0.015244535941225237,-0.006659294104752427,0,1
0.015488471258291206,-0.007134937014423599,0,1
0.015504257488826119,-0.00806450892139118,0,1
0.016373359142407288,-0.008510728221351273,0,1
0.015232528614755513,-0.007970946337880945,0,1
0.016429527506694637,-0.007355573947785754,0,1
0.015375922214714517,-0.008407933014575928,0,1
0.014847638322587108,-0.009034381006337354,0,1
0.014479303486376164,-0.009280115752797002,0,1
0.017347496910233882,-0.00938858665651533,0,1
0.014665742681059395,-0.00994443068429944,0,1
0.017058309542569546,-0.0060088805918765914,0,1
0.014814416290034335,-0.005644856540612501,0,1
0.015425881910287294,-0.0057231720786010305,0,1
0.015830647500322488,-0.007589466095257528,0,1
0.01595111884720449,-0.007711378512866133,0,1
0.015033775717015824,-0.00768334652816184,0,1
0.015340392929914558,-0.008602047757473242,0,1
0.015215492291909652,-0.008114871973130487,0,1
0.014185407549120033,-0.009464763790409942,0,1
0.013499352689664073,-0.011229512146939265,0,1
0.014802793994172303,-0.008643165522844979,0,1
0.013077958847925756,-0.009669448819645378,0,1
0.0146324139054059,-0.00964636839848326,0,1
0.017102031155638107,-0.007333430644387375,0,1
0.015984452365391415,-0.007466295772387557,0,1
0.016485724599015313,-0.005792087380990224,0,1
0.01510725817210893,-0.00851184072374758,0,1
0.016302678004329465,-0.008890458533130356,0,1
0.014946669096612547,-0.009274405707301953,0,1
0.015480531833091173,-0.008479002867190435,0,1
0.014864082425332208,-0.00847935712363224,0,1
0.012554342949502527,-0.012120962254591881,0,1
0.014433799467619869,-0.008534916794402018,0,1
0.014651190272308818,-0.008940029269752724,0,1
0.013765576252647578,-0.005138527521812437,0,1
0.014822081720518153,-0.008249466436687608,0,1
0.015407655495863318,-0.00738935840825684,0,1
0.018029723363000374,-0.007864492146696479,0,1
0.013896309046173519,-0.007458351756180949,0,1
0.014521593892925528,-0.008069733402499953,0,1
0.013611169507243424,-0.007753982659782616,0,1
0.016530905010294385,-0.00988132881680039,0,1
0.014854427922523552,-0.008487802712932604,0,1
0.014606058416170915,-0.008834764675229069,0,1
0.0164397608147726,-0.01055374207463651,0,1
0.016378082104691584,-0.006947116951181432,0,1
0.015052237723458763,-0.006671162974672743,0,1
0.013607505141693501,-0.0066803668379243975,0,1
0.014427858908660112,-0.008212057042682961,0,1
0.015072838263502126,-0.008234363093396709,0,1
0.014941618827839065,-0.00755166092337794,0,1
0.015536346125546495,-0.00869942708694719,0,1
0.014381539442165966,-0.00859810884498402,0,1
0.015873299913605855,-0.0068525803400186465,0,1
0.014602120305903256,-0.008404496365226938,0,1
0.01514047145232164,-0.007655622506779572,0,1
0.014841051872920136,-0.00717868621001873,0,1
0.014767383621911895,-0.008889515178346533,0,1
0.015409692243952928,-0.008143278905487697,0,1
0.014367935264025827,-0.008212491029308544,0,1
0.016410833710373544,-0.007919457549095506,0,1
0.013526918840341032,-0.008535591809506651,0,1
0.013745976226925426,-0.008871652386173101,0,1
0.014879181810428589,-0.008352119112924198,0,1
0.014396395141371221,-0.00889622204363202,0,1
0.012420543112006514,-0.007622883982192326,0,1
0.01503450939606877,-0.008788212935839807,0,1
0.014140190338638928,-0.007618583114815193,0,1
0.01634679285705411,-0.007096482819341285,0,1
0.015514013973166083,-0.005405335642284614,0,1
0.016229711392287887,-0.007981122221545466,0,1
0.01605269572037994,-0.008229280907575954,0,1
0.013523383927840343,-0.007924126252382301,0,1
0.014343497323952481,-0.008468454661321527,0,1
0.014387077433284772,-0.009600984631151843,0,1
0.014924367365672372,-0.007142742552535898,0,1
0.014074025246329672,-0.004773956817143503,0,1
0.015412208505110842,-0.007097961544343051,0,1
0.0140038307092349,-0.008501321534435245,0,1
0.014725432392108221,-0.007852850328311891,0,1
0.01408060137273132,-0.0080325504756572,0,1
0.015134136869425267,-0.011557757931235684,0,1
0.014385104770500796,-0.007498603474356224,0,1
0.014489615516841508,-0.00862261675035726,0,1
0.014290489717334915,-0.008530806008444839,0,1
0.016145990521360048,-0.007223569090460532,0,1
0.014145001219856687,-0.008518964775546482,0,1
0.015118654008332826,-0.006327177825662394,0,1
0.014706737088809438,-0.008544178105497808,0,1
0.014470520970689496,-0.007814235413756379,0,1
0.013735716919819336,-0.007994174238956611,0,1
0.014707150871096057,-0.008932995631056201,0,1
0.014001510158649142,-0.00854229124694358,0,1
0.015450830094839519,-0.006941598321444898,0,1
0.013079138883993681,-0.005230074834009745,0,1
0.014366137487230767,-0.007273421797722266,0,1
0.014428482836783078,-0.007615948626450387,0,1
0.014054837517835008,-0.007860066340046592,0,1
0.014571772107155302,-0.007899822418085579,0,1
0.0136669556347709,-0.01042604380821115,0,1
0.01489767413096175,-0.008833342027078793,0,1
0.013901610885137675,-0.00824888899248868,0,1
0.015024133462590098,-0.006860632467948193,0,1
0.016046340600846594,-0.00842609983502769,0,1
0.014041631498773388,-0.0066140155552402964,0,1
0.014422580459286238,-0.007595708059983034,0,1
0.014739683283710857,-0.00885525029286053,0,1
0.016560236936379594,-0.008605016068873624,0,1
0.01518044781569042,-0.007187985317263069,0,1
0.015088970665497584,-0.0069430808280997475,0,1
0.01584707107815032,-0.0037033546748545735,0,1
0.011866889773137263,-0.0059780204249906595,0,1
0.014054687867768074,-0.006104801488769475,0,1
0.014519949058944704,-0.006929229423690673,0,1
0.01398581843496273,-0.007321510387957338,0,1
0.014399938654487953,-0.007929487746985455,0,1
0.01378590779040257,-0.009806815193951265,0,1
0.015115406209039228,-0.007698742082202478,0,1
0.013722327073897792,-0.007430235157434248,0,1
0.014917982680652461,-0.007857760388907505,0,1
0.012227193440660686,-0.009662919260615056,0,1
0.014946584826009919,-0.008724179265601172,0,1
0.013271318490780523,-0.005248290513680571,0,1
0.014483636936933064,-0.006657605707850531,0,1
0.014586709371121031,-0.006405762212328983,0,1
0.011408392040565308,-0.009445661668077787,0,1
0.014561225821001228,-0.007570762070891066,0,1
0.014749720119418637,-0.008586598377456066,0,1
0.01511558224410718,-0.007844595961050015,0,1
0.014326530522887342,-0.008300425386584964,0,1
0.015377463554464562,-0.004467478628311115,0,1
0.013246230763651928,-0.007371301580692526,0,1
0.013320695028341769,-0.008160272154389128,0,1
0.014562111328584763,-0.006888542428444865,0,1
0.01456580192623248,-0.007268887344554496,0,1
0.014967640169401263,-0.007721267506821912,0,1
0.014289040795647745,-0.007492441647032177,0,1
0.014405168081980453,-0.006864555752998051,0,1
0.014198320659046077,-0.008220535063058991,0,1
0.014048926029567133,-0.007003574521608088,0,1
0.014251402373453976,-0.007889968106284886,0,1
0.013885105547887664,-0.006477833709280445,0,1
0.014053629180095681,-0.007190858652171804,0,1
0.014303973523751182,-0.007089335923982016,0,1
0.014808580101037552,-0.007293082809228177,0,1
0.012409330579528737,-0.008284321597311614,0,1
0.014440122695636338,-0.005429634954601119,0,1
0.012824469120839248,-0.007166164891181784,0,1
0.01381242185139519,-0.007388501834980541,0,1
0.013762398979295196,-0.007965175764014976,0,1
0.013919528938887602,-0.007827304241024203,0,1
0.011995846253908956,-0.007492654105793424,0,1
0.014098900098806188,-0.0064675677374076215,0,1
0.012612530565498626,-0.005013625044427861,0,1
0.01308681674579764,-0.007886404517578985,0,1
0.01592545642108351,-0.009447436777567535,0,1
0.013296227705897145,-0.008027798433353241,0,1
0.01479864052940502,-0.006795516139219622,0,1
0.014895382533011576,-0.0075185406064261235,0,1
0.01547000485445903,-0.007070796097443666,0,1
0.012438251749068166,-0.0075820908876026265,0,1
0.01265525120467496,-0.007236682836849012,0,1
0.013482809033921716,-0.0068869704717918106,0,1
0.013301751186000738,-0.007398600550351065,0,1
0.013145873270578059,-0.006814578635026243,0,1
0.01326656248077826,-0.007279418329320853,0,1
0.011935388164864037,-0.0027822438957771614,0,1
0.012973461881355697,-0.0063278336597704715,0,1
0.01360703929753408,-0.007421709894205375,0,1
0.009331891072554799,-0.014259142976733172,0,1
0.011847265276356263,-0.016561761880203505,0,1
0.00984504231347788,-0.01439717861276808,0,1
0.011464677113427487,-0.013480936933872029,0,1
0.010784890505093065,-0.013176745556818846,0,1
0.009757699860427458,-0.015310410920457946,0,1
0.008643686588786005,-0.01475893772478665,0,1
0.009604405737306336,-0.013194952822560417,0,1
0.00962908637380125,-0.013267245845139039,0,1
0.008917328590582026,-0.013347123168467338,0,1
0.009538628682084792,-0.012883734644590666,0,1
0.009615698762347014,-0.0126985700517196,0,1
0.00915725757205752,-0.012409398677637231,0,1
0.009343015805495555,-0.012834657490310698,0,1
0.007807707047434309,-0.011930578527601078,0,1
0.008972781255619079,-0.011550192625128039,0,1
0.01033419416907219,-0.011027994858386946,0,1
0.01001467449363944,-0.014567172346083507,0,1
0.01082484222771008,-0.01718900695608196,0,1
0.009439967261154926,-0.01396180430673167,0,1
0.010483268255216302,-0.014438570968991066,0,1
0.00909898454447228,-0.014050039424679743,0,1
0.010417007400595552,-0.01450455806680959,0,1
0.008978779237165615,-0.01401775282780122,0,1
0.009409341555939945,-0.013345758621791501,0,1
0.008883104631963085,-0.013953115080777874,0,1
0.008153422142931932,-0.014432324236759003,0,1
0.009134493281168828,-0.01264072551028937,0,1
0.008266043439968314,-0.01111964435426241,0,1
0.01118545246972722,-0.012148419323903677,0,1
0.006186860581427665,-0.010246034646368569,0,1
0.009545463253291916,-0.011883270146638402,0,1
0.008228234674862186,-0.012231457279796987,0,1
0.009446698670530804,-0.011334746620391453,0,1
0.010568548149839362,-0.0142963998551009,0,1
0.011376841842760202,-0.01483014760256849,0,1
0.00857042745554448,-0.013031790783087726,0,1
0.009732946269410158,-0.013783355513463533,0,1
0.00996024777938158,-0.013388114776797211,0,1
0.009339813381684495,-0.013655161558072977,0,1
0.00940864661321501,-0.01402850338571753,0,1
0.008574474287147511,-0.012934427867548264,0,1
0.012603819308339238,-0.012601286003533484,0,1
0.007500855732566204,-0.01163493856253939,0,1
0.011323434840656382,-0.010079429402847472,0,1
0.009822784973264989,-0.012105570113989784,0,1
0.00907943982368569,-0.01347567059021449,0,1
0.00962907763570209,-0.012274336358135738,0,1
0.009599801299431368,-0.011588501786646506,0,1
0.0065416492977419145,-0.014255091533794085,0,1
0.007517648845540645,-0.012990405652710407,0,1
0.009497654237620012,-0.015074654473751963,0,1
0.01072024902847879,-0.014114305239981233,0,1
0.010396123122946787,-0.013904709728881885,0,1
0.009719577600381089,-0.014483927042440229,0,1
0.011717917816660803,-0.015246391149112234,0,1
0.0072378742600009704,-0.014831944121603054,0,1
0.009955491470392541,-0.013965272119543666,0,1
0.009830641439788509,-0.012455658719658888,0,1
0.010607881015468864,-0.013047840721208057,0,1
0.009139878696269029,-0.014037851497327497,0,1
0.009566142813416017,-0.011766618281024425,0,1
0.008456675826492076,-0.00950514523383147,0,1
0.010440171493630765,-0.013024500983707284,0,1
0.009343741583769046,-0.011701101042443578,0,1
0.010827550173874902,-0.014756740741724643,0,1
0.008359102806393156,-0.017508312682792772,0,1
0.01011512036075532,-0.014138309816577179,0,1
0.010450470872980126,-0.014513070325637522,0,1
0.011663488199216539,-0.013619163621741016,0,1
0.009943626922864508,-0.012802716497020163,0,1
0.009599602587673976,-0.01259430107622086,0,1
0.010391213628900584,-0.013017795583636207,0,1
0.010297665223470783,-0.011669203170958556,0,1
0.009506409112910496,-0.012762342074196324,0,1
0.010006627973798716,-0.012018000960282193,0,1
0.010384329550368016,-0.010458741734380302,0,1
0.0088630179155173,-0.012588314944347923,0,1
0.009271981769588683,-0.012054484889806519,0,1
0.009822909705763562,-0.012255549159012499,0,1
0.009654529318823817,-0.01584834461379745,0,1
0.010582516891658426,-0.012790455143270216,0,1
0.01026013739502741,-0.014150051539037835,0,1
0.012458902850522723,-0.013141039313130178,0,1
0.010333804536791256,-0.013471788305811404,0,1
0.01329359930722436,-0.012668940377651615,0,1
0.010928155948203922,-0.01360514002875734,0,1
0.009925561688761294,-0.013168546475270375,0,1
0.009460831791017742,-0.012691610992628015,0,1
0.01016477451740082,-0.012293578833638233,0,1
0.008514311478450273,-0.014080809174001152,0,1
0.009544168673546106,-0.01094304410954581,0,1
0.009320370030733797,-0.011925263768689185,0,1
0.009323539586282403,-0.011512035167703437,0,1
0.011022188521685674,-0.01407299682351858,0,1
0.010487664670429069,-0.01434942319046941,0,1
0.010330840144802851,-0.015376660267398243,0,1
0.009735882799352592,-0.013633943886864942,0,1
0.010356582417076678,-0.012902781023206614,0,1
0.011363979488122573,-0.013167469113416244,0,1
0.010462929849233395,-0.01401861389521341,0,1
0.009505985616374906,-0.01240657984236425,0,1
0.0102958978134246,-0.013158039826323463,0,1
0.010325621887611033,-0.012671713628334386,0,1
0.008996786460662183,-0.01168508348635539,0,1
0.009638942541174334,-0.011403422100481562,0,1
0.008760636051826635,-0.013070615437168195,0,1
0.009529640501397292,-0.013242868457919074,0,1
0.011296918989383386,-0.014370939592724468,0,1
0.010605290539310846,-0.01405532082316196,0,1
0.009358961436994447,-0.01294981421045376,0,1
0.009822265004089215,-0.01247548984430506,0,1
0.010410380049488847,-0.013610299476104343,0,1
0.01027035719689889,-0.013482597168804398,0,1
0.010764584524044293,-0.01396941417029263,0,1
0.009872811566193967,-0.012996954386000204,0,1
0.00951938998480152,-0.012726715835889543,0,1
0.010557079004592922,-0.013015102378759481,0,1
0.009994810576991085,-0.01153634381145099,0,1
0.009070434516290958,-0.012121686854917876,0,1
0.009232079728003944,-0.011722012359681764,0,1
0.013684307451114137,-0.013985519945141541,0,1
0.010971750799125548,-0.013347709466674296,0,1
0.010582585359973862,-0.015137543978781259,0,1
0.010526336311611359,-0.013741096473189383,0,1
0.010880503193448285,-0.014170075024298533,0,1
0.010413244853238643,-0.013940952374441696,0,1
0.010367144446839251,-0.012993814120779924,0,1
0.010070545956292918,-0.012893451392800305,0,1
0.00918367787951972,-0.012273688925263086,0,1
0.009073152320426952,-0.01315358518062862,0,1
0.006741128184483744,-0.012662965882558089,0,1
0.009273661353712114,-0.012087701657230717,0,1
0.009887456189877795,-0.01242710104577841,0,1
0.008898877466652575,-0.013520716207228759,0,1
0.010948017112957875,-0.014202961577951654,0,1
0.010642688756731057,-0.014489655242633001,0,1
0.010052249260437443,-0.014465664250765094,0,1
0.010838443929339135,-0.015637632564716977,0,1
0.010906207610342491,-0.013195591853440365,0,1
0.012250107745490749,-0.013528212966223988,0,1
0.009857727399167912,-0.013585887181670952,0,1
0.009823053180970218,-0.01236402711239174,0,1
0.010012135554650354,-0.013674335053973991,0,1
0.0094725465097089,-0.011886823969280374,0,1
0.009031287333918708,-0.013317115032492511,0,1
0.009200013085213787,-0.013098001702205882,0,1
0.01097052268988537,-0.01461212145110031,0,1
0.010382351094343774,-0.014283079217924616,0,1
0.010257174988892389,-0.013497680117823511,0,1
0.010906531458687547,-0.01397870066824274,0,1
0.010487096535869595,-0.01351011123303622,0,1
0.010481926794543274,-0.013231871946580452,0,1
0.010725259952368865,-0.013305194064730741,0,1
0.010157234997788174,-0.013003011924279832,0,1
0.010792330614000346,-0.012723162340689853,0,1
0.01081192718382593,-0.010103144122487596,0,1
0.012226083088499663,-0.011830115467206751,0,1
0.009137655308165835,-0.011744652858096585,0,1
0.011093405069101902,-0.01398419665359986,0,1
0.008895468378980184,-0.013608035787340734,0,1
0.00959214847846568,-0.012593591846185056,0,1
0.009703922256804448,-0.010984130307934182,0,1
0.010619794007288139,-0.013171062332475557,0,1
0.009003963697429548,-0.011981280232703211,0,1
0.010446675539099396,-0.013070846465309455,0,1
0.011547098444520844,-0.01190671631185719,0,1
0.009713709924721347,-0.012069277432786709,0,1
0.010760137834832484,-0.012232375807682671,0,1
0.00899105134737069,-0.011493365892173377,0,1
0.010469464361934262,-0.015316185951656054,0,1
0.00986924315123707,-0.012878002427292727,0,1
0.010083028321569766,-0.010502014288314078,0,1
0.00957501586339446,-0.009945050445106848,0,1
0.010188373869103387,-0.013729808172790252,0,1
0.009984951496218383,-0.01224980197231901,0,1
0.010088034535124314,-0.012467471734830267,0,1
0.011877710729919855,-0.011674607906102688,0,1
0.01157249923875048,-0.010786261955186102,0,1
0.01039336578411241,-0.01243073036788258,0,1
0.009996507732192557,-0.011567604574378668,0,1
0.00949594686365868,-0.012105166821842785,0,1
0.010908012791408331,-0.015106516111160663,0,1
0.007394673480808624,-0.015394991867270034,0,1
0.01215774956580838,-0.010347920588474183,0,1
0.011000264048734946,-0.013473617577876244,0,1
0.009549591027117348,-0.012685811023827537,0,1
0.010626796657739478,-0.009015498461066246,0,1
0.010711051229678538,-0.012262293933113712,0,1
0.01024148025510855,-0.013163836667303886,0,1
0.011174439559593009,-0.012119278192059069,0,1
0.010019443276597942,-0.014013325711220367,0,1
0.011126528480401016,-0.014040906482655616,0,1
0.010842691593393749,-0.011770103066416798,0,1
0.011883203133071585,-0.014792235578241759,0,1
0.009636842894886753,-0.013367935095285405,0,1
0.014001327000705811,-0.01303234582485278,0,1
0.010412531910813632,-0.012958354733485663,0,1
0.01118802807329382,-0.013240601983777205,0,1
0.009388424410371148,-0.012553669454205382,0,1
0.011464126211372402,-0.01309371977034585,0,1
0.011024183517025768,-0.012276691820054218,0,1
0.010315005514777058,-0.008921665694396702,0,1
0.011309684469643023,-0.017805418667006828,0,1
0.012257756176802444,-0.01290883519864611,0,1
0.010988587797739813,-0.01341008084186174,0,1
0.009679721220410041,-0.013005375020511753,0,1
0.01014051625926569,-0.012731596942045528,0,1
0.010860883929910206,-0.012046699631861136,0,1
0.009895023183315305,-0.012393072444115767,0,1
0.009647851430907826,-0.012683041185437924,0,1
0.010610238125104808,-0.011294955488652992,0,1
0.011793049579241557,-0.01378097277696908,0,1
0.011780323375230429,-0.015259028097428075,0,1
0.011172822544588878,-0.013476014790839546,0,1
0.011146832293091524,-0.013051085792941806,0,1
0.009976303122634488,-0.013369473955089271,0,1
0.01190991031108096,-0.014101063203569783,0,1
0.009146978624076346,-0.01306637090749501,0,1
0.010252120957977146,-0.012212482071645011,0,1
0.011331601399451817,-0.010718949864571586,0,1
0.010683755656273443,-0.013807671222527271,0,1
0.013541409375960867,-0.012834481332875874,0,1
0.011194349983811318,-0.013452430684214863,0,1
0.010737611880729974,-0.013455203869005557,0,1
0.010662795438760373,-0.012750929565512322,0,1
0.011679998751149109,-0.012459492264892433,0,1
0.012277252103734643,-0.012446488031463976,0,1
0.01029013734557705,-0.012955331510611139,0,1
0.011088800399151116,-0.011894634698233734,0,1
0.011249938846742294,-0.013755080409648656,0,1
0.009785350736030669,-0.014225074887399344,0,1
0.010702032143276367,-0.013236971177293477,0,1
0.010428577076044939,-0.013353918378739855,0,1
0.007691600013984977,-0.013149028400242877,0,1
0.010812316462694725,-0.01094393741691236,0,1
0.011149452406194383,-0.01259611355715955,0,1
0.011600107597897766,-0.013074350272036312,0,1
0.012562426930311942,-0.012508750057543984,0,1
0.011290481747917044,-0.01356898172405578,0,1
0.011586445313718354,-0.012129171895987386,0,1
0.012196437280233096,-0.013783717964115684,0,1
0.011472348953674836,-0.012267940445140733,0,1
0.011778016087572566,-0.011882214908598438,0,1
0.00882089246890706,-0.010842417847658865,0,1
0.01105409042140088,-0.012707733684975032,0,1
0.01161921296476668,-0.014284277805131381,0,1
0.014242097763969163,-0.013610929535436852,0,1
0.010854201186624463,-0.01273590572273455,0,1
0.01158802829253054,-0.012117581891488387,0,1
0.011249542430911976,-0.012736117975920327,0,1
0.010970468849751433,-0.013160723864864549,0,1
0.012046792401297687,-0.013501254030187869,0,1
0.010982567306670962,-0.012362945687268163,0,1
0.012519494305367883,-0.013141987760682037,0,1
0.009211919805513656,-0.014572585655644982,0,1
0.011288810338568326,-0.014248039174888422,0,1
0.012418513353256283,-0.011547801786528412,0,1
0.010315236359327679,-0.013583896961698736,0,1
0.011410097443724558,-0.013026823694813885,0,1
0.008491896925596614,-0.014746956021683851,0,1
0.01242528903598634,-0.013747418884109498,0,1
0.012572651556304312,-0.013047580761365694,0,1
0.011533874967257912,-0.013219769879415352,0,1
0.012186385181717291,-0.01278457526769111,0,1
0.010457234247304154,-0.012200843567776369,0,1
0.011049442445962683,-0.010875529932639813,0,1
0.010361034684782425,-0.011869573049562503,0,1
0.011976545652675284,-0.012539033782491774,0,1
0.012021371606068474,-0.01112821318497008,0,1
0.01282532191049434,-0.013120739828894194,0,1
0.008038545179435797,-0.014254191049713007,0,1
0.012053741778343431,-0.013525656217660026,0,1
0.012456794402204192,-0.013339000383545676,0,1
0.012822005950298887,-0.012444511143092321,0,1
0.011704487202770458,-0.0119116250778886,0,1
0.0094578650468452,-0.011428391070845112,0,1
0.011380267130227092,-0.012109380500435547,0,1
0.010940989154607273,-0.015119710708896488,0,1
0.011725377839264034,-0.01325099842025041,0,1
0.011918990173129654,-0.013476707024545894,0,1
0.011723553844724857,-0.013767980304089303,0,1
0.011827726823871572,-0.011449358334962915,0,1
0.01044398923756746,-0.013340017514406114,0,1
0.012004691721119714,-0.013212350583326276,0,1
0.011164551613485247,-0.012476136659771988,0,1
0.012404353631669094,-0.012457923780500074,0,1
0.01270054338328137,-0.01286807644043291,0,1
0.012169419725437352,-0.013832468995595214,0,1
0.01479868519331724,-0.013194584713525278,0,1
0.013222584274144135,-0.013518063932899244,0,1
0.013057486427919415,-0.013114685721111822,0,1
0.01200389488394374,-0.013352035056085374,0,1
0.012225395303573276,-0.011347234610436768,0,1
0.01204472088667568,-0.012513402017535808,0,1
0.015234249253194476,-0.016035988902188904,0,1
0.009267288264521936,-0.01475975828812582,0,1
0.012113021175157189,-0.012522766110186595,0,1
0.011852847660468983,-0.012562723239130056,0,1
0.012525280169079132,-0.013560026386832711,0,1
0.013536932488075424,-0.012390282078044976,0,1
0.012390453914898418,-0.012992649422262512,0,1
0.011328706631182604,-0.012281287657775926,0,1
0.012893451397827976,-0.010013236269283174,0,1
0.012472905128660033,-0.01268107873691535,0,1
0.013470532477383067,-0.013876994118642034,0,1
0.012380198769171001,-0.011550005177168504,0,1
0.012899110904391763,-0.012342232106977631,0,1
0.013614594914713604,-0.012299356716682577,0,1
0.013211328909185312,-0.012620417968686454,0,1
0.015013261920107443,-0.011701467940837802,0,1
0.012280206604309334,-0.011272119293156578,0,1
0.01232605049789575,-0.011629834302650188,0,1
0.012103502171881567,-0.009983899090082262,0,1
0.01189454840797605,-0.012082421718415042,0,1
0.013096176291853832,-0.011312215898497867,0,1
0.00980910183888249,-0.010096915083211398,0,1
0.011384204137248029,-0.010485668497736418,0,1
0.011559027326386126,-0.010214163734503127,0,1
0.008396275625847011,-0.00914347019173014,0,1
0.011896824017052776,-0.010576208969901779,0,1
0.012014679330174144,-0.010369625898309962,0,1
0.010867333769469986,-0.009989047371890693,0,1
0.011236670636855439,-0.009282847273147503,0,1
0.012462192791948275,-0.012141491458028092,0,1
0.01288418626804238,-0.012047971469008198,0,1
0.012798551337600399,-0.012849195647567063,0,1
0.01260684729562849,-0.012395556583624553,0,1
0.012739438771689378,-0.010503522084367329,0,1
0.011972170450025077,-0.011327589801535325,0,1
0.011068486482362897,-0.011181828452548788,0,1
0.012682124033847792,-0.011581290678727043,0,1
0.011184999135828001,-0.009604606326453793,0,1
0.011890422852275252,-0.010720305058720769,0,1
0.012462094710677473,-0.010071507579023023,0,1
0.012091301211078693,-0.009789907429559456,0,1
0.012360022472683772,-0.010069985528360179,0,1
0.011611198255354466,-0.009598472051139667,0,1
0.012393298340636334,-0.009955753708098222,0,1
0.011088100346758363,-0.007861813602521178,0,1
0.012488790142002465,-0.012535774940165842,0,1
0.012733348379688899,-0.013434519794942137,0,1
0.0087764681064201,-0.012132805799538982,0,1
0.012586446340148766,-0.012279089643742084,0,1
0.010282706946415197,-0.011498648582214428,0,1
0.013162469423888063,-0.009425411342851076,0,1
0.011773768883570162,-0.01142004497458556,0,1
0.01286658375020019,-0.011720344268791524,0,1
0.011546961687352506,-0.01092479822129175,0,1
0.011933519566524395,-0.009981822053246674,0,1
0.01246776723552633,-0.010659002994097427,0,1
0.011744999119705175,-0.009199825633567173,0,1
0.0121468173075723,-0.009726305569928827,0,1
0.011456974784690032,-0.008068331073416507,0,1
0.011358772416173876,-0.008001985601818758,0,1
0.01109224147869909,-0.011302359264813634,0,1
0.01308640750560575,-0.010211954501390109,0,1
0.012890264478410718,-0.012558834590999672,0,1
0.013255939233155115,-0.012418539340958299,0,1
0.011830280259101553,-0.012417986026084401,0,1
0.01038788188697287,-0.013225381800728572,0,1
0.012338420928647963,-0.011366812095321845,0,1
0.012378137224372513,-0.011070131260229715,0,1
0.013192807035608767,-0.010059249236885674,0,1
0.01229636006075469,-0.010894473640180407,0,1
0.00943071997482864,-0.011686604110618136,0,1
0.011161381594747248,-0.011648692244032633,0,1
0.011993189121548259,-0.011206953044660723,0,1
0.011633588429124358,-0.009950479147160593,0,1
0.011939096469627382,-0.009896328971264707,0,1
0.01137955432796496,-0.009445961089023066,0,1
0.01397652310781583,-0.011175021782262484,0,1
0.014318026692482565,-0.011619263994072883,0,1
0.012075523922795227,-0.01148255108728644,0,1
0.012517781123330237,-0.011215201701217738,0,1
0.012641330567209922,-0.011645261104228446,0,1
0.012258207782222443,-0.011636321856533342,0,1
0.012376670555185834,-0.011212519382326966,0,1
0.010836494270496422,-0.010372540258622026,0,1
0.012040897629517919,-0.010544342456533481,0,1
0.011649638406772604,-0.009027428221402331,0,1
0.01222123340863911,-0.011521449485162658,0,1
0.011901247100240507,-0.00952497997547981,0,1
0.013764677264259296,-0.009333017143399213,0,1
0.010487363736082202,-0.006527173334145437,0,1
0.012230481868132559,-0.00964102562682114,0,1
0.012945778338864514,-0.012118811286994035,0,1
0.013430504685348893,-0.012898235947981397,0,1
0.012310734782617627,-0.010803149167097133,0,1
0.01194065087937479,-0.012145146773607576,0,1
0.011556381274515425,-0.01016000208388961,0,1
0.012346174503158266,-0.012120583528275794,0,1
0.011916940635912731,-0.013144809203491425,0,1
0.012897632560391439,-0.011216637514088471,0,1
0.012842438852243543,-0.010056293368702429,0,1
0.012042314371158174,-0.00957130073117639,0,1
0.012964582754591827,-0.010654024178231206,0,1
0.010245950478135219,-0.008072065676040303,0,1
0.010767678869317227,-0.010633327786867196,0,1
0.012451998848389155,-0.009520968770032948,0,1
0.013709320023729717,-0.012158164822459515,0,1
0.012039588424887908,-0.011736543288976596,0,1
0.013379659148543638,-0.011859329964502433,0,1
0.012386623973235804,-0.011722996535433591,0,1
0.011629299415221526,-0.01037661685915213,0,1
0.012786966408346263,-0.012284719357381423,0,1
0.012043530160271952,-0.01051066029179813,0,1
0.01362755102077169,-0.010449005667356393,0,1
0.015308080183170517,-0.010437380760088847,0,1
0.012485690462502093,-0.010269049825327689,0,1
0.012382173601389575,-0.010423335421666178,0,1
0.009286912394402831,-0.009867038067502871,0,1
0.012076540582502526,-0.00966858423609537,0,1
0.010590642340957565,-0.009899465664781022,0,1
0.011273261073511119,-0.009846177228434958,0,1
0.013041597676468734,-0.011706434065145183,0,1
0.012415367714015987,-0.010796349685821157,0,1
0.012588815943298418,-0.011204404678392588,0,1
0.010935472102772079,-0.010004884028144957,0,1
0.013061996037870614,-0.010848621814677464,0,1
0.012102488763151368,-0.010972063754983588,0,1
0.011743663553168361,-0.010431639217513255,0,1
0.012265178403340212,-0.010547350090577761,0,1
0.01055833464461406,-0.010262305310299764,0,1
0.011453476787637699,-0.009224625823375236,0,1
0.010685971142654101,-0.010097114343187765,0,1
0.01209828060870699,-0.00877815593478664,0,1
0.012466325560400603,-0.009324878401096817,0,1
0.013470621174141224,-0.012555040510677212,0,1
0.0134967948649821,-0.01171765725622191,0,1
0.012926415304235708,-0.010265079931622728,0,1
0.012604797347158839,-0.011380996295628425,0,1
0.014288379483140068,-0.009421589665195376,0,1
0.012437299242572678,-0.010728196027780456,0,1
0.012686303634328397,-0.010788008424651545,0,1
0.012350142006305074,-0.00946353662623823,0,1
0.014902341263071883,-0.010280397192433944,0,1
0.013042238991868522,-0.010365357502660025,0,1
0.01310520931119,-0.011338075847591571,0,1
0.01343789240432745,-0.00974155849112014,0,1
0.012582088860363957,-0.009559114827458678,0,1
0.00967005247925437,-0.011932187963577503,0,1
0.0136991320840919,-0.00955568736007122,0,1
0.014324236205422336,-0.010887066788602852,0,1
0.013606528811587953,-0.011992704106646341,0,1
0.012390501766595084,-0.012019010789296918,0,1
0.012881381789490052,-0.012008628255665354,0,1
0.012631053065876053,-0.009890683910551744,0,1
0.01165108319683607,-0.01361657370903703,0,1
0.012033970446553308,-0.011061597371405055,0,1
0.011719028613025742,-0.010393007860595747,0,1
0.012777880639459694,-0.007862826411290366,0,1
0.01053664264644269,-0.008804461834765251,0,1
0.014965317787557312,-0.008301056025769436,0,1
0.013926943499984383,-0.011905211341177096,0,1
0.013107308010669965,-0.011509457457043196,0,1
0.013371542389240333,-0.011637397934358657,0,1
0.01354228426299299,-0.0101933231371467,0,1
0.013006889232046298,-0.010764874708019885,0,1
0.012259597583155002,-0.007608919488068654,0,1
0.012646570332219668,-0.01055069281408023,0,1
0.011655758932522292,-0.007393596652030377,0,1
0.009743859035810504,-0.009484300035451898,0,1
0.01222044093207141,-0.010465782122009153,0,1
0.0140636804309206,-0.010922034822929293,0,1
0.011891765204583186,-0.010038769580510467,0,1
0.013728648214899875,-0.011437144399634442,0,1
0.013865649130260194,-0.011361162542149271,0,1
0.012875359505964653,-0.012793030700938197,0,1
0.012697461898612329,-0.010086411510970257,0,1
0.013078622523853339,-0.010718052930545303,0,1
0.01249384124894738,-0.011399592670471803,0,1
0.013242229835736648,-0.010989613094883065,0,1
0.013553715122951735,-0.008767221216931702,0,1
0.013617892352053473,-0.009722518307514307,0,1
0.012667488387963385,-0.010912881126130198,0,1
0.013535301408375824,-0.008476210943646565,0,1
0.013809018363549544,-0.010979130947117601,0,1
0.014155787399015213,-0.0128777108660159,0,1
0.013209623477806314,-0.01187022410522967,0,1
0.012698246716998922,-0.0105329207670807,0,1
0.013250272617837712,-0.010771001661587135,0,1
0.013088573991347373,-0.010756627407156232,0,1
0.01340917295099586,-0.009337311740949393,0,1
0.013449338069595175,-0.008978332506132917,0,1
0.012820811368660711,-0.010002171779634014,0,1
0.011915954436875716,-0.008924207037807762,0,1
0.01218426289946801,-0.011394796130538806,0,1
0.015025400442271013,-0.011175171857746276,0,1
0.012016989422068325,-0.010525146396322009,0,1
0.012953976819870646,-0.01119950854876995,0,1
0.012728978942721781,-0.011349824511375235,0,1
0.012270295767681691,-0.011718769135431368,0,1
0.012567583750067092,-0.011529934167269338,0,1
0.012077788235306626,-0.012661319665408998,0,1
0.012132632283605671,-0.010384914901006138,0,1
0.012501222036464862,-0.010135566665963406,0,1
0.012888142469488377,-0.010977399981647862,0,1
0.011902273576806467,-0.009149694558273356,0,1
0.013569809335603365,-0.011363861856669369,0,1
0.013725591582330832,-0.011336301229879225,0,1
0.013478091028596132,-0.011329449738450119,0,1
0.013412012958907017,-0.010973582336690562,0,1
0.014504642066071372,-0.010011239774089017,0,1
0.013258736140701893,-0.010549843719908424,0,1
0.011273954384502937,-0.010667579246925683,0,1
0.013074419373635196,-0.009840576867987255,0,1
0.011903197669109114,-0.009913333471956585,0,1
0.013555760075631761,-0.010414258608762448,0,1
0.011489984293139148,-0.0126640453372188,0,1
0.013525397930570091,-0.010468353361645118,0,1
0.014361012454232514,-0.010626814794457609,0,1
0.012925177838142775,-0.011659810652081095,0,1
0.010941575652860374,-0.01256817260297282,0,1
0.01511203836474252,-0.009420324183649333,0,1
0.012625845988165744,-0.01019223151218066,0,1
0.013254424057019267,-0.010104018882164396,0,1
0.012756015008544994,-0.009784013075282505,0,1
0.013118037562163327,-0.007949220021703701,0,1
0.01451652264852861,-0.011404726922854278,0,1
0.014072453053434578,-0.011268832615084294,0,1
0.013720690914067066,-0.011087159826163628,0,1
0.013511089679262466,-0.010892442776499447,0,1
0.013043704107363068,-0.009784491210715942,0,1
0.013890081500136393,-0.009858435005977837,0,1
0.013767791060738633,-0.01107039836344184,0,1
0.01278554915152105,-0.009630413698892651,0,1
0.009425102910987393,-0.009585909859996692,0,1
0.01613455647828769,-0.01255989415826486,0,1
0.01416007032915781,-0.01003107785624916,0,1
0.01339744520022991,-0.009763922069813986,0,1
0.014645242217951467,-0.009739444747481929,0,1
0.009800604584506946,-0.008818941982122923,0,1
0.014793821202595656,-0.012113463965440486,0,1
0.012007438181541843,-0.011731392381772765,0,1
0.012759933337252357,-0.010804805258865532,0,1
0.014531614554683913,-0.008509552428898932,0,1
0.013782607930405396,-0.01108677467237092,0,1
0.01347568704842056,-0.010805007617555918,0,1
0.013655487145844136,-0.00965241031404237,0,1
0.013595552784446968,-0.010688208913342753,0,1
0.01301206846431139,-0.006416152567005245,0,1
0.013393328909748847,-0.006968458712137842,0,1
0.013063454991100811,-0.009749083507879909,0,1
0.013327455955821221,-0.010349854401643079,0,1
0.01544964933315036,-0.01427946752081615,0,1
0.01402082592514905,-0.011334873511909482,0,1
0.013956443037990878,-0.010542895833579397,0,1
0.013706350360401307,-0.010985192686946275,0,1
0.01317370596299866,-0.009179094933677391,0,1
0.013884607677555824,-0.010099217235546992,0,1
0.014372414333973843,-0.009306845981954982,0,1
0.015148616947801528,-0.007107508849548442,0,1
0.01595348788405608,-0.010681894777222893,0,1
0.014626592007824726,-0.01069669659466834,0,1
0.0124696230003623,-0.01337511038684174,0,1
0.015281108691187154,-0.009715367072770948,0,1
0.013788259586509696,-0.01033396151980963,0,1
0.014591160926982812,-0.011000998978429145,0,1
0.010952960188012227,-0.01036819086013983,0,1
0.013810054400841243,-0.011904107996994184,0,1
0.014320653612979852,-0.010833655395856078,0,1
0.014012706273224833,-0.009979994050130543,0,1
0.014343798899170491,-0.009449569698496774,0,1
0.013543929752223549,-0.009193996404029093,0,1
0.011888483798781376,-0.008959828666985567,0,1
0.013788839654184423,-0.009851329908757776,0,1
0.015697003216483745,-0.009518752992968246,0,1
0.013386501816428469,-0.010535878556234467,0,1
0.01434901995501777,-0.010863789326889056,0,1
0.013301871447746423,-0.00974959794586341,0,1
0.013384449058330923,-0.011507270073571708,0,1
0.013265873356752824,-0.010090855854165462,0,1
0.011700999139451829,-0.010957153155504615,0,1
0.014512841264215126,-0.00963755359946672,0,1
0.01534767387566381,-0.012035789554901264,0,1
0.012746638807372573,-0.013001160360600597,0,1
0.012783591042664154,-0.013137857905440116,0,1
0.01435865640127467,-0.010497350122029351,0,1
0.01449016120948838,-0.01116731236916856,0,1
0.014615966067433983,-0.010390635407461046,0,1
0.013413170173318254,-0.009979314755556917,0,1
0.014797685228231364,-0.010419094021874247,0,1
0.013833774653017796,-0.00997473856567042,0,1
0.012734683803087026,-0.0105123580262753,0,1
0.014190296161866853,-0.010062198601211717,0,1
0.013735838624254369,-0.010467316803646364,0,1
0.013814375795660265,-0.007424461742325265,0,1
0.013735791497496524,-0.011565000740449279,0,1
0.013437164844602022,-0.009938848597321458,0,1
0.016335902700778546,-0.010105410258353386,0,1
0.014444685340674347,-0.010226130182619522,0,1
0.01370657644897665,-0.010621867967495553,0,1
0.013748976696692096,-0.009264238144179456,0,1
0.010393298317533288,-0.008476986066809257,0,1
0.013506553104782286,-0.010259673266749616,0,1
0.01599354732700495,-0.011168933284969505,0,1
0.013677440164083744,-0.01054216685056776,0,1
0.013508520182159365,-0.00950973234186638,0,1
0.014700757038883749,-0.00893378894703319,0,1
0.014288439889431206,-0.010072393219063705,0,1
0.01312816553187287,-0.013036683727042836,0,1
0.014055169102271546,-0.007390699279875446,0,1
0.014766735805685154,-0.010416916901940326,0,1
0.013973528009937154,-0.009564056036262503,0,1
0.014598969320524341,-0.010019022870919454,0,1
0.015487152231611031,-0.009142756259864774,0,1
0.013985100022837444,-0.009876533975362705,0,1
0.011835482654231178,-0.008612157587643839,0,1
0.014729736968936744,-0.010157837788562697,0,1
0.0145002921020909,-0.010994622369102761,0,1
0.013880336513280389,-0.009549215414846808,0,1
0.01449859501894588,-0.010383683716362729,0,1
-0.017343835653392585,-0.0032536550815228174,0,1
-0.017633719813382038,-0.003314264174130797,0,1
-0.01798460252850093,-0.004037280440806668,0,1
-0.015620649361861126,-0.00322110543112531,0,1
-0.016754125136532416,-0.0041023184039880685,0,1
-0.016562393588558995,-0.003844479263055843,0,1
-0.016878555763430916,-0.003761187527886308,0,1
-0.017251965447971484,-0.003613386044452312,0,1
-0.016595818606305778,-0.003475076038791697,0,1
-0.016265667063332642,-0.004527039393338418,0,1
-0.01590130565313805,-0.0038086792788163157,0,1
-0.015398830346796167,-0.004676775992542676,0,1
-0.015897199208578284,-0.003922939120499317,0,1
-0.01711515774808094,-0.002666677562618701,0,1
-0.013053462976659257,-0.005352703142955038,0,1
-0.015104795293008472,-0.004191804989410312,0,1
-0.017279050841198317,-0.0033280538975036795,0,1
-0.017465330701846676,-0.0047650293880656175,0,1
-0.016502295802042936,-0.007155989305499525,0,1
-0.01571701836697226,-0.0027983488105600227,0,1
-0.016870392796058824,-0.004838511233468937,0,1
-0.016138497570888408,-0.005827417754454588,0,1
-0.014317365609578733,-0.003974828930520322,0,1
-0.016444470498453167,-0.004761204298700477,0,1
-0.01804805117050332,-0.0038651392787889278,0,1
-0.015906265574762456,-0.0015565818709537404,0,1
-0.015606295789267453,-0.00453731454759233,0,1
-0.01580343294811525,-0.003787210753485404,0,1
-0.014556310432621062,-0.0030635050622100806,0,1
-0.013983810318293714,-0.001255532562125,0,1
-0.014578799088606924,-0.004483488204320268,0,1
-0.017560390237551456,-0.003912466954635998,0,1
-0.017458522776521383,-0.003533598194131802,0,1
-0.016209217770086194,-0.004707437491154698,0,1
-0.017133809421347606,-0.0023457821518742717,0,1
-0.016773324652229873,-0.004125209222509259,0,1
-0.016037242170023083,-0.004130314163159952,0,1
-0.016547060453002586,-0.003878036255623727,0,1
-0.015060530734255841,-0.004049872904254342,0,1
-0.014482753381888591,-0.007290162379076856,0,1
-0.015673629362375287,-0.004076863587261573,0,1
-0.01610346835332526,-0.007811828078385913,0,1
-0.014880434450896398,-0.003920076593194412,0,1
-0.013631986610150167,-0.003230657859629749,0,1
-0.013868334013477786,-0.004241162331682595,0,1
-0.015083394315916019,-0.005259620936007611,0,1
-0.018540060425677324,-0.003130632251100944,0,1
-0.014078980559412448,-0.005346700529205351,0,1
-0.016515341703926094,-0.00293578141586884,0,1
-0.017760134757521712,-0.003801425520438763,0,1
-0.014329435937329129,-0.004323771285532625,0,1
-0.016286902367490474,-0.004237583995159807,0,1
-0.015610995287178664,-0.003178757753513517,0,1
-0.01464297569514273,-0.003716453118034478,0,1
-0.01672511724280482,-0.002711694272847722,0,1
-0.015824895814039067,-4.6342386674271067E-4,0,1
-0.015845802230862988,-0.0029003062975309995,0,1
-0.014840967796907785,-0.0031996860378400494,0,1
-0.01592014474151516,-0.005110736095311691,0,1
-0.014470135699820764,-0.003105481284598725,0,1
-0.018061936789974458,-0.0034518715744899786,0,1
-0.017339996999680266,-0.0037132254549483356,0,1
-0.017817234587141836,-0.0038566768041336016,0,1
-0.016870164792859323,-0.003933522838726146,0,1
-0.018533117994928232,-0.0019473534492925127,0,1
-0.016708887044388256,-0.0034812597598193186,0,1
-0.01705572803650078,-0.0036627240906082575,0,1
-0.015961953577223634,-0.002150884568441331,0,1
-0.015466319984606076,-0.004759047464848784,0,1
-0.015061105529047854,-0.00474894827244,0,1
-0.014795412968206533,-0.004180677933904357,0,1
-0.014848993755980188,-0.005221291480773797,0,1
-0.014701950096861385,-0.005516235656305956,0,1
-0.016231902679552806,-0.004839995533972198,0,1
-0.016944426541104566,-0.004286407007149066,0,1
-0.017618721338394462,-0.003335952741644386,0,1
-0.012664450212422124,-0.0048668076084935384,0,1
-0.016225179369039833,-0.003902737528958843,0,1
-0.01734742055533162,-0.003633450664119902,0,1
-0.016186078281977035,-0.004332748934739313,0,1
-0.016293744860031285,-0.004040913242446664,0,1
-0.014457594653238174,-0.002824202084194022,0,1
-0.015554688645494717,-0.0043308015258020265,0,1
-0.017932274455904354,-0.003743894439912782,0,1
-0.013422154774577453,-0.0028759175594467836,0,1
-0.014708403066337491,-0.004616683090770096,0,1
-0.017421569595888704,-0.003095848177600971,0,1
-0.016413613543381576,-0.003951644674255322,0,1
-0.01974609161347969,-0.0052370846129746506,0,1
-0.016636560208361035,-0.005743102240297138,0,1
-0.016064687139486878,-0.006515602539978299,0,1
-0.017997139821623844,-0.0012296752454088711,0,1
-0.014195260291891477,-0.0041087024826165445,0,1
-0.017828664782952093,-0.005029645918949165,0,1
-0.015349522039511627,-0.007057256703756218,0,1
-0.015021213588961501,-0.0039400455152830876,0,1
-0.015768553781864713,-0.004110823353910568,0,1
-0.013307636064936058,-0.0053292006675137405,0,1
-0.013159065217828683,-0.0044720148581648455,0,1
-0.018390227947815446,-0.003613651349971807,0,1
-0.017975342098770518,-0.003873563729160874,0,1
-0.01719315112612747,-0.0036536168358330874,0,1
-0.016550874993059607,-0.004666020525845043,0,1
-0.015863431015986723,-0.00572411500660634,0,1
-0.01604416645842197,-0.004192068870623314,0,1
-0.014854642214520642,-0.004571234882157104,0,1
-0.014496273944882029,-0.006221507996834717,0,1
-0.016369895370339883,-0.0026100192692141253,0,1
-0.01615038701247951,-0.005724538477507647,0,1
-0.0151617439723943,-0.004170539769183594,0,1
-0.014939164840673654,-0.0048615792675836215,0,1
-0.01568162714555696,-0.007453342468103361,0,1
-0.017282927796294995,-0.00429120485004447,0,1
-0.01617055043107313,-0.005214810941216222,0,1
-0.017429703110481132,-0.004166076065042815,0,1
-0.016751865653169145,-0.00408123664121918,0,1
-0.015955919508357317,-0.007146912835406416,0,1
-0.017198935935105027,-0.00545648234865346,0,1
-0.015312893457410588,-0.004856137750584747,0,1
-0.016856044842141222,-0.005497996256177377,0,1
-0.014448162866194663,-0.005836888572683886,0,1
-0.01434940837325503,-0.004734059632844694,0,1
-0.014769565385706573,-0.0048496463390539065,0,1
-0.01760015821966007,-0.0043545910293586515,0,1
-0.016278176370265744,-0.003955877440973914,0,1
-0.016566878715731585,-0.004183026829786023,0,1
-0.016500985864334777,-0.004053026214028204,0,1
-0.01548066851782337,-0.0042257397032001605,0,1
-0.015415289357984871,-0.004572347752787636,0,1
-0.016363300217675434,-0.004993523155747704,0,1
-0.018651146967774822,-0.004495645213180422,0,1
-0.01557526782530796,-0.004733098615271987,0,1
-0.01581794535179945,-0.00390684838754764,0,1
-0.0148104861207199,-0.0043340004044002955,0,1
-0.017670118450423412,-0.004478116386569981,0,1
-0.018135000134054922,-0.003913423066765703,0,1
-0.014924143085627756,-0.005189722781564531,0,1
-0.01781856349570433,-0.006197517671142935,0,1
-0.01671182255949612,-0.004906272361118369,0,1
-0.016523870023359664,-0.005323088335022213,0,1
-0.018394359330952258,-0.006985919735454557,0,1
-0.01784641290568791,-0.003310620877866257,0,1
-0.015577796709172385,-0.004828080848045015,0,1
-0.016034293980190063,-0.004219237530444592,0,1
-0.014483596096712526,-0.0032162651661869143,0,1
-0.01796067352378318,-0.004454342659855796,0,1
-0.01641754492389808,-0.005081054210645474,0,1
-0.016556555357915958,-0.00197753758684618,0,1
-0.016581002008971085,-0.004505352012607707,0,1
-0.014443891494101115,-0.005707311016986564,0,1
-0.01599462105745087,-0.005305650638035077,0,1
-0.015550729144445012,-0.0052000965152755605,0,1
-0.014986376871920242,-0.0028346423260678967,0,1
-0.013427175021120718,-0.005682446693774388,0,1
-0.015986111341467147,-0.0046364052965079975,0,1
-0.01454635603158762,-0.005310777423371189,0,1
-0.018323447313669798,-0.0047184529012854175,0,1
-0.017303537454249982,-0.004115281544132082,0,1
-0.01645655517549454,-0.0051384304515558425,0,1
-0.017215362439860698,-0.005422937549413396,0,1
-0.015540922216818999,-0.005413179167892567,0,1
-0.017311424182900027,-0.005133615585624151,0,1
-0.014687549810209973,-0.004339167142943122,0,1
-0.016552953005354126,-0.0052765433744370845,0,1
-0.013101762177012284,-0.005405846750089299,0,1
-0.015092350218147949,-0.005039153715042721,0,1
-0.0161944485251497,-0.0053749842141531615,0,1
-0.017401574372762733,-0.0047640242580033266,0,1
-0.01627782074144905,-0.004284847902377421,0,1
-0.016793325374286155,-0.00611809081685396,0,1
-0.016541718386251295,-0.005034630135299546,0,1
-0.014851497471239827,-0.004461316152058391,0,1
-0.015916957163799917,-0.005053887751217065,0,1
-0.014733534867141256,-0.005003129028065563,0,1
-0.015608686511224771,-0.005035382264304129,0,1
-0.017111525282818413,-0.004064495144543386,0,1
-0.016425041925502138,-0.004908844281164655,0,1
-0.0165427694543079,-0.004412950715607719,0,1
-0.017278319576738855,-0.0050422467441468,0,1
-0.016231557079489353,-0.005149640720905153,0,1
-0.016640400620902426,-0.0013275478923304403,0,1
-0.01621712976876412,-0.005588151533677849,0,1
-0.016255412632184007,-0.005452078004486883,0,1
-0.01464466339540114,-0.005513699161993547,0,1
-0.016693601427745727,-0.004960621609303471,0,1
-0.017789162994545943,-0.0022854861094708575,0,1
-0.013663963282720924,-0.005237540835124567,0,1
-0.01735511671236994,-0.003589253191791894,0,1
-0.015869251977716783,-0.004693763291029591,0,1
-0.0167100118601356,-0.00652556853192237,0,1
-0.016184456651737556,-0.0058424349681073405,0,1
-0.01573271090639031,-0.005426700498050683,0,1
-0.016472682677318003,-0.006064223383225985,0,1
-0.017435941393032957,-0.004426022873671003,0,1
-0.017461969712114174,-0.005087514068315835,0,1
-0.01675956839712956,-0.004869309700345837,0,1
-0.019408591242767188,-0.0059126225610750234,0,1
-0.015384740582717453,-0.005360130503801017,0,1
-0.015199125490324886,-0.005773120461392609,0,1
-0.01627178034050214,-0.004631815446481246,0,1
-0.01607457032120897,-0.005037368700802782,0,1
-0.01623718062343426,-0.00560136990326389,0,1
-0.017023971141238502,-0.006047765468733301,0,1
-0.016075545144129354,-0.005808109074402644,0,1
-0.01623371661192592,-0.00406393745283885,0,1
-0.0160275700253047,-0.00490573469525493,0,1
-0.015289175948084604,-0.005163079448314534,0,1
-0.015456421212939194,-0.005707075517017997,0,1
-0.017177215058554747,-0.005306053894779396,0,1
-0.016470707597366286,-0.005675754479386834,0,1
-0.01539459814113089,-0.0049591543456549,0,1
-0.015757592673966737,-0.0021482691252226096,0,1
-0.01610483797644496,-0.00563983713734702,0,1
-0.015530007818586147,-0.006703184914852383,0,1
-0.016521725631790267,-0.002296243717633262,0,1
-0.014739155139170661,-0.005696025878421702,0,1
-0.017383330381833914,-0.006000025630384004,0,1
-0.01660194550155199,-0.005866261276376079,0,1
-0.016720916146755124,-0.005531723617855859,0,1
-0.01916524658334081,-0.00816749248252308,0,1
-0.012611033805920442,-0.004444694229150351,0,1
-0.017207265898246504,-0.0036255208008107755,0,1
-0.016711384342414464,-0.005565931112448008,0,1
-0.016832048463231795,-0.00696240334484397,0,1
-0.015920087993676692,-0.005157463066510247,0,1
-0.016075092314534706,-0.006636644521655348,0,1
-0.01691640521176778,-0.005306262461775031,0,1
-0.015623246528226793,-0.006472530032933377,0,1
-0.014683470377552254,-0.004669455533035804,0,1
-0.018606257722436906,-0.006768658131550996,0,1
-0.016950676952523964,-0.0055995143936278515,0,1
-0.01632039734460358,-0.005277584756996172,0,1
-0.016336442412288026,-0.005566979123228951,0,1
-0.015011848968546388,-0.0061105342074929386,0,1
-0.017231365833754276,-0.007177589322736454,0,1
-0.016855912160634902,-0.0066074120818636,0,1
-0.015703869694757334,-0.009032890363395399,0,1
-0.01586669072563554,-0.007627904986709163,0,1
-0.01645283872269369,-0.00561278052455546,0,1
-0.015943829216273703,-0.0058959525035997395,0,1
-0.016224505733785564,-0.0053812255131068295,0,1
-0.016674111569113054,-0.005842753504913361,0,1
-0.016258290152926697,-0.006069949021610266,0,1
-0.01597138217755682,-0.006105178510326672,0,1
-0.017575872170414755,-0.006688473287916814,0,1
-0.017110871991760517,-0.005602627231125742,0,1
-0.018068174874448777,-0.0036145058166257857,0,1
-0.0162056697696568,-0.004931923744490447,0,1
-0.015409222895367282,-0.0056712782820115305,0,1
-0.01677767790228558,-0.007949468944826071,0,1
-0.016582910305925916,-0.006199472268743207,0,1
-0.01658661049977423,-0.006277946072170096,0,1
-0.015682332293328178,-0.007227470937536137,0,1
-0.01688639792635995,-0.0059851754049571595,0,1
-0.015913024709791394,-0.006358648051055772,0,1
-0.017356885332854313,-0.005130824751208889,0,1
-0.016425978575312323,-0.005908516184906381,0,1
-0.016716029064038736,-0.006180122534900632,0,1
-0.016647666378110534,-0.006578654573379121,0,1
-0.017095424948357495,-0.006122881955317482,0,1
-0.016700996895636165,-0.005340076448941291,0,1
-0.016789317870138487,-0.005599880081334091,0,1
-0.01676789581678793,-0.006625390266194742,0,1
-0.01590245752972766,-0.006983298052742523,0,1
-0.016105849046279538,-0.007126685795599986,0,1
-0.014581274048874377,-0.008407965850330712,0,1
-0.017561319505160794,-0.0077253683069775985,0,1
-0.014802763431175665,-0.006573594140291953,0,1
-0.015231485524949072,-0.007684793873784702,0,1
-0.011237262498705644,-0.007919137196596863,0,1
-0.014101155955368278,-0.008093187050478156,0,1
-0.013849473857801064,-0.008672312308458031,0,1
-0.013962978991504544,-0.008350661978563868,0,1
-0.014473438534149202,-0.008314346316880189,0,1
-0.01417628061923111,-0.008617954410307993,0,1
-0.014261310978314918,-0.008589119694482379,0,1
-0.01254772804036077,-0.007321721310037059,0,1
-0.015042529720119754,-0.00923372296876739,0,1
-0.014464821138552589,-0.008382787331516029,0,1
-0.016421578649565685,-0.010376892770613506,0,1
-0.015762594348040473,-0.009786336139513829,0,1
-0.014082904555101784,-0.007458802377677875,0,1
-0.014489563447368741,-0.006865874805902224,0,1
-0.01421230620975198,-0.007948274258736756,0,1
-0.01456888378651987,-0.007801507752041409,0,1
-0.013571248163540247,-0.00709517186777842,0,1
-0.012743378717449544,-0.007933827308113034,0,1
-0.014288611618998193,-0.00792863208251347,0,1
-0.012406987490887802,-0.00807179785695707,0,1
-0.014253400966297255,-0.009538059517145384,0,1
-0.01462940613481145,-0.00865584895164332,0,1
-0.015170983903352414,-0.010066391100256608,0,1
-0.014717045839892853,-0.008959883642002174,0,1
-0.013765641070522453,-0.005368603262180534,0,1
-0.015824390464392584,-0.0070268055525141305,0,1
-0.016681713359290837,-0.00563179970280674,0,1
-0.013502343637978344,-0.007521616740920618,0,1
-0.011141509619795955,-0.006196907883891841,0,1
-0.014534083642742309,-0.008514760821603152,0,1
-0.014920902816688567,-0.008007418719503574,0,1
-0.017513130740374135,-0.006577649803110172,0,1
-0.013877578526685575,-0.009329180100694846,0,1
-0.014371518015544397,-0.008823858529207543,0,1
-0.014535063660727685,-0.008631290133840031,0,1
-0.013261146957673418,-0.006394221800576456,0,1
-0.014192000508135242,-0.009327467586124474,0,1
-0.014828917972688413,-0.0075221863277085315,0,1
-0.01572770968529813,-0.0071480983020768595,0,1
-0.01544233048889752,-0.006794809646068158,0,1
-0.013360930561456512,-0.007904550315606055,0,1
-0.014568656145162265,-0.008464731702190906,0,1
-0.016421188954775987,-0.008996314191479391,0,1
-0.011998219063178777,-0.008541235306207503,0,1
-0.014207376554941482,-0.009368564669757589,0,1
-0.015785217530471945,-0.00988193383746193,0,1
-0.01790847979001366,-0.011152649134214328,0,1
-0.01351912599218465,-0.010981909796270253,0,1
-0.01381325233212192,-0.008150763366531177,0,1
-0.0167221198039448,-0.010112879067557081,0,1
-0.01424996982209609,-0.007392990075105598,0,1
-0.014515358429030874,-0.007825582874204248,0,1
-0.015641414523992803,-0.009557102018348147,0,1
-0.015727207022532445,-0.009197910074519419,0,1
-0.015118989561998255,-0.008569396454893454,0,1
-0.014915690418321421,-0.008810102549237869,0,1
-0.015333619660844667,-0.009063243855102647,0,1
-0.014944962909539929,-0.009220141826263909,0,1
-0.015014756054835753,-0.0071094440102641805,0,1
-0.01562708069560013,-0.010131520193944733,0,1
-0.014046165573266298,-0.007592680342841296,0,1
-0.01469691579739137,-0.0073166115994481,0,1
-0.014380894789124769,-0.007657881074733988,0,1
-0.014530268215593249,-0.005903621587919164,0,1
-0.01477052500076953,-0.008871955833558239,0,1
-0.015249697560033615,-0.007352606535048644,0,1
-0.014878779570906024,-0.008486555503584268,0,1
-0.012274917724942373,-0.006613131834962521,0,1
-0.013750096306913984,-0.009920415661774859,0,1
-0.014868126937332431,-0.009287506805558416,0,1
-0.01409430562022114,-0.006930133175034546,0,1
-0.016212564250026134,-0.006391556631425443,0,1
-0.0153268646891946,-0.0063557571546250975,0,1
-0.014921690894116027,-0.007847029233004633,0,1
-0.015332834675680779,-0.0076585878336758485,0,1
-0.011838157856593593,-0.007959265455913358,0,1
-0.014430114487984305,-0.00910094647718683,0,1
-0.015566135070163476,-0.006617566045865672,0,1
-0.015915606024751696,-0.009730703583797495,0,1
-0.015506691757194739,-0.009551650368387959,0,1
-0.01543838404545943,-0.007900817168815282,0,1
-0.014762078578906365,-0.006746793135436401,0,1
-0.014814557308370238,-0.0072730682221297605,0,1
-0.015304804070335923,-0.0066075638408438185,0,1
-0.015256988426198225,-0.007690291035041592,0,1
-0.013581997073326142,-0.00769731870317996,0,1
-0.014344328934222448,-0.009175270586981565,0,1
-0.015370632179485071,-0.008596856063513259,0,1
-0.015037800229529276,-0.012418459720844119,0,1
-0.01633893161903431,-0.00703012553887003,0,1
-0.015360648646427668,-0.005997347891534921,0,1
-0.014052817821090944,-0.008155536730064708,0,1
-0.015113958893134898,-0.008384363367181987,0,1
-0.014958861078144462,-0.00787622059521041,0,1
-0.013200363829549576,-0.0065006903402506965,0,1
-0.014324659352991629,-0.007947861309860797,0,1
-0.015124002832402086,-0.009691031349552825,0,1
-0.014740244381846263,-0.007439774046742374,0,1
-0.015426426850552387,-0.008182735871095519,0,1
-0.014474094313855122,-0.01022349867536764,0,1
-0.014489215596061264,-0.007217990021093182,0,1
-0.015674799179703255,-0.008435296719832253,0,1
-0.01374009408194237,-0.008019413021619378,0,1
-0.015154921305720314,-0.007746391626415419,0,1
-0.01545604713802054,-0.00754681074961852,0,1
-0.014058096578123512,-0.009010174281737207,0,1
-0.01690818221391182,-0.011472801168941272,0,1
-0.014883147992267655,-0.008014027940728825,0,1
-0.0155272433581427,-0.008812186645699244,0,1
-0.015013632350471595,-0.0073467142564775005,0,1
-0.01560200856663426,-0.00940024898890954,0,1
-0.016560463901118955,-0.01022342030711544,0,1
-0.015033735184357706,-0.0077837743909986695,0,1
-0.01580832647281147,-0.008394029638581072,0,1
-0.01668785190027417,-0.008467493806189708,0,1
-0.015525595685538376,-0.009945514484394492,0,1
-0.015986168518892046,-0.009364988847512025,0,1
-0.014815990115363328,-0.008591462538626315,0,1
-0.014965295940023843,-0.007326336349257742,0,1
-0.01529376058435655,-0.008693591536921185,0,1
-0.015134809395548234,-0.008045477006348813,0,1
-0.015393020296794688,-0.00829420671223706,0,1
-0.015472817378483422,-0.00804768808522881,0,1
-0.014030350980250133,-0.008849882602933989,0,1
-0.015197832118514104,-0.008463567378985123,0,1
-0.016218175183261116,-0.008968369571370935,0,1
-0.016276118026558012,-0.009310345866448478,0,1
-0.015471924378089849,-0.009707987517707321,0,1
-0.01462010828487327,-0.00805802808124207,0,1
-0.015674914535432228,-0.008557728851330569,0,1
-0.016371383964693977,-0.008304290664248683,0,1
-0.01553359631962752,-0.008350615185882584,0,1
-0.014711292972827713,-0.008353771245040683,0,1
-0.01578050708288225,-0.008460364138097816,0,1
-0.014636941886099495,-0.005997430934827789,0,1
-0.015481439856608532,-0.005904774425658428,0,1
-0.015435892831345869,-0.007576375205514669,0,1
-0.013924795385761617,-0.008310874624484585,0,1
-0.017839272798104152,-0.008214740689937541,0,1
-0.016696884446991005,-0.009983366937632876,0,1
-0.015784173672793958,-0.008623577410470843,0,1
-0.014552911006513836,-0.005849027510430239,0,1
-0.01562786404058087,-0.007968527090955545,0,1
-0.015226118354692258,-0.00730508247846888,0,1
-0.015596656715818325,-0.00801751850274624,0,1
-0.015875253062823648,-0.007005483337952253,0,1
-0.015854317990416256,-0.008042072266890328,0,1
-0.016180623396146933,-0.00874217974194279,0,1
-0.015255168751409575,-0.008307075212041005,0,1
-0.015256577854227394,-0.009110772375288848,0,1
-0.011858568638417203,-0.008636394525484417,0,1
-0.016251329714887405,-0.007370833078510178,0,1
-0.014622317658176842,-0.007418678020899844,0,1
-0.015096018221853599,-0.006484709692907423,0,1
-0.016559367815329004,-0.007166690228274626,0,1
-0.01492611356844495,-0.008329218526976307,0,1
-0.016382689451907326,-0.008492879234043361,0,1
-0.015829815481844284,-0.008514238537553877,0,1
-0.015486332283341626,-0.007333911525543533,0,1
-0.014891515982585207,-0.007955104561899285,0,1
-0.01542443366904127,-0.007251730180155165,0,1
-0.0154996460525973,-0.008498293069066023,0,1
-0.015522729192903338,-0.007318487194564136,0,1
-0.01630189727365088,-0.007356944884715281,0,1
-0.016286397774547594,-0.011385848340927977,0,1
-0.015235603355697855,-0.01074216400810151,0,1
-0.01581962502592631,-0.006413709866015474,0,1
-0.015669244440708812,-0.006881269546388336,0,1
-0.01591471207367091,-0.007610539206577242,0,1
-0.015942118010701153,-0.007538534747108939,0,1
-0.016140341101633055,-0.008281157153556961,0,1
-0.014428766143393132,-0.006578005861462466,0,1
-0.017746877129895925,-0.0063330248667382155,0,1
-0.016076573354002595,-0.004680520256138019,0,1
-0.0173476511882292,-0.008592147768852858,0,1
-0.015232878091833968,-0.006679379055997247,0,1
-0.01571792973394756,-0.007385424680904788,0,1
-0.01611721945889741,-0.007320524441590421,0,1
-0.015189767223874356,-0.008733520789523904,0,1
-0.01694892440626633,-0.00734610927070018,0,1
-0.01574394917863468,-0.006395294340754595,0,1
-0.015511265831219992,-0.00707578335913204,0,1
-0.017813412361469484,-0.008491032017863113,0,1
-0.01627541045524306,-0.005731037912466671,0,1
-0.017105826045507606,-0.006282891675948277,0,1
-0.015292772584199825,-0.007243985172858169,0,1
-0.016505955182921136,-0.008401073666906244,0,1
-0.01623051125848057,-0.007271403055284935,0,1
-0.01633411919953759,-0.007153346089842341,0,1
-0.015873711974026896,-0.007503953910035405,0,1
-0.016866257261771614,-0.00699655277203849,0,1
-0.016584815272405993,-0.008443296807498871,0,1
-0.014512817533850284,-0.006514064436268289,0,1
-0.015445013464930943,-0.007994230259861982,0,1
-0.016026619131213376,-0.008223280677003945,0,1
-0.01660659920156171,-0.007747433163384892,0,1
-0.018424558580046883,-0.003481333311330512,0,1
0.0105751829700588,0.011057772416645576,0,1
0.011367336730167554,0.011749396939358022,0,1
0.010427187381474681,0.013236899235673802,0,1
0.009142909719112089,0.009717190637767673,0,1
0.01016357257751132,0.01164215404869839,0,1
0.011652670009675983,0.012593048408011566,0,1
0.012555292390069374,0.013014420678509515,0,1
0.011383382496101511,0.013058892117618933,0,1
0.011269310774540051,0.012894716150333515,0,1
0.01116126368785269,0.011740435160442613,0,1
0.013414602610234853,0.010854509786103004,0,1
0.01093334732035291,0.012777707578795644,0,1
0.01213850091286457,0.01110200742296071,0,1
0.012858642655186617,0.01231970297580942,0,1
0.010154967163343125,0.01193565866480934,0,1
0.010033780752287516,0.00979341275412846,0,1
0.009720239331064142,0.012129574932908671,0,1
0.01085044465288523,0.012010382136971979,0,1
0.014119445208175133,0.012715914069388426,0,1
0.01337368256747338,0.010740618348507846,0,1
0.010931469472496604,0.012372476493848851,0,1
0.01118372788282037,0.01194248700242567,0,1
0.011202596958068413,0.010996055237522572,0,1
0.011757098363488913,0.013118886171618981,0,1
0.010475424156344337,0.014788416437032645,0,1
0.01231966108897215,0.012660577210145662,0,1
0.012348380503570747,0.012518859895808088,0,1
0.009943364989065282,0.011203157210465112,0,1
0.010429691972969692,0.013121864618583933,0,1
0.0102383014335691,0.012113068637772246,0,1
0.010279181874981993,0.013284121067132004,0,1
0.011243889376646957,0.012543596836938445,0,1
0.010979812985130146,0.01111941448531154,0,1
0.00899709702394493,0.014525962437272825,0,1
0.011367788200494762,0.01227855397700602,0,1
0.011298710939171057,0.012019499777164155,0,1
0.011804420143388632,0.008018949195570134,0,1
0.011145120514260282,0.013366733809601948,0,1
0.013051030313357382,0.01363588038458876,0,1
0.010505323245204989,0.009803018296376073,0,1
0.00871144876206944,0.010106644432453266,0,1
0.0104316240179168,0.011475864798305964,0,1
0.010640510583804438,0.01174324815005817,0,1
0.010300808487684797,0.012141072198652188,0,1
0.009663996909122046,0.011139966131909866,0,1
0.010101234771750607,0.011642880398383924,0,1
0.010291973056025689,0.012165533776133036,0,1
0.01160636684594026,0.012592229368933111,0,1
0.012771902153076862,0.013089356799947468,0,1
0.011901464257679326,0.012017665269086307,0,1
0.01115282139257672,0.011130885959988148,0,1
0.013081211990180749,0.012606605853578133,0,1
0.011599711731273154,0.012443162840634873,0,1
0.008253719164433291,0.01326223557384012,0,1
0.00937977897996418,0.012516801423681126,0,1
0.011479955197457372,0.011116386145210636,0,1
0.010708104083869463,0.012582790019590262,0,1
0.010979259688517085,0.011448882989527282,0,1
0.012180504903297753,0.012696348664881908,0,1
0.013699647372439379,0.009284132034309929,0,1
0.013084403244337491,0.012820515246942046,0,1
0.011684916967666312,0.011542674797484598,0,1
0.012746148333110307,0.011939859528645567,0,1
0.012245624536085162,0.012249296005308202,0,1
0.012729542493079823,0.012306435659493046,0,1
0.010450029609758939,0.011173096640453847,0,1
0.010668958540899515,0.011815691506855552,0,1
0.00791658731895229,0.011478044044203177,0,1
0.011698214866454192,0.012024630767276194,0,1
0.010810346409447986,0.011974632647508358,0,1
0.011117147820561087,0.01140927544616306,0,1
0.01079426739285447,0.01092316695296052,0,1
0.01238486324487514,0.01228873024522494,0,1
0.009661977228904668,0.012580090461103862,0,1
0.012485552069516499,0.012952652591889956,0,1
0.012646829973703195,0.012083373011060803,0,1
0.011103307845164015,0.011017464723182734,0,1
0.010076947405469177,0.011688627264761945,0,1
0.01018453240334429,0.012513706355062125,0,1
0.009512181467467191,0.010189483466906001,0,1
0.010484704862030202,0.012499461740608815,0,1
0.009956849479770677,0.013281055415698528,0,1
0.009228589681047533,0.009067013682622208,0,1
0.011828248450036943,0.011759866957824112,0,1
0.009760634544179357,0.01251807668170141,0,1
0.01370323766302633,0.010518569617851194,0,1
0.012859627003050728,0.012162500050616414,0,1
0.010528593253164263,0.010879668460138995,0,1
0.010964800472721782,0.01229803778515152,0,1
0.010925542703014345,0.011696408914926447,0,1
0.011292421334447125,0.011528164409761173,0,1
0.010766747315616505,0.010791376274050867,0,1
0.012950104267455223,0.011039933829866564,0,1
0.011705631378314861,0.0128801459416535,0,1
0.01173386420911651,0.011425866739943698,0,1
0.011609067821912242,0.011726908072014647,0,1
0.01132583780382245,0.013784304460428916,0,1
0.010482670718393173,0.010993588218092966,0,1
0.010649835295554144,0.010784396536961558,0,1
0.010756718703561702,0.010572572557106993,0,1
0.012552915086350099,0.011610070163354375,0,1
0.011314776936453774,0.011870600305332804,0,1
0.010803653276183423,0.011317701730668725,0,1
0.01146092572659856,0.010928820902792591,0,1
0.010333957654178565,0.013974063199621814,0,1
0.008550988840943316,0.010014912879277313,0,1
0.0122283647766646,0.011825858509797773,0,1
0.009826912933833858,0.012184453872970132,0,1
0.01056715673479343,0.010483588188561228,0,1
0.010972349787091412,0.011433716336679991,0,1
0.010280778425381174,0.01102362672104899,0,1
0.011961082208088804,0.01063111760337766,0,1
0.0114305939546731,0.011374963164968183,0,1
0.00979995361093279,0.011599924597159281,0,1
0.011238901563212661,0.012236248227967664,0,1
0.011538567128302228,0.012471368671026325,0,1
0.014396683060448869,0.010950919511255253,0,1
0.01053523314879198,0.010739757258075446,0,1
0.01138239874959459,0.010832211120569677,0,1
0.010696907780611643,0.011238826370738475,0,1
0.009637626951190274,0.01204797005447481,0,1
0.011092738638225904,0.010546108244378044,0,1
0.012418803613614008,0.012183059354888259,0,1
0.011447323225532276,0.012843395087652374,0,1
0.013980832651252375,0.013055267094266045,0,1
0.011673530412658202,0.011701773996109879,0,1
0.0103519846177879,0.011387479957020878,0,1
0.010603402342457421,0.012002269125157177,0,1
0.011421956492667185,0.009887783254846058,0,1
0.011088042604711383,0.010650959459797753,0,1
0.011428579592451143,0.011183224275503943,0,1
0.011541054201943844,0.011150864726500414,0,1
0.010514079662304662,0.011527897728236652,0,1
0.0138644866585312,0.011372611550530464,0,1
0.010613473530036064,0.01092367598069467,0,1
0.010292917639008189,0.011006699552595938,0,1
0.01273384933165026,0.009637549177840755,0,1
0.010646932061873391,0.011527325011637968,0,1
0.010467789203504212,0.007136647786512038,0,1
0.014689894962344612,0.01276746976875597,0,1
0.011535920286231127,0.011570263612448175,0,1
0.01242974200684214,0.011276951258625306,0,1
0.009902756002880082,0.01329721372018301,0,1
0.010948606907515781,0.010351272613970468,0,1
0.010370493114808836,0.011478677751936164,0,1
0.01065166835590225,0.010750979779991959,0,1
0.012133511984430533,0.008873720846156865,0,1
0.012217532043327513,0.011155455712748648,0,1
0.012057825449050274,0.011370427762771614,0,1
0.011648503750157949,0.0125974573496076,0,1
0.009638673828602371,0.010015616004773482,0,1
0.012447552674823555,0.012021189149021857,0,1
0.010359103708059765,0.009242094857263752,0,1
0.010389745825379887,0.011384551069608269,0,1
0.011870990248219996,0.010793433594161654,0,1
0.01207160576780807,0.01033647693227157,0,1
0.010776350812879401,0.00971192671242996,0,1
0.010858341560931462,0.01173991920003913,0,1
0.011066467045936366,0.00814022514274036,0,1
0.009244706597187968,0.012307557668829306,0,1
0.01139588620703704,0.01073649540996464,0,1
0.011231729799582778,0.010815655169075985,0,1
0.011963562470500674,0.01117063274569395,0,1
0.008866231481171372,0.011626316629416772,0,1
0.011292221891986573,0.00986448669562492,0,1
0.010498115643920286,0.010702393815328436,0,1
0.008898830053648268,0.012979012773222514,0,1
0.009981378177233251,0.009944626738760638,0,1
0.011500945009258587,0.010883144966457004,0,1
0.011944077117576179,0.01084228283267183,0,1
0.0110787107121725,0.010083348392855612,0,1
0.012313113471841983,0.00865020143105927,0,1
0.009837461120263504,0.010459662945619022,0,1
0.010944262210573144,0.01023473226521704,0,1
0.011436182101548474,0.009520843883051378,0,1
0.011152724031021572,0.010435095933340554,0,1
0.010751191450443726,0.011215608637649076,0,1
0.012079407268268188,0.010851180315906378,0,1
0.011289548519736747,0.010513860484545647,0,1
0.01236955329636685,0.01209536492311031,0,1
0.011242335460705317,0.01045677302109554,0,1
0.013011044909251443,0.010189957156215809,0,1
0.01125120867944837,0.010155873707728313,0,1
0.011194316507792089,0.01033070273989769,0,1
0.0113296766828559,0.008613453851911586,0,1
0.01205243017589763,0.010622237071300304,0,1
0.009220335994502381,0.008031834883931423,0,1
0.01125155645045241,0.010154708041143578,0,1
0.011529551517176377,0.009381202101254356,0,1
0.011788149124577497,0.010305117312346531,0,1
0.011450071533608292,0.010030177440425161,0,1
0.012731386582752668,0.011370501563301641,0,1
0.012096120792251568,0.009758981131293197,0,1
0.01000222488595082,0.01072967930926157,0,1
0.01139495234157542,0.010155810699467208,0,1
0.010985364159264582,0.009841972317716538,0,1
0.011008259982686107,0.009825236126434513,0,1
0.010990531071173286,0.009574640325183766,0,1
0.01109990769230098,0.009544882046355802,0,1
0.011309805991130916,0.009644784695072578,0,1
0.011355691654473782,0.009307334843071797,0,1
0.011495867015178627,0.009656631991872285,0,1
0.010974187098616322,0.011010701550220879,0,1
0.011463909384697598,0.009570544166763204,0,1
0.011280424334786406,0.009364699123852276,0,1
0.011457764240499069,0.009923572715826931,0,1
0.011537401662888329,0.00980230596186402,0,1
0.012417205827518549,0.00933366248077028,0,1
0.01273661812556058,0.011490132280095069,0,1
0.013100936488523155,0.00687067832244272,0,1
0.011822967584206628,0.00513779200312786,0,1
0.01382885255585484,0.007545465237381245,0,1
0.01334331142017056,0.005783515176500042,0,1
0.013009830920020947,0.008008894701038282,0,1
0.012989893461815675,0.007842791962793146,0,1
0.01268903379070205,0.008348386118671083,0,1
0.013111786067261459,0.007557697654054902,0,1
0.011392903817149217,0.008436146174148817,0,1
0.011474435681663628,0.007779652023568055,0,1
0.012839004424228652,0.007888491931232498,0,1
0.012329045852751228,0.009563318953658213,0,1
0.012256180087773723,0.008797058245764853,0,1
0.013246593605152124,0.009354759424242614,0,1
0.012249765835079569,0.007423989649913228,0,1
0.014658582198802415,0.00915014381705825,0,1
0.01371517197932529,0.00794827193667835,0,1
0.012930281539855665,0.008556425019481381,0,1
0.013264388524163352,0.00913966977265863,0,1
0.016267533428639982,0.007470550442156421,0,1
0.011259325782685469,0.00534440011682849,0,1
0.013800780533993908,0.009152773399616357,0,1
0.012507022492622295,0.0074442323971800305,0,1
0.012543059275519448,0.008043402326627284,0,1
0.012840871993596058,0.008565300702453172,0,1
0.013827941541705179,0.011874988242784348,0,1
0.013961901556048543,0.008822139113664975,0,1
0.009666095459097433,0.010210909275558592,0,1
0.012520157566848092,0.008268263661819666,0,1
0.011102706384808883,0.009817573925904259,0,1
0.012985845850297481,0.007356335702768796,0,1
0.013396770251629653,0.008123131955990341,0,1
0.013836626798135826,0.007334181774182271,0,1
0.01223168312642935,0.007897619310680932,0,1
0.013194638568924631,0.007609162699958128,0,1
0.013211623108669936,0.007518387535537382,0,1
0.014266645623987717,0.008775998677107651,0,1
0.014234537611656014,0.00788756374948329,0,1
0.012225721309044167,0.008151409777362005,0,1
0.012557986501191696,0.008663948234435817,0,1
0.012079206532171854,0.007846680952261941,0,1
0.010711525061469216,0.006429137801485083,0,1
0.009144469276008958,0.007382632489174556,0,1
0.011505697593419446,0.009243101013853273,0,1
0.012138079715927638,0.008378677777204684,0,1
0.013333458577216007,0.009272560686605591,0,1
0.013385393199463878,0.007549631226809097,0,1
0.013657425662853344,0.006867874498672129,0,1
0.012942382129198187,0.008369062471228823,0,1
0.009255615033753713,0.009903197600341735,0,1
0.0138663374200603,0.008647768390626503,0,1
0.010260362193875614,0.007957482112624528,0,1
0.01272073794449822,0.009354225856050412,0,1
0.010489644613566598,0.007900498638024063,0,1
0.012090949898864247,0.01152161360410298,0,1
0.011075425281678642,0.009113777613838121,0,1
0.011739914554958004,0.009763284212070145,0,1
0.011972016075734422,0.006018550792897629,0,1
0.014438585469955236,0.006464512241766828,0,1
0.012222891726965992,0.007934520638045141,0,1
0.012572541527814158,0.006778602556458019,0,1
0.013001284519894699,0.007275041052562181,0,1
0.013023473323031663,0.00717023662660945,0,1
0.014243269371343745,0.00861337677930748,0,1
0.012868503714629921,0.007868899001584157,0,1
0.013067184304972598,0.009059272866786879,0,1
0.012055451351057999,0.007011344663555061,0,1
0.012548947773120569,0.007862215005319513,0,1
0.011485564989386791,0.009346900350291447,0,1
0.012762488167409582,0.009522446464326139,0,1
0.012792526446005729,0.01019008978273573,0,1
0.014980998394308269,0.0065554682697554385,0,1
0.013206000917158692,0.00813348526052211,0,1
0.01296143933148409,0.009026019710539727,0,1
0.0132188140519897,0.008476003254695483,0,1
0.012122958252475837,0.007202639808283006,0,1
0.011751968837617026,0.008463918628161477,0,1
0.012566201049927759,0.008409675890764502,0,1
0.012952711511080423,0.00875268609425294,0,1
0.01276862936828781,0.008775318493607338,0,1
0.013210454369207885,0.009759368177875547,0,1
0.011691851319819563,0.01021344467990441,0,1
0.0120113704184231,0.010202929277661055,0,1
0.013318043344268062,0.009350023926849464,0,1
0.01536193010692209,0.007701215724420186,0,1
0.015114830227055929,0.00864172639283078,0,1
0.014228873872328334,0.007635760592912711,0,1
0.014178071985032003,0.007627184155836113,0,1
0.013472216037012727,0.006834750212160439,0,1
0.012637955582010585,0.00806782937163121,0,1
0.011294049066479793,0.011275120634947613,0,1
0.01288681961764612,0.011196196458949228,0,1
0.01372964333443997,0.009435435227928024,0,1
0.012526544104705722,0.009209642782805868,0,1
0.011186037592437872,0.010972609000788393,0,1
0.012656134949822682,0.009413759891089179,0,1
0.012543009465824241,0.007496250355349959,0,1
0.013964933914021526,0.007970173559568519,0,1
0.013472942950496435,0.00851073831011757,0,1
0.011122362414629418,0.008235585609221144,0,1
0.013903458794301124,0.00837626923262946,0,1
0.012164386054195358,0.008355000475719,0,1
0.012272842050351049,0.009205602241994935,0,1
0.012450307887045249,0.009648263269132401,0,1
0.013011757997694927,0.00841547763582787,0,1
0.012890837279988961,0.009446407289715911,0,1
0.012212904026102056,0.008996044082731676,0,1
0.011414628745284571,0.009971978668909835,0,1
0.015156082346528894,0.007835953314267046,0,1
0.014592832310227602,0.007352949343369382,0,1
0.014997117893573017,0.007761583212079643,0,1
0.013426754766745168,0.006894888994778708,0,1
0.011683760714117431,0.008892565758899223,0,1
0.012890872774423084,0.009210185987929057,0,1
0.01273397570176032,0.008885579502218632,0,1
0.013027288946632198,0.008903664936634694,0,1
0.01227876476178086,0.0096455558374049,0,1
0.013069353917777492,0.00925430898380191,0,1
0.011548192237743091,0.009317205544648982,0,1
0.013221811712737341,0.01057893292027497,0,1
0.012973936747818741,0.007637781032108201,0,1
0.014226073459090311,0.008221441150665742,0,1
0.012140814541798,0.007860731739246589,0,1
0.01355149032648522,0.007903730093425331,0,1
0.01417783380956975,0.008736386521838212,0,1
0.011418999581246715,0.006038633060440204,0,1
0.01345263574804011,0.008002238321605001,0,1
0.013371272048210769,0.00889400725960043,0,1
0.011567972490612685,0.010044159759106082,0,1
0.012272311965916778,0.009491695304765763,0,1
0.01396853627184037,0.008412940048758347,0,1
0.014037069867984418,0.0077530842733334795,0,1
0.013291090035617516,0.00889523006989696,0,1
0.015361960052958094,0.00603901539969257,0,1
0.01251223423335024,0.008414885389850345,0,1
0.014063692409553828,0.007293709632664564,0,1
0.013063978125485825,0.009218822934496941,0,1
0.01365796329009108,0.00908152199385824,0,1
0.013077923500721142,0.010040900349991125,0,1
0.013768186606017523,0.011354908516902093,0,1
0.014020312694158057,0.008184168599710873,0,1
0.01383868539048294,0.008376811743865682,0,1
0.014674997181257884,0.008501644810141795,0,1
0.015411538762991067,0.008180112225966782,0,1
0.012291696361812949,0.009184446410956795,0,1
0.013650200108996402,0.009374192621165567,0,1
0.013619191282151808,0.00917777205573075,0,1
0.015100693105900941,0.006205315405930004,0,1
0.013134699312840175,0.01013038761419074,0,1
0.013539438047113552,0.008525615772809069,0,1
0.014699024681391054,0.009351790395012913,0,1
0.01654382108638612,0.006924676827051918,0,1
0.014316705754202626,0.008644243663018622,0,1
0.013620979754735545,0.00899719805705233,0,1
0.013725453468333891,0.008993334300519022,0,1
0.011880594310901984,0.009998247462895194,0,1
0.013326505241065923,0.009007877609172283,0,1
0.012771060778955191,0.009333384609407368,0,1
0.011890822851093996,0.005990688387409729,0,1
0.011791814023747148,0.011394723860215086,0,1
0.015445040585804277,0.007946189127920252,0,1
0.013859496095328163,0.008704744842850885,0,1
0.013722227468825843,0.008978167222926879,0,1
0.014353528305330975,0.007939307147383121,0,1
0.012013263146306474,0.007199802397292061,0,1
0.01332659555746366,0.009119480456631527,0,1
0.013517368055381422,0.009163857911122782,0,1
0.014408885903966412,0.012517598857148822,0,1
0.014190572271035541,0.009903084191546051,0,1
0.01412341739364136,0.00852354306389518,0,1
0.01254742393997828,0.009475369838869908,0,1
0.013792117024759075,0.008632240089764017,0,1
0.01287781966782501,0.009337534489986836,0,1
0.01307813866607468,0.008878266999911906,0,1
0.013217048746407048,0.009259109547855906,0,1
0.015118182861423295,0.0070813836410514985,0,1
0.013435984638097491,0.010362306789831096,0,1
0.012815034725609587,0.007435074688880348,0,1
0.013918092576871979,0.008254121062096846,0,1
0.012889933265852083,0.010103107103407529,0,1
0.01506187449760199,0.010798305555442238,0,1
0.011462906655625724,0.008639841348300271,0,1
0.013895193176202223,0.01001257537513037,0,1
0.012949968414350529,0.008743942947861268,0,1
0.014534622430018957,0.01007163970835712,0,1
0.014468089775184734,0.007000300979488008,0,1
0.013964349271084581,0.008672125958413796,0,1
0.014091557957670852,0.008561963519300135,0,1
0.013730927078460436,0.009230102723846993,0,1
0.014103046998639759,0.009053396269034893,0,1
0.013666913720297331,0.009613749371821812,0,1
0.013631189364982105,0.00993211153796135,0,1
0.01460524812391189,0.009081332857139177,0,1
0.014761534278976132,0.00863360155024747,0,1
0.013312416594670367,0.008978403693194742,0,1
0.014774107799313266,0.008752326544799426,0,1
0.01294952805609826,0.010623200577958994,0,1
0.01280951444410812,0.011066594394724634,0,1
0.013758865235336443,0.010094930991176344,0,1
0.015809801779758992,0.008190990270394525,0,1
0.014853787736593412,0.009420560594198078,0,1
0.014273263470312554,0.010198103071607453,0,1
0.013821332909017202,0.009315294905856692,0,1
0.01230597760415722,0.010101244082725384,0,1
0.013571926635538661,0.009727653077175248,0,1
0.014413075021034037,0.009178335343972284,0,1
0.013793022838999839,0.0078391239946021,0,1
0.013652299387333772,0.008338499655726014,0,1
0.014163062718515909,0.00929088620149137,0,1
0.012906733944351947,0.009963127113092083,0,1
0.013489559265424956,0.009302219831682534,0,1
0.013382882022595343,0.007783341132981341,0,1
0.014839177999204235,0.00971697326990932,0,1
0.014279104470860208,0.009026641233684364,0,1
0.014915211203135222,0.00902727940113587,0,1
0.014184668600996648,0.009818804028476487,0,1
0.01522812215489638,0.009790010523535383,0,1
0.014857971406849224,0.009606057765885797,0,1
0.014019541879655832,0.00898894655339236,0,1
0.014212864677940818,0.009272223591648157,0,1
0.014910015248732311,0.008681466095440378,0,1
0.01380733995121227,0.009220125085658303,0,1
0.015834766567960738,0.01011890608136013,0,1
0.014864450935875354,0.01010363566458316,0,1
0.014144701424913139,0.010213479907936336,0,1
0.014171618635563361,0.00969081769183423,0,1
0.01483622229923321,0.00905776938502187,0,1
0.014579979358778056,0.009308657965573931,0,1
0.01423210532114761,0.009880338407563369,0,1
0.014401220027663506,0.008478232364747795,0,1
0.014801827882364218,0.01064864639656645,0,1
0.011699399705384375,0.011910614900579411,0,1
0.014946683224650528,0.009043037954408821,0,1
0.01501724387289806,0.010460627384774358,0,1
0.01526509948523682,0.010108062256523309,0,1
0.014477066747730359,0.010175488799883455,0,1
0.013660127163781488,0.010789793167699242,0,1
0.014557470938124133,0.00948120202845641,0,1
0.01359882550848231,0.008453982422708835,0,1
0.013686819161146653,0.010666563316390699,0,1
0.014244257798505721,0.010900013900523736,0,1
0.014795921366652526,0.009484258160244247,0,1
0.01468190174793439,0.009840521357539057,0,1
0.015345666622523407,0.01000291196371429,0,1
0.015251394919947444,0.009651532249277199,0,1
0.01375533970546782,0.006108351239415608,0,1
0.014341829135005863,0.006204311296245317,0,1
0.0138153211612754,0.008807253928780902,0,1
0.013272570697996776,0.006525247959342897,0,1
0.01607121847355243,0.006736939913600869,0,1
0.015616753813657994,0.007192856968696656,0,1
0.015053695707678418,0.006692087878395072,0,1
0.01566901045266783,0.006726970876679213,0,1
0.01735746174391182,0.00719593230784693,0,1
0.015395217045801206,0.0067660127003062185,0,1
0.01704046927058615,0.007029199071190318,0,1
0.017086628992915846,0.007975337237207392,0,1
0.017178623676269707,0.006920866846282277,0,1
0.01577725890415217,0.008257991036808639,0,1
0.013662895548573709,0.007355403478039454,0,1
0.01373542462632841,0.005702559401559052,0,1
0.013931738509652698,0.007133258207277649,0,1
0.01496517455340671,0.006472211797316419,0,1
0.014541302462201247,0.006575627320583189,0,1
0.013889845337983044,0.005272298091027004,0,1
0.015390481898145495,0.007497099329478663,0,1
0.016158438964125704,0.006762327866187648,0,1
0.015405110934996451,0.005929110147836626,0,1
0.015678934175372295,0.006936861739894458,0,1
0.01604203331535431,0.006843942584869063,0,1
0.013498806692073657,0.008086606706738973,0,1
0.017256809295396483,0.006444469193105612,0,1
0.014046529843644486,0.00660553694559496,0,1
0.014639476129474681,0.006070482733289826,0,1
0.013994492207622482,0.00759994180309155,0,1
0.014703339831406405,0.006354262705603362,0,1
0.0159169904460972,0.006326764139606913,0,1
0.01611087573509507,0.005305421991193365,0,1
0.015010891320988273,0.005789972612684198,0,1
0.015931423949956187,0.007021147507569602,0,1
0.015110798481622044,0.006582931831565631,0,1
0.014118086899620528,0.0058103395533922195,0,1
0.014551377847195545,0.007804446821785356,0,1
0.01584482957622704,0.006790276314038492,0,1
0.015510732904492584,0.0076242883924194605,0,1
0.011791153641996302,0.005759024314812805,0,1
0.015566890530263356,0.008257769068974461,0,1
0.01420264958188346,0.006988650734923836,0,1
0.015879952937331906,0.008338462013814739,0,1
0.014428614132702893,0.006991736440781293,0,1
0.013190453449431898,0.007633037885281511,0,1
0.014220720686934488,0.00752068144850747,0,1
0.014703630645644755,0.006361428021780252,0,1
0.017337771256584422,0.005938602584762855,0,1
0.015134286705353604,0.005867106994811637,0,1
0.014441650997005692,0.007629743428220162,0,1
0.015367123843195283,0.005770220540694764,0,1
0.01493924405564341,0.007286564783840508,0,1
0.01410428541809028,0.005690782954420376,0,1
0.0143853793484586,0.004949598365120539,0,1
0.015079940390433418,0.005208595072004205,0,1
0.014024926808083248,0.006115299134557079,0,1
0.014240486247647552,0.0058169159667456815,0,1
0.014909937684670352,0.006413117633762261,0,1
0.016198766331856223,0.009901810851923756,0,1
0.01646910752261913,0.0063720732318244995,0,1
0.015491687159129089,0.003012288917616042,0,1
0.016245719701687835,0.006859134682003032,0,1
0.013115756114830419,0.009910134661168704,0,1
0.014155909818910609,0.006419763365052066,0,1
0.015037911224257995,0.004820363275324556,0,1
0.012672343802247129,0.0045613951949575295,0,1
0.011726076838518777,0.006625808730778548,0,1
0.015140898115325511,0.006576712246981322,0,1
0.013747347232930604,0.006492131164770503,0,1
0.015295672740014941,0.006448640999642561,0,1
0.013674501994891975,0.004979606220081063,0,1
0.01634790924242059,0.008265115097048758,0,1
0.015925035072162242,0.005991450072253791,0,1
0.014209791396816596,0.007292246414120099,0,1
0.014369639452571767,0.006627382082398281,0,1
0.01396896027700098,0.005445138915090034,0,1
0.014450389551092147,0.00671504814384912,0,1
0.013360108867325936,0.006211712913648736,0,1
0.013626968206342913,0.006140135525457379,0,1
0.014194044983668783,0.0067189877776225,0,1
0.01622785743680962,0.0051356596894934214,0,1
0.01677101374870388,0.005565876946029043,0,1
0.0146534444474818,0.007505244626661022,0,1
0.014789920212102436,0.005100715761405792,0,1
0.0137339241897182,0.007138928355559417,0,1
0.012103818769777017,0.004535894479131541,0,1
0.01426978370645606,0.006275979064004534,0,1
0.014195363800453872,0.006321563611102028,0,1
0.014350124705187007,0.004701360590354139,0,1
0.01487343861867701,0.006229749530576252,0,1
0.01523700171980429,0.006332578251429887,0,1
0.01566012880920571,0.0070410110026852876,0,1
0.01523970798509206,0.006487580994571424,0,1
0.015685822627697295,0.006115329478753843,0,1
0.013996654318585676,0.00601691023637928,0,1
0.014192610253694124,0.006641864786796561,0,1
0.01412729820250554,0.006086427086754274,0,1
0.014430029695555749,0.005850842211564314,0,1
0.014595752014933797,0.006195873672398322,0,1
0.014126506406799196,0.005443101200459801,0,1
0.014264078059910087,0.0050620053599002195,0,1
0.013355987941632537,0.005282122030578333,0,1
0.01611940476723291,0.00878743195093317,0,1
0.015194144370012581,0.006174879877069138,0,1
0.013413397065923129,0.006235872015312448,0,1
0.014446894250256788,0.00604147532815499,0,1
0.014046226054860169,0.005816748070311435,0,1
0.014421660951507046,0.005776082154306827,0,1
0.014253263040444596,0.006855147814634535,0,1
0.01517956526472251,0.007140213007371475,0,1
0.014029254185630544,0.005879819490662433,0,1
0.015184656027453503,0.006251434422996889,0,1
0.014325286192342994,0.006364009253762271,0,1
0.014156693778734861,0.005392342428231627,0,1
0.013098561983185479,0.005259863094359141,0,1
0.014033704104325263,0.006146514883937466,0,1
0.014581458858240384,0.005036786249846276,0,1
0.017228366414114273,0.005795057285693419,0,1
0.01361942396632282,0.00710342052939457,0,1
0.015209219227578836,0.005398017374548847,0,1
0.015333269480454756,0.0059242549173140775,0,1
0.015873594564736422,0.006730910181418751,0,1
0.013612012481476147,0.006412992303064415,0,1
0.01464004307054546,0.00611736625714525,0,1
0.013726611206212314,0.006851439274433654,0,1
0.014515494788232792,0.006071589667970315,0,1
0.014700963677615943,0.005896752025621711,0,1
0.014193991183509056,0.006208032616249717,0,1
0.01497961898580692,0.0060993430888310225,0,1
0.01725167486778478,0.002514962184070685,0,1
0.015726317176265735,0.0057286867508051596,0,1
0.01401625071753394,0.0058699254562215785,0,1
0.01371722896807278,0.0038065902618122996,0,1
0.013321876984105162,0.006314769979868434,0,1
0.015267149744800741,0.0034430508445150517,0,1
0.017078039773994438,0.003378307988213468,0,1
0.015834459887461835,0.0060689592171770555,0,1
0.01587475585439539,0.005967287437403245,0,1
0.013795417842926353,0.006363560924403682,0,1
0.0164000099082151,0.006561397813932672,0,1
0.014181353249606315,0.005839443806275931,0,1
0.01221168499354504,0.007789812062499365,0,1
0.013932041793887474,0.00495564670981053,0,1
0.014420797951722667,0.007024868793842153,0,1
0.013748067221821383,0.007022478136433241,0,1
0.015577826368613766,0.004602706578314584,0,1
0.013807553466073647,0.008787698838300698,0,1
0.014440384044466601,0.00551155829707896,0,1
0.01430722469160224,0.007552826078451229,0,1
0.014719194361434365,0.009145929290634876,0,1
0.014995450014896664,0.004031390277733319,0,1
0.014538572811939902,0.00589916745930065,0,1
0.013880048686932253,0.006092655037198762,0,1
0.013842357006569531,0.00519103700413914,0,1
0.01268025231091468,0.005571985815891525,0,1
0.014490740470278153,0.007002770911193146,0,1
0.014554808242515278,0.005463715372917529,0,1
0.013589717965965472,0.005114821877620449,0,1
0.012672797371895958,0.004386237599330296,0,1
0.01385758237723193,0.00535622744100002,0,1
0.013222850587879274,0.006333639930945973,0,1
0.012190588299346133,0.004681679966938641,0,1
0.01490907992331541,0.004310890805001076,0,1
0.014196695672335115,0.005686836457371304,0,1
0.014683737951518108,0.005655183264910251,0,1
0.01546237582033167,0.0038229781494138974,0,1
0.015442072045298558,0.00460870911440551,0,1
0.014453991722263157,0.005327020257082756,0,1
0.013738776856519794,0.0030362335022151078,0,1
0.017008631493245722,0.00404879416154554,0,1
0.01793838478254941,0.00698502260378878,0,1
0.011675366569671016,0.006778755224248375,0,1
0.01298081752460824,0.005868685768518999,0,1
0.014093048556928636,0.005083236092027348,0,1
0.015384646588030093,0.0061105021038389985,0,1
0.01548576973977634,0.008249180841972396,0,1
0.014908898858638,0.005551740212913025,0,1
0.014152028812409472,0.00522096814928231,0,1
0.014341394697683533,0.005164437860926564,0,1
0.01573237802545741,0.0036410062849146366,0,1
0.014654928946294587,0.005058926454080018,0,1
0.014327124439570077,0.005599871022844907,0,1
0.015221754688107788,0.007151422859297786,0,1
0.014524397993879104,0.004633148287170116,0,1
0.01476194194667496,0.004597341676778037,0,1
0.014178871643433129,0.005012760675314346,0,1
0.014421575772273243,0.004522909509656127,0,1
0.014722658844702908,0.005247463874363624,0,1
0.014401648597510261,0.004348046551738457,0,1
0.014871005096025385,0.004329882685817001,0,1
0.012126670136976471,0.0025726142093696527,0,1
0.014812480464176127,0.004391337219062873,0,1
0.014766733161357442,0.0033782676736142047,0,1
0.012422601441499096,0.004199359601365928,0,1
0.013398317336512732,0.0038670300045413313,0,1
0.013481777606341517,0.001580267704171974,0,1
0.013566199141956139,0.00430144520886948,0,1
0.014043547180524618,0.005048266299772007,0,1
0.014894000308992796,0.005038822794114859,0,1
0.016527794481970934,0.004692573765750574,0,1
0.014422458114413566,0.0049286768015110215,0,1
0.013521346761863232,0.005670364151024787,0,1
0.014167269855485623,0.005020484617676044,0,1
0.01580218266270674,0.005126521108487763,0,1
0.016451490135502237,6.567125085723045E-4,0,1
0.01582941441005105,0.002040370263571676,0,1
0.015726075882156874,0.0021984518374830652,0,1
0.014884997938013799,4.116358656140244E-5,0,1
0.014310948752477617,0.0021270194441209886,0,1
0.013716311861070474,0.002678440760730223,0,1
0.015345184555344041,0.0021882663539621095,0,1
0.014643607848446772,0.0027517479865645646,0,1
0.015196594343904777,0.002696784572629231,0,1
0.014924104428823434,0.0029312020449922135,0,1
0.014592480718958053,0.0031688086115767167,0,1
0.015024696886344642,0.002810130791958945,0,1
0.017809216704347774,0.0033515720255018725,0,1
0.01445220362161427,0.0037448032866874833,0,1
0.014081440557231683,0.002552485849720103,0,1
0.014243104020189338,0.00529548522361479,0,1
0.014926060508985404,0.0014736333577890616,0,1
0.015500521808348953,0.0013129353445340624,0,1
0.016023145114802757,8.065594853319493E-4,0,1
0.014300424300875992,0.0022349280397164386,0,1
0.01589058763865703,0.002106552391211563,0,1
0.01504551066390631,0.0034523552486551714,0,1
0.01215951474597527,6.683508535989609E-4,0,1
0.01490125429450787,0.0024547812474732247,0,1
0.014443933037180825,0.0029986180859157526,0,1
0.014787980844360733,0.0026384463290295046,0,1
0.015403681476757452,0.0031407639925244255,0,1
0.015714909385837278,0.0030115135840896646,0,1
0.013864161708362384,0.0033910979728988037,0,1
0.015861039599346642,0.004022451965474903,0,1
0.01414910631604509,0.0036127179104430826,0,1
0.0164332034802183,0.0021061986896096234,0,1
0.01386297383482869,0.0018085669833253837,0,1
0.015249124059014744,0.0015927626013657727,0,1
0.017914927753430364,0.0037281054755705294,0,1
0.014444903171582299,0.002680815673908018,0,1
0.013596575536642012,0.0059339433570914125,0,1
0.01561117913826017,0.002813388344629428,0,1
0.01744397974747103,0.002934838531546139,0,1
0.014590907163232747,0.0031333172071215214,0,1
0.015064332423184064,0.004224712807896278,0,1
0.013773352120489555,0.0026270637268299853,0,1
0.014230442157982703,0.0030715468583228382,0,1
0.014536459966001666,0.003735748695462623,0,1
0.014384375433941764,0.004222900859707965,0,1
0.017224952347382944,0.002494532874745527,0,1
0.015591112318103954,0.0018576326690817188,0,1
0.015417782217727152,0.0019233042864537427,0,1
0.015251369079359279,0.0023975150410209365,0,1
0.016209465394565963,9.007761533772718E-4,0,1
0.014993202872513491,0.0026342430844253973,0,1
0.016356197509784707,0.005270621254388972,0,1
0.014599141987932437,0.0041220184701157596,0,1
0.015829215223985723,0.0029014766300735945,0,1
0.015016093775889453,0.003925555791982226,0,1
0.015092309369866455,0.003255894792707712,0,1
0.016974466009913168,9.941832714567543E-4,0,1
0.015274008973718455,0.006589301950190887,0,1
0.013906604286264706,0.004209911558818302,0,1
0.016057610671944098,0.0014669774543065756,0,1
0.015904419531434632,0.0019558972998793976,0,1
0.016657449556033634,0.0031678949831969562,0,1
0.017093156597740508,0.006038634198815787,0,1
0.013703179499803783,0.002991564839108727,0,1
0.017923527692194522,0.004871850881420242,0,1
0.016622980548316003,0.002358335516490922,0,1
0.015053276044550073,0.0027991030517504484,0,1
0.01531857208381946,0.0032855342651248254,0,1
0.015119128325039836,0.0033472461556587336,0,1
0.013679807850013739,0.00351222867005528,0,1
0.015037817746826613,0.003167869156347048,0,1
0.014103401138504066,0.0038699031591894577,0,1
0.014353166870332782,0.0010389420140092813,0,1
0.015534099043266318,0.0018180599726140027,0,1
0.015526964598404665,0.003083812876099668,0,1
0.014902413741210506,4.992029005533911E-4,0,1
0.015094974257681974,0.0032579846021347707,0,1
0.014723384227261748,0.0033672046558931848,0,1
0.015356286712925653,0.0030133781236525506,0,1
0.015408018941355755,0.0021296432148643837,0,1
0.014846455649536593,0.003976689636892767,0,1
0.01518874604500564,0.004368421536954759,0,1
0.012742941572640809,0.004618050516076812,0,1
0.014271323746996124,0.00329811335325736,0,1
0.014908563120047506,0.0035476256511659393,0,1
0.015632625770201122,0.001327525437749706,0,1
0.01459028433042518,0.0024824102680052213,0,1
0.01451399780327022,0.00102840972124638,0,1
0.015685182182220384,0.0027512216047974832,0,1
0.016318239887202473,0.003062826861564358,0,1
0.017550835026245513,0.003971807688711693,0,1
0.016717941621832655,0.0024548480643336364,0,1
0.012121218199495036,0.0024146044926913177,0,1
0.015109252503212258,0.003196849317761508,0,1
0.01509209389166236,0.004645852665326829,0,1
0.013906721027066684,0.00354457382626483,0,1
0.014895566039677791,0.005979964166971076,0,1
0.014852492428674409,0.00404183819922231,0,1
0.015206720259235123,0.0016750171556503823,0,1
0.015526551680055015,0.0027690677531472018,0,1
0.015090545779165219,0.002086657968878027,0,1
0.01480085306834687,0.0020395437690267533,0,1
0.01587976087082393,0.002878666332029966,0,1
0.01866526440963819,0.005518963682190869,0,1
0.013936953012024033,0.0012962534909241978,0,1
0.01591248621125242,0.0025951889891325927,0,1
0.014934260933430235,0.003340319062691473,0,1
0.015307670734012032,0.004228632378388409,0,1
0.014978709947871262,0.004126805425833528,0,1
0.01734696789004768,0.001654699402726339,0,1
0.01518092895512083,0.0024720217490343146,0,1
0.01627872481936751,0.0017911825975632746,0,1
0.01958219516868161,0.0034985349291199795,0,1
0.014783899055964403,0.0033492550601294494,0,1
0.01639149622928272,0.002271347452409749,0,1
0.014494307031418288,0.002703841150579242,0,1
0.016246784726281077,0.006309355467321278,0,1
0.01556778736858169,0.0025299634490197806,0,1
0.014923381190078308,0.0029741144530129773,0,1
0.01638547404716958,0.0043082719234421125,0,1
0.013773082811701459,0.004965766478784995,0,1
0.016208591822652833,0.0025269030578026304,0,1
0.015953589285337043,0.0019475423459598803,0,1
0.018146476976876144,0.004704834823105254,0,1
0.016863386612583405,0.002171922593271861,0,1
0.015433654494311586,0.0026456943820668505,0,1
0.015157499076279841,0.0022573589235366817,0,1
0.015361038487085955,0.003111656192853475,0,1
0.016802624354912706,0.005979653725665955,0,1
0.015037799315910576,0.0030275338399649507,0,1
0.014783593465245529,0.0036428174876299356,0,1
0.016275834686261342,0.005000704607128451,0,1
0.016144937748138657,0.0036676902859028907,0,1
0.017772096300486092,0.0019316993428859291,0,1
0.013485666148451859,0.004670155782226418,0,1
0.016056210111317328,-8.27948641198112E-6,0,1
0.013832086664880668,0.0026384454956364504,0,1
0.015988582721989164,0.0021071153933251404,0,1
0.015505195403885001,0.0036862047527816922,0,1
0.01570835702884561,0.0034602035911812214,0,1
0.01582737495816614,0.0036354870444582034,0,1
0.01568755380001059,0.0033038488025591843,0,1
0.01463445467340986,0.003955437586673391,0,1
0.016703668450487756,0.0019456338713726286,0,1
0.018356049660088577,0.004774228111954684,0,1
0.017887294322577234,0.0019511359134025674,0,1
0.01648055905301454,0.0031281064597342857,0,1
0.015112833149595079,0.0031051390039393756,0,1
0.01546681508285296,0.002744042654065633,0,1
0.016045303569159217,0.004444490671343402,0,1
0.014905768112174443,0.003130194925265742,0,1
0.014503891444859104,0.006567088299872995,0,1
0.01573894409223162,0.003520836106109904,0,1
0.015344214631033488,0.002355940679464826,0,1
0.017093722568999065,0.0011406893262093482,0,1
0.015661808077496352,0.0012033788380460386,0,1
0.015542297345462629,0.0018849838079663115,0,1
0.015341156281058047,0.002624040185203718,0,1
0.015742664139534943,8.133229643463517E-4,0,1
0.013756726748137594,0.0042232655868052645,0,1
0.0159451936178655,0.005211902028551556,0,1
0.015672585430995367,0.0038445735757093704,0,1
0.018809676173934437,0.0026930265616639127,0,1
0.016846906960818062,0.0021296394497133204,0,1
0.01639858154333737,0.003172487916084405,0,1
0.015744818994231035,0.0033746250800746436,0,1
0.01613386041031287,0.0025111225001908004,0,1
0.016763424250328243,0.0020359799426002325,0,1
0.015694003545295387,0.0033049459757190716,0,1
0.017027630281272573,0.0036258616801540773,0,1
0.015526594414657481,0.003973833064939123,0,1
0.01616259835345713,0.0035830029498200846,0,1
0.016143779240698954,0.002573190028557897,0,1
0.01565882616498837,0.002575394837024248,0,1
0.016704258237202462,0.003458940906561881,0,1
0.015805205334201367,0.004228857684646702,0,1
0.015190414185852206,0.0023113680049619075,0,1
0.01599706147706855,0.0036035189165984785,0,1
0.01598726146818059,0.0049958807853916565,0,1
0.016082224146711597,0.002364988611669064,0,1
0.015249000843977826,0.0018805292218532649,0,1
0.015461367897330262,0.003369933725015266,0,1
0.01637276737662571,0.003957531722828766,0,1
0.015721446285845285,0.001900560287509323,0,1
0.01329204899346796,0.004820210544109737,0,1
0.015946536414647324,0.003611991494781798,0,1
0.016645809607378763,0.003028309482507764,0,1
0.016323773053631654,0.002609967947020806,0,1
0.017680897494839126,0.002697695381737457,0,1
0.015101194222016443,0.0027322049323249362,0,1
0.016493445083157282,0.0010609284637728455,0,1
0.015121491720228466,0.0033686905847921606,0,1
0.016916343078360437,0.002428594733814176,0,1
0.017764354061135766,8.463288113536496E-4,0,1
0.015738277842672767,0.0037342664713821963,0,1
0.016452002745641816,0.003354149553750862,0,1
0.017114975870630954,0.003173092138085912,0,1
0.016950629265793424,0.0029006085685061955,0,1
0.016428932730198173,0.0028512785931643467,0,1
0.01622827814871413,0.0026250843865927706,0,1
0.015833871364850444,0.0036814505371864734,0,1
0.016596222132567763,0.0035377782255429672,0,1
0.016155190806291513,0.003881947754522426,0,1
0.015516149216675388,0.0022430530936198086,0,1
0.015077499286881567,0.005095669093700282,0,1
0.0156623671514922,0.004679483675071189,0,1
0.016092206642266935,0.0034619666049533386,0,1
0.01704455430997981,0.0028564770002789037,0,1
0.015698588453610312,0.0043852700805772585,0,1
0.01676699797536939,0.0027971115560898366,0,1
0.018348091360440535,0.002458494018944699,0,1
0.016947905279898583,0.0027927606466548985,0,1
0.015275678921346559,0.003501746239791106,0,1
0.016556590806048346,0.0029328702282098076,0,1
0.017526352198708173,0.0036848336274312643,0,1
0.016222427505259603,0.004398262278879135,0,1
0.014961538671958447,0.003774897963709384,0,1
0.016751205770871254,0.0027488681902451953,0,1
0.01540514577759641,0.003005883917445913,0,1
0.016911119233280803,0.004179494328348676,0,1
0.016342731988212972,0.0014571442422290333,0,1
0.016185834755151975,0.0057419391401679004,0,1
0.016849531676064518,0.0030582973087678253,0,1
0.017736995783736328,0.004047725419126703,0,1
0.01531637031501791,0.003959791034179414,0,1
0.01681960933064747,0.002386006481476782,0,1
0.015760098097303877,0.0019028526803768913,0,1
0.016238803642606124,0.0030879067928190986,0,1
0.016740737476574008,0.0035771603360661187,0,1
0.015425069808302917,0.006207964573501484,0,1
0.01898377278708162,0.002117608579619202,0,1
0.017052776763972745,0.0036373300558024866,0,1
0.016856670349747516,0.0033124949959797995,0,1
0.016022633004142996,0.004344716570568298,0,1
0.018420974565652927,0.0024193412315683884,0,1
0.017568907811489683,0.0021457819181313234,0,1
0.01571241290254547,0.0029297937120032033,0,1
0.016999802326845215,0.003273198022088936,0,1
0.01746373706306651,0.0019526285345972932,0,1
0.018050171721230045,0.005492562915836197,0,1
0.01668373422487166,0.0033343588943803904,0,1
0.018530511679765858,0.0031090130147444902,0,1
0.01735188931908371,0.0032815424840159186,0,1
0.016905569479433377,0.006679646683485229,0,1
0.017066254503875625,0.003306896592878164,0,1
0.01802041447692161,0.0036808744608217156,0,1
0.01829377296084014,0.0026510655933891535,0,1
0.017434940488101177,0.005140139794720849,0,1
0.017477784022104998,0.0035510254025274287,0,1
0.014724282214643407,-0.0033994682708315843,0,1
0.014048071272026045,-0.0032949903053887835,0,1
0.014201044495885193,-0.004214872675629525,0,1
0.014368134549161854,-0.004120898384055417,0,1
0.012881241339712518,-0.003605442804462999,0,1
0.015749680439625303,-0.001831367184845457,0,1
0.014090330493597135,-0.0037556430674439913,0,1
0.015390336424594859,-0.0017541173462449224,0,1
0.013640687835273014,-0.004685374605136454,0,1
0.012718790721280028,-0.005996243588523686,0,1
0.012550209417561502,-0.0026492540260022995,0,1
0.012498976218394419,-0.0033066798655152284,0,1
0.009989158158155882,-0.004520863942447569,0,1
0.01207231969772053,-0.0035509295726711375,0,1
0.010920837039070293,-0.0029855784498516477,0,1
0.01428994027418984,-0.0032246070532038823,0,1
0.015149202234734711,-0.0044423214932430895,0,1
0.014742343253968252,-0.0032092987748206414,0,1
0.013207560093161267,-0.002159203249421018,0,1
0.014307680094577052,-0.0029840140253536633,0,1
0.011365045102877912,-0.004019397796389821,0,1
0.010548301979704204,-0.004107691618898537,0,1
0.012569684038238325,-0.005211822127630034,0,1
0.01305497993272439,-0.003538395299292298,0,1
0.012535883975507372,-0.004042514561570594,0,1
0.011819773993829058,-0.003959532636582473,0,1
0.012543672886370105,-0.004858864467862794,0,1
0.011526629443181662,-0.0032996614718102785,0,1
0.015090341748910005,-0.004287088379768303,0,1
0.017101505646520413,-0.0016668151572936758,0,1
0.013654157578277374,-0.003997784072738092,0,1
0.015631097478251234,-0.004565210547473318,0,1
0.014264652267413363,-0.002143859023984214,0,1
0.013158966661010761,-0.0028877343289817267,0,1
0.013970377366482722,-0.0024581773537940043,0,1
0.01381938160133599,-0.004556716035510747,0,1
0.0104892063041806,-0.004691646115480018,0,1
0.012656101013370625,-0.003653752904298951,0,1
0.013632908818713648,-0.0027036492599163665,0,1
0.012234674288114165,-0.00340942613757888,0,1
0.013401217525914957,-0.0036803661809588334,0,1
0.014806922916340125,-0.004215454994582143,0,1
0.01404483910324349,-0.004413667871564076,0,1
0.013186865195451617,-0.0047909761382319204,0,1
0.013940884461117698,-0.004103121080177671,0,1
0.013059863065257611,-0.0029524778356423255,0,1
0.013805388509081954,-0.004084961276876392,0,1
0.013546672620940002,-0.003942317354543054,0,1
0.013745300168801284,-0.002658177614328789,0,1
0.013164346431581151,-0.0047806136231760485,0,1
0.01323986508796664,-0.002770563498935868,0,1
0.011187314596216191,-0.004256494426222544,0,1
0.013031212736630327,-0.004596966383089741,0,1
0.012707746917468024,-0.0024177441326374413,0,1
0.01347922269621828,-0.005052279582158091,0,1
0.015352402522448681,-0.002788381432466293,0,1
0.015474950569008251,-0.004338767636863589,0,1
0.014278907842616147,-0.004279355439253865,0,1
0.014970113284355118,-0.0049982083548255705,0,1
0.012082321391283292,-0.0033661263389420147,0,1
0.013080885542370704,-0.002816350472605469,0,1
0.012064842238572383,-0.003562446451354527,0,1
0.012667364226698149,-0.003014280682199372,0,1
0.012587611648735253,-0.002691781113211118,0,1
0.011613125734792767,-0.0015832104739433772,0,1
0.013099529139699164,-0.004294174675401562,0,1
0.014133638759585884,-0.0035808804624448583,0,1
0.014674186523930991,-0.003695936384190245,0,1
0.015150071239113638,-0.002613331426553841,0,1
0.013483827390643997,-0.0018714055446796835,0,1
0.013358192489736362,-0.0052687466161607435,0,1
0.013531146162102698,-0.004081124798067204,0,1
0.01380672804373284,-7.234212533549016E-4,0,1
0.011826153415271715,-0.003188281942184255,0,1
0.014441143463835336,-0.00617367806510792,0,1
0.012151870367802478,-0.002432101358137652,0,1
0.012878358403755282,-0.0049077417980328405,0,1
0.014594825847296503,-0.0022405308382533596,0,1
0.01757168316229129,-0.004431909489193466,0,1
0.014392567156103759,-0.002511414246686635,0,1
0.014358891353740315,-0.002641707313223747,0,1
0.013567562837522003,-0.0037441786050145674,0,1
0.01369263830032148,-0.0023124019301134532,0,1
0.013145559124381609,-0.0027949882092067704,0,1
0.014457730303921267,-0.0055395033769658165,0,1
0.013602814764783203,-0.0037115544205708114,0,1
0.013503746731380856,-0.0033475319366791574,0,1
0.012634343687769193,-0.0031472479906219557,0,1
0.011876133848858071,-0.003008475421668318,0,1
0.013903038544792625,-0.0038972553324883833,0,1
0.014850632477250908,-0.0044240155270865,0,1
0.015157786576113668,-0.003632478064443874,0,1
0.014003095849244475,-0.0034816442898067835,0,1
0.014380641566167536,-0.0045321712774182964,0,1
0.013463947617237832,-0.0023102825056981117,0,1
0.013195415266150383,-0.003580540728997877,0,1
0.013278740798361268,-0.002792757638661043,0,1
0.012795730747530862,-0.0029561656397856222,0,1
0.010884995345082214,-0.0016290519005025847,0,1
0.013267889339404437,-0.0032051716904596653,0,1
0.014275658704180693,-0.003759822878237568,0,1
0.014678341170556573,-0.0030157618819114528,0,1
0.013805589273341974,-0.003089749409862526,0,1
0.013247171121768481,-0.003179866994123985,0,1
0.013198341402797034,-0.004260132029471671,0,1
0.012783067201766885,-0.003528424213769558,0,1
0.013569296309125895,-0.004694972287035062,0,1
0.012812164790117741,-0.001459652176104751,0,1
0.012699226579116757,-0.0032292677529832258,0,1
0.013130639067879283,-0.002684113492358918,0,1
0.012458948316937977,-0.00347231745651674,0,1
0.013775457084931084,-0.0031466797962054907,0,1
0.013426435742292341,-0.00315125813716913,0,1
0.013778964556879013,-0.0033871527987247648,0,1
0.013301533464060654,-0.0025491719881003184,0,1
0.012618225997949378,-0.004302742338973776,0,1
0.013600005813054811,-0.003183569993020954,0,1
0.013072706151746723,-0.002755336264203066,0,1
0.01324872739887367,-0.003573562497886104,0,1
0.01486353043506869,-0.0034013565559548316,0,1
0.01436806790319986,-0.0032945256451713998,0,1
0.014154405189746073,-0.004480699050173209,0,1
0.014300800973405896,-0.003324398562768094,0,1
0.014455734941688897,-0.0031897221108849612,0,1
0.012908988776798563,-0.0015346469039010948,0,1
0.013363454730558003,-0.0025280625590636363,0,1
0.013690497643430836,-0.003052475178675263,0,1
0.012385282440311937,-0.0029428658066799345,0,1
0.016578768193477308,-0.007273715940998323,0,1
0.015361131231463104,-0.0032395736857465216,0,1
0.015145621694029021,-0.0030172345864160747,0,1
0.014373131630704842,-0.00301064692748695,0,1
0.014565044988894608,-0.003006133375776447,0,1
0.015801708662341,-0.004353376453708195,0,1
0.013271660389345399,-0.0027942943902216173,0,1
0.013292201174819857,-0.003773579534936306,0,1
0.013283943934988848,-0.0028727419146053466,0,1
0.014758900161032193,-0.0037057689610274177,0,1
0.013216499380064166,-6.564116272277247E-4,0,1
0.016395440091285005,-0.0016114676746806283,0,1
0.0145207209787628,-0.002076206557924615,0,1
0.012262255746730432,-0.004786158137761872,0,1
0.01344189812814782,-0.0016916138308351088,0,1
0.012650755347987205,-0.0022315500295926514,0,1
0.013206785248768371,-0.0028013753741377035,0,1
0.016032235331660826,-0.002750053971269391,0,1
0.014096573761619595,-0.004268340989277316,0,1
0.012717272467131604,-0.003279247473210359,0,1
0.014232165802875509,-0.003911741152543317,0,1
0.013106777553496944,-0.0027871399198451234,0,1
0.013476068143227668,-0.0018606046141800493,0,1
0.012896264085015747,1.1975979869537538E-4,0,1
0.013184268334430234,-0.002603195844909714,0,1
0.014657827427612116,-0.00348878771125831,0,1
0.013578776992860279,-0.005542195013546184,0,1
0.01607056699850845,-0.0016761869735642944,0,1
0.01392900926981299,-0.0028301275456256974,0,1
0.014925949946551118,-0.001804884866608723,0,1
0.01311918597756833,-0.002317647311337724,0,1
0.013442069130764737,-0.00235477042005199,0,1
0.01686385596946702,-0.0057981456284670625,0,1
0.013275639964927626,-0.0028073355434768063,0,1
0.012604214700568358,-9.608990587824419E-4,0,1
0.014414611374026928,-0.0027208617763080124,0,1
0.01390132156751132,-0.002623049841153768,0,1
0.013160034226807924,-0.002766616750292142,0,1
0.013285742352914963,-0.002837363451688715,0,1
0.014540428168965686,-0.0033660766865506266,0,1
0.015123372891929315,-0.003211944922814565,0,1
0.013302187112726235,-0.0025339618711707414,0,1
0.013803117988153469,-0.003643412118210193,0,1
0.014184996062262957,-0.002857950024582294,0,1
0.013816761949462979,-0.0017220235163581457,0,1
0.01586870616834575,2.7999217660815276E-5,0,1
0.01466269994252907,-0.0029401266062341913,0,1
0.015260347036886453,-0.0024424241848444153,0,1
0.014310976598825204,-0.003048455547862292,0,1
0.013095746232302106,-0.001989849709326355,0,1
0.01308307910950553,-0.002776103880871535,0,1
0.0157232573848719,-0.0034388734711373724,0,1
0.015465295556501087,-0.0020071748421112943,0,1
0.01376759277850442,-0.003501993212087831,0,1
0.015330259333089154,-0.002560807658940758,0,1
0.012281156565404705,-0.003706241821646169,0,1
0.013745970423817247,-0.0026264006015749137,0,1
0.013306662812248116,-0.0032366367133101846,0,1
0.01444992259055477,-0.002588714363547841,0,1
0.014528789823526799,7.698284233182287E-5,0,1
0.014639972738118082,-0.0030108220127823913,0,1
0.012753609534674267,-0.0036884860440742954,0,1
0.014902694239836171,-0.0025735706019495382,0,1
0.015000483940776072,-0.0011443189416802735,0,1
0.014805986518906626,-0.0012196857503102832,0,1
0.014127101442446778,-0.0029578115802920335,0,1
0.013547138163019837,-0.002117510404294869,0,1
0.013577088653027314,-0.002790139841771394,0,1
0.014529488938708418,-0.0018012665652794386,0,1
0.014043199438326652,-0.0021591879289852016,0,1
0.014126620378452323,-0.0024308992534334073,0,1
0.01272098348991186,-0.002795564422671433,0,1
0.016148972165744242,-0.0035836727753836353,0,1
0.014039759564282052,-0.0024583803939819534,0,1
0.012729667131611744,-0.002520427235462598,0,1
0.014528505793493407,-0.0023807389270846012,0,1
0.014605384588306299,-0.002961360120211925,0,1
0.014700407208676793,-0.0017789916930186034,0,1
0.016173858262095015,-0.005870428129033128,0,1
0.013471872225848112,-0.0017244516280403887,0,1
0.014630523048145787,-0.001925960817262707,0,1
0.015216360770428917,-0.0018035815000908445,0,1
0.014789891528392746,-9.657124082560675E-4,0,1
0.014237619108741943,-6.637382542464765E-4,0,1
0.015228612400988117,-0.0015456636144134445,0,1
0.014141767387574802,-7.099381554836631E-5,0,1
0.014495047738434873,0.0013726800556344886,0,1
0.01472315095986891,8.059494890754595E-4,0,1
0.015794934063810197,0.004207569304660321,0,1
0.016803985508409627,0.0018282001564103396,0,1
0.016578403373409007,0.0013277715489414745,0,1
0.015421273041742354,-0.0011330378217642727,0,1
0.017759378324655312,-0.0026107441277643654,0,1
0.018051115128573603,-3.602703710196073E-4,0,1
0.017789393408122387,0.00279687422053603,0,1
0.015862835835232413,6.741150709922111E-4,0,1
0.017399988672465665,0.0011162697298811525,0,1
0.018146330313428164,-5.392074449362002E-4,0,1
0.015678075560929976,-0.0019254218395135748,0,1
0.020701790804964412,7.086795446813498E-4,0,1
0.014613882149076385,0.0010696854087055767,0,1
0.0154141375866937,6.844177678123474E-4,0,1
0.015327526081691545,0.0035992467548290386,0,1
0.01594739279267718,3.319347600961886E-4,0,1
0.01663159293743767,0.0018251396673434148,0,1
0.01650031051151678,-4.019979571956151E-4,0,1
0.017901128005988698,4.4312333803159666E-4,0,1
0.016187829125660132,-5.615396324484952E-4,0,1
0.017805226119936155,4.3769168424444125E-4,0,1
0.017239459052942135,-0.0016426920418708402,0,1
0.018577192377094418,9.840508644478733E-4,0,1
0.01879166199040292,0.0019209556618592543,0,1
0.01835382457833859,3.2445368678551094E-4,0,1
0.014449983411057996,5.89736412880497E-4,0,1
0.01632225397307258,0.001026401753763647,0,1
0.015427713780602502,0.002252854093830567,0,1
0.015164805332730527,-7.864570787084002E-4,0,1
0.016935365469930082,-4.0550893301952374E-4,0,1
0.017562912625549352,0.0015819188906284613,0,1
0.016071286737955517,-7.456262407673069E-4,0,1
0.017155611088824338,-0.0017702412124999982,0,1
0.01620277295131326,-1.566414980185364E-4,0,1
0.01731450049987657,-8.110404531696203E-4,0,1
0.017155329106539406,-8.500271302248404E-4,0,1
0.017986357133477873,9.05123354897178E-5,0,1
0.01883022848099771,0.0012673591822586212,0,1
0.01508122879059983,6.902182867932479E-4,0,1
0.013241522501060048,8.147606972549933E-4,0,1
0.015549984533857988,9.855735024912505E-6,0,1
0.015482157491120323,6.586453127561148E-4,0,1
0.016484543179428983,6.881266178155649E-4,0,1
0.015768627820395113,9.417463355976077E-4,0,1
0.01793339125100027,8.141583929562765E-4,0,1
0.016692285780348655,7.806396397823134E-4,0,1
0.016318080416928074,4.8163481933036553E-4,0,1
0.016231198827359412,-9.276067526578898E-4,0,1
0.01705479304172891,-3.098578103063641E-6,0,1
0.017614120474815337,-1.993456295337361E-4,0,1
0.015115949146640384,7.496329798859026E-4,0,1
0.015093308052804203,7.575695266919699E-4,0,1
0.015324916379689768,-0.0010728824304746321,0,1
0.015838241945702134,8.175152744379427E-4,0,1
0.015233082448942097,6.297290288915457E-4,0,1
0.01633872835371862,3.993897405926852E-5,0,1
0.015602535895962343,5.363355281708582E-4,0,1
0.017370875177620777,-3.154939805217704E-4,0,1
0.017518405026688003,-4.321249313769753E-4,0,1
0.017751302559292734,2.512810449678678E-4,0,1
0.01579291092285226,-4.633365651630982E-4,0,1
0.015621989619728221,-0.0025614931236166306,0,1
0.01544223570754844,4.944649806171451E-4,0,1
0.016846146867063084,-7.14928072705831E-4,0,1
0.012503492563957419,0.0020151058546528282,0,1
0.015160713973251931,-0.001171861775072993,0,1
0.015798190181699985,-1.0360184320783655E-4,0,1
0.015718341635336138,0.0016291440217636045,0,1
0.014772061381090076,0.0024036778956688914,0,1
0.01610159063518483,8.959121160039936E-4,0,1
0.01760837025394095,3.516844502699905E-4,0,1
0.016022856004524872,3.1114677295321754E-4,0,1
0.016726399497305224,-3.354562483053612E-4,0,1
0.016546823824004943,-2.491814123428301E-4,0,1
0.016500803122810583,-2.81154041420926E-4,0,1
0.01613235658208476,0.0018632708144641797,0,1
0.01589742592039347,2.653620756519356E-4,0,1
0.016283186307631637,1.2720136141252801E-4,0,1
0.016416878045621575,1.9276407003448526E-4,0,1
0.018011451946466386,-0.001837731212154997,0,1
0.01512761126868586,5.797830495720534E-4,0,1
0.019121781115511053,0.0014372626148587103,0,1
0.017232571507414012,-3.237823086504057E-4,0,1
0.019822999122857333,0.0015522040776380346,0,1
0.017458913432000032,-6.610882785168317E-4,0,1
0.015130871040959032,-0.0010074246470415085,0,1
0.014226342357771414,-1.0193042186369943E-4,0,1
0.015433250925792856,3.70364829190997E-4,0,1
0.01606854363210347,7.896841709225644E-4,0,1
0.016449669705267695,-3.728860555273293E-4,0,1
0.015729499062659223,0.0013290312350614304,0,1
0.01641713308354605,-3.780579718230168E-4,0,1
0.01502472288636419,8.151356883522753E-4,0,1
0.016123354961676283,4.838139127273589E-5,0,1
0.016900213185895564,-1.9906306018241436E-4,0,1
0.015272265499366366,7.325028457735284E-4,0,1
0.015869936720484784,4.718422148919627E-4,0,1
0.016149663044322804,-1.5925764990247274E-4,0,1
0.014477767814505268,2.1813561113864419E-7,0,1
0.015706114076573637,6.769464688318769E-4,0,1
0.01846616307822684,3.5781632661053924E-4,0,1
0.016687711379170675,-2.3551389097480275E-4,0,1
0.015747471084538035,-1.2983105864705614E-5,0,1
0.015999809533289118,-0.0015553961224457995,0,1
0.01678987943343235,-4.522383079148488E-4,0,1
0.01687323288426205,0.00265319621081648,0,1
0.015347870571937879,-3.537999349829765E-5,0,1
0.015683139193962532,5.721915299770439E-5,0,1
0.01584358354198584,6.110043953262515E-5,0,1
0.016529543635831187,0.003393910272099037,0,1
0.016350197320172948,0.0011398661787012892,0,1
0.016012791439128538,-0.0015374785625280694,0,1
0.018212657944313704,-0.002169083424088472,0,1
0.015306214366704155,2.4853858606187146E-5,0,1
0.016550554629927338,-0.0010169007395269985,0,1
0.01615530583099153,0.0011325822447526008,0,1
0.014980730103354064,-6.872657142129595E-5,0,1
0.015429576508704133,-2.1768038051981156E-4,0,1
0.016328894181382583,-0.0015898400249592262,0,1
0.016034409207827727,-4.5028437117883573E-4,0,1
0.01769612739651259,-3.9511996795285956E-4,0,1
0.015656256175556552,-4.534695825597508E-4,0,1
0.01673523935148947,-2.008709695576852E-4,0,1
0.016335979167782417,-7.26555724653882E-4,0,1
0.015113591957245494,-6.172974812872167E-5,0,1
0.014760029352811819,8.405475781777164E-4,0,1
0.015301055253585326,1.8102051214582835E-4,0,1
0.015103977806735067,6.763579096874627E-5,0,1
0.015310927849178167,6.153713568638337E-4,0,1
0.014332651487972824,-9.442346055898624E-4,0,1
0.0158695098482993,-0.0012709881762627629,0,1
0.016489401604141207,-3.3311070255289397E-4,0,1
0.01648961806810618,-0.0013477711349848891,0,1
0.014988944465351383,0.001646924340671289,0,1
0.01456263001792673,-5.655128050798903E-4,0,1
0.015349300086240313,-0.0037268145696730407,0,1
0.015901699148636584,-8.927231611467297E-4,0,1
0.018250024147354924,-0.0026804351393677006,0,1
0.01626957135019948,-3.4037949179143893E-4,0,1
0.017008710463877988,-0.001256171204056669,0,1
0.015547534361656892,2.467249334357566E-4,0,1
0.013198638027007012,8.448651019816295E-4,0,1
0.014878111223604447,-8.841117696044457E-5,0,1
0.015621950637139642,-2.2409936410610742E-4,0,1
0.016517675411932,-0.0018987398849073622,0,1
0.01613264958248617,-0.0012605278595090336,0,1
0.014788948488028655,-0.0029861146596623363,0,1
0.015261535623761079,-6.744652914490117E-4,0,1
0.013906077784747386,-7.107585805344226E-4,0,1
0.016034327539482866,-8.871136588748115E-5,0,1
0.015711505474363615,-2.0484744366855168E-4,0,1
0.015574546912560352,-0.0017921178243455634,0,1
0.016033284760444636,-4.150086905739477E-4,0,1
0.017096511587578644,-0.0016376053752033557,0,1
0.016995658467874347,-0.002573789691547126,0,1
0.01622163575711147,-4.5161812193606475E-4,0,1
0.017708164576052225,-5.494676143838397E-4,0,1
0.01465493335627868,0.0022698425012850827,0,1
0.01680474068726143,-0.0010033614056676591,0,1
0.017652909081743186,-2.976636387527847E-4,0,1
0.01554854792909029,-0.0012032980313272086,0,1
0.01634916862157232,-0.0011175242926716607,0,1
0.01590215057461453,-9.99752176296176E-4,0,1
0.014127780669670957,-4.522483285366068E-4,0,1
0.014369225603937306,0.0010906459865257705,0,1
0.014250573069515667,-2.442731424919476E-4,0,1
0.01619526274693431,9.868506438614975E-5,0,1
0.016348514185571008,3.947932330422158E-4,0,1
0.014885378561994591,-0.0022806554459439523,0,1
0.015702628195405934,0.0015654753576471792,0,1
0.018373545819556025,7.374381118009733E-4,0,1
0.01524726582333452,5.624950770600579E-4,0,1
0.0155688829702456,-0.0016827008749825498,0,1
0.013886836645664395,2.9219634310154554E-4,0,1
0.017269590655424057,7.558582407009104E-4,0,1
0.014874582250359206,-7.077702215294995E-4,0,1
0.016616247500319512,-0.004266571799302281,0,1
0.014013456107338902,2.2107263501053921E-4,0,1
0.01564846678260663,-8.457333378952389E-4,0,1
0.016703108036053647,-0.001345757770097767,0,1
0.0157261766619254,-0.0029798848179616783,0,1
0.015571571412063537,-2.4969790132826246E-4,0,1
0.014795253141260605,-1.9777643227852386E-4,0,1
0.015415832345233658,-7.850977413716575E-4,0,1
0.0146476646606576,6.457177541085079E-4,0,1
0.015322682887635596,-2.6383223376654554E-4,0,1
0.014667196993379953,1.7801463586986313E-4,0,1
0.01820459083678165,-0.001654029416670474,0,1
0.015482859032343376,-0.0010737971219937886,0,1
0.01705109699351888,-6.813123227108154E-4,0,1
0.012844847575387798,-0.0037114924741104074,0,1
0.01500859509975716,-6.612733833569026E-4,0,1
0.015232817540805304,-0.0017847146144515298,0,1
0.01493765081340193,-0.002018020740093752,0,1
0.01619265207134821,-0.0013329395780437767,0,1
0.01567281828641423,-5.540939242235944E-4,0,1
0.015267151801249332,-0.001536823119632356,0,1
0.016468561921169692,0.0010585082879684298,0,1
0.013885409615696176,-0.0019177882870977127,0,1
0.014993967289170875,-9.260258253740055E-4,0,1
0.015980267295299277,-0.002126663261153053,0,1
0.0162386062047503,-6.394646544813938E-4,0,1
0.014687044758715573,-6.012407951846167E-4,0,1
0.014270181725877898,-0.0024840529208451528,0,1
0.014358387361469124,1.0201683774010039E-4,0,1
0.014658221902346481,-0.001481975302679104,0,1
0.014475842684071195,-0.0013875741637874458,0,1
0.01495613057208119,-0.001753478847699818,0,1
0.013865250676197868,-0.004971139965871872,0,1
0.014686624324144594,-0.004724073357326426,0,1
0.013996222622663621,-0.005080738497584255,0,1
0.014330522075244101,-0.005055224667873819,0,1
0.015252974720841408,-0.0064829154457156654,0,1
0.013272565103845444,-0.007027173781856129,0,1
0.014039316112886925,-0.005756794364192162,0,1
0.014461722251252128,-0.005917052766884834,0,1
0.014569134530808523,-0.005986733051106129,0,1
0.01310977465552486,-0.004063762503627363,0,1
0.013367715326897836,-0.006085589574400648,0,1
0.01601255792191778,-0.006738702876314846,0,1
0.013945980299828811,-0.0065149795130891655,0,1
0.01255047173658514,-0.006008104122574688,0,1
0.0132306594797956,-0.007903470234367238,0,1
0.013761168591914818,-0.004077676701877345,0,1
0.013274890566507666,-0.005284010276177439,0,1
0.014631165258953069,-0.004862041032513732,0,1
0.01463829826133583,-0.005562696613339189,0,1
0.014249511625984751,-0.005125184638619351,0,1
0.013931148733283655,-0.004612110873872022,0,1
0.013988896268235625,-0.005491021007288569,0,1
0.014221493907619693,-0.006038512174429342,0,1
0.015206266525216438,-0.005538465851179546,0,1
0.01385326601923901,-0.005831000178480588,0,1
0.013583250214136132,-0.005103166417459314,0,1
0.014567205580634433,-0.005853789714995247,0,1
0.013317173359601765,-0.005782278854511053,0,1
0.01318704510933257,-0.006515323994033812,0,1
0.016582182984540377,-0.005350488363818708,0,1
0.014279222606924836,-0.004370624672134946,0,1
0.014896551679975686,-0.008915946408114269,0,1
0.0135887796687264,-0.004954408841547118,0,1
0.0149247915156911,-0.004197753545317625,0,1
0.014252501203173317,-0.007142382536521624,0,1
0.01437077102114314,-0.004358135970865836,0,1
0.013619148487460703,-0.005566331007129762,0,1
0.012743171225721904,-0.006425086479902427,0,1
0.013092392009385856,-0.002393815273303184,0,1
0.011111471397490781,-0.006539176558377784,0,1
0.013145005544599892,-0.005994134868052614,0,1
0.013271399052276254,-0.005912474094664502,0,1
0.013614529753675825,-0.0058704840948869495,0,1
0.015635167250322917,-0.004042808089039328,0,1
0.013570043579313098,-0.004085841309173248,0,1
0.013927332581291967,-0.00343425951717569,0,1
0.014287415814331957,-0.005095998373483075,0,1
0.01364194242025545,-0.005390787474643196,0,1
0.014373092806597314,-0.0037889702562252177,0,1
0.013485432651629485,-0.005346358711461922,0,1
0.014114237700326012,-0.005683255927649957,0,1
0.014395237293065823,-0.00620317370335034,0,1
0.013284883555997894,-0.005614050315093256,0,1
0.012728712757635293,-0.005703108599330329,0,1
0.013243007861246355,-0.006255966841777246,0,1
0.01356904335071613,-0.00659574963086536,0,1
0.0137726878247962,-0.0041874841094082784,0,1
0.013847859375041396,-0.004462721519517294,0,1
0.013468314465787402,-0.005290270736743345,0,1
0.014361788235763813,-0.005108357013098474,0,1
0.01290172921111702,-0.005038995556653776,0,1
0.013706292745654351,-0.005271235955117518,0,1
0.014485895034781973,-0.00583911818439127,0,1
0.013435782667088414,-0.0016910185438740865,0,1
0.015189103058691599,-0.00684638866562265,0,1
0.012825187450626224,-0.0041481584271378345,0,1
0.013168060951155303,-0.0053690953189746895,0,1
0.013185055787381305,-0.006646149789582063,0,1
0.012747129957869429,-0.006796823446498551,0,1
0.013423393315375034,-0.005425565536551966,0,1
0.013115044525888029,-0.0038301501215016343,0,1
0.012078359545587987,-0.005745400034224376,0,1
0.014325348555366036,-0.004787230223416511,0,1
0.0136537894149621,-0.005080193438039889,0,1
0.012740072674416287,-0.00505991607785543,0,1
0.01421792882636856,-0.0062792993089236205,0,1
0.01443012327409214,-0.005998498725444099,0,1
0.015138231409083191,-0.0059963059115795605,0,1
0.012916632452277465,-0.006064397722277592,0,1
0.01293084243535648,-0.0062620897948912355,0,1
0.013020228719753836,-0.004818350525113144,0,1
0.014199869430611687,-0.004643868079646467,0,1
0.014541826877245688,-0.004939599164407887,0,1
0.016292186246280243,-0.0032624378441526206,0,1
0.013298863084193134,-0.005214136962025654,0,1
0.013479878336320087,-0.004809171382666774,0,1
0.012813871942182031,-0.006644951035738788,0,1
0.013293289166233537,-0.005435054037020919,0,1
0.01219006014774619,-0.005411430955375776,0,1
0.010722255886063074,-0.004143704468984864,0,1
0.011734993542897787,-0.005797872242416308,0,1
0.012142212579592372,-0.007108547428483719,0,1
0.016425262192200803,-0.003137869341698382,0,1
0.013265429717550585,-0.004047837912879499,0,1
0.013468928736565397,-0.00623305980647178,0,1
0.013221328806049875,-0.005547944547789907,0,1
0.011238372178857576,-0.003575084053208828,0,1
0.013725669719809652,-0.005116238730190863,0,1
0.01369101224492162,-0.005317158424139766,0,1
0.015179996463579358,-0.004309843028639441,0,1
0.01316323524718683,-0.00522888566820804,0,1
0.011178333628820643,-0.007933861147707041,0,1
0.012641299283665471,-0.005115501683379957,0,1
0.013641019691174204,-0.00350305734929041,0,1
0.013713211064471658,-0.004027293288631059,0,1
0.01102342436034252,-0.0024239084627888457,0,1
0.012348523725020962,-0.005222699634482933,0,1
0.012020966807677697,-0.005130353351373749,0,1
0.012730003553709646,-0.002814583771695419,0,1
0.014059216803300786,-0.0044644347930076775,0,1
0.013528034801858843,-0.005858519289450235,0,1
0.013735948889162311,-0.004485042194626358,0,1
0.01330361070068354,-0.005932474911563724,0,1
0.0153604323682703,-0.0027888410237267495,0,1
0.013948883502698685,-0.005224866576806047,0,1
0.014781529453903174,-0.00367824829335206,0,1
0.01300166726107635,-0.005484396662508691,0,1
0.01359923911227181,-0.005072004937545068,0,1
0.013682232797085126,-0.004040237690428362,0,1
0.013043211010980925,-0.005362023185143185,0,1
0.011249513814221915,-0.004640110962229014,0,1
0.012404755505779776,-0.00511261606414047,0,1
0.013514814637246386,-0.004592969137534982,0,1
0.011920755935581062,-0.006480108766147156,0,1
0.013701930012247607,-0.004479774342283872,0,1
0.014270905862537726,-0.00447230104842786,0,1
0.014410619384433778,-0.00488540565913495,0,1
0.014117082451685595,-0.004702853658651825,0,1
0.012307968594048816,-0.005375977022649483,0,1
0.01341841345162289,-0.005351462554254241,0,1
0.012972302559830296,-0.004553142613166549,0,1
0.012301665255123898,-0.005282769951658756,0,1
0.011564825724306695,-0.004957560615509393,0,1
0.0155610103251439,-0.006131220524726952,0,1
0.013205870203750487,-0.004075066742838486,0,1
0.010768713845135884,-0.005544208816743581,0,1
0.01385902552702968,-0.0045408332174796985,0,1
0.013186938125271247,-0.004887976284215522,0,1
0.014098518131218723,-0.002265783940915064,0,1
0.014112636347750427,-0.0044964543927403944,0,1
0.013014700729210234,-0.0052601109629656214,0,1
0.013857348759472145,-0.008162216367886516,0,1
0.012322065647788013,-0.006714902216325415,0,1
0.013953083540997835,-0.0036871468821901374,0,1
0.0131679844354497,-0.004877736362959386,0,1
0.012530048362575742,-0.0032694769084438318,0,1
0.014502883781481303,-0.006170932613831739,0,1
0.014706438913302809,-0.004158065202820929,0,1
0.010539472889887378,-0.0033901903413721267,0,1
0.01241176584401668,-0.004687298534287962,0,1
0.012843889819366612,-0.0017434849973486765,0,1
0.012931768063530424,-0.0033187097958888375,0,1
0.013202113940617424,-0.0044518422926524345,0,1
0.013510458570522695,-0.005246335056176892,0,1
0.013360320270856419,-0.0049839936954004845,0,1
0.012793606819756444,-0.005321511100704582,0,1
0.012695485477797669,-0.0052285596628563365,0,1
0.01308005704368672,-0.005674617044059514,0,1
0.011905598892961805,-0.00437904325347824,0,1
0.014904834959171342,-0.004049049637799482,0,1
0.013424777595131535,-0.002626002374293042,0,1
0.01244343027563394,-0.003714976869014809,0,1
0.015397069846970982,-0.005811127711341039,0,1
0.013321922082048574,-0.003455719536800072,0,1
0.012428892403628024,-0.005960755100098617,0,1
0.014582920571477927,-0.0053228687924446105,0,1
0.011820689477752026,-0.004676712100031049,0,1
0.01226635422612018,-0.004382483292963043,0,1
0.013018760455761235,-0.003964675258026293,0,1
0.013185579532372337,-0.005041769523454191,0,1
0.012529697882009866,-0.0032447381650938852,0,1
0.014398915837930239,-0.004587249010955109,0,1
0.012307408811010149,-0.0046524833454330795,0,1
0.01250618810490482,-0.004521787250168391,0,1
0.01242534557999228,-0.002715695806935749,0,1
0.013254303789499995,-0.00313834246994994,0,1
0.012711660079392575,-0.00490959007124978,0,1
0.013503055676194697,-0.0043254382729967285,0,1
0.010907864672405681,-0.004654393004198662,0,1
0.012368196212587964,-0.004601661026897543,0,1
0.013020162014457267,-0.0040389712450616,0,1
0.013122384652248681,-0.004807633068683507,0,1
0.013807258140918696,-0.003802562886514904,0,1
0.012701906046470488,-0.0034792786714101707,0,1
0.013112676057957464,-0.004444828560911094,0,1
0.01225378287331653,-0.004736605754489992,0,1
0.012757049784421541,-0.005295151267041867,0,1
0.013631706589667955,-0.0028924281326358496,0,1
0.010717813475833832,-0.0032643142235938625,0,1
0.01372088617074941,-0.003708849685547624,0,1
0.012520897806744207,-0.007429678864669486,0,1
0.012412192836844308,-0.004668710936947151,0,1
0.01181967997318061,-0.006032686051713256,0,1
0.012584654281953015,-0.0037096021739030714,0,1
0.01234447603933943,-0.00447300787800987,0,1
0.014706963243207694,-0.0028140311281006246,0,1
0.013292842148245842,-0.0037903393242605093,0,1
0.011721107326940903,-0.004094279771907823,0,1
0.012576921400954807,-0.0045771802237367515,0,1
0.012366004890751502,-0.003925995839724407,0,1
0.011904988679476492,-0.0031959639092108373,0,1
0.012332162892180205,-0.00428522128393966,0,1
0.011842965042896073,-0.006061295945181204,0,1
0.012495717191304986,-0.004451618218579767,0,1
0.011563164716392599,-0.006294246911982573,0,1
0.012322690296968567,-0.003615482171648913,0,1
0.012598999502070957,-0.00414275701416319,0,1
0.013062665788751846,-0.005268271118774594,0,1
0.011558400620636448,-0.004151917102986901,0,1
0.011533670604517333,-0.004330451482048413,0,1
0.014940608874292613,-0.005915225345449935,0,1
0.012526568972240441,-0.004115720488091366,0,1
0.012275197116461993,-0.003025754796148272,0,1
0.011299873382034913,-0.004508295646082717,0,1
0.012454155219838756,-0.002589265889302424,0,1
0.012790102002576149,-0.0034891662005262785,0,1
0.011223991650997906,-0.0038366322025022064,0,1
0.011483048312419546,-0.0034051259455620993,0,1
0.011321830412960645,-0.0029852127530173023,0,1
0.01159503457909971,-0.0033362035172403563,0,1
0.011466943161392084,-0.003790258410251268,0,1
0.012136097577434462,-0.004249391419528374,0,1
0.009538223504104219,-0.006359260294731747,0,1
0.01100489459059727,-0.006787324561249716,0,1
0.011268452544678747,-0.005926722515873252,0,1
0.012060100145381438,-0.0064095108347658955,0,1
0.011045959700379976,-0.005155850078758348,0,1
0.01116044360412544,-0.00582048300893838,0,1
0.01074251554326743,-0.004399724223553671,0,1
0.010554766291755783,-0.006580734893324222,0,1
0.012199153657358363,-0.00393083680503195,0,1
0.010786200310474383,-0.004664804112500473,0,1
0.011675482016055038,-0.0061130877606218065,0,1
0.011484270443810349,-0.0059644026088525905,0,1
0.011695413797955752,-0.004526221308912881,0,1
0.011606789175112812,-0.004088683099263962,0,1
0.01164570755225668,-0.004273306213744434,0,1
0.009306462380641149,-0.008213179378284606,0,1
0.011363756656407768,-0.004526089955120245,0,1
0.011314723210486414,-0.007246799392921487,0,1
0.011449276614891155,-0.0072181812982841185,0,1
0.011353094836056354,-0.005473564717161849,0,1
0.010667946422509463,-0.005127526977668219,0,1
0.01035676760164906,-0.00438222219695117,0,1
0.01039045751455792,-0.004720548517581427,0,1
0.012280540019534705,-0.005720594586266383,0,1
0.010598899763006245,-0.0036682151305450993,0,1
0.011771113027408901,-0.0029188833976315606,0,1
0.010556443806000999,-0.0031553704065627364,0,1
0.01004101162456341,-0.003833337360769549,0,1
0.012096763027089752,-0.008895605969282419,0,1
0.012131345702207537,-0.007836777517059829,0,1
0.011812213922895264,-0.004682626566402363,0,1
0.010494692769627254,-0.005933151724871496,0,1
0.009209192982104408,-0.00780489801137241,0,1
0.010467701147628477,-0.005469984169456012,0,1
0.010272772686354705,-0.004633821741148885,0,1
0.011110903779690215,-0.005089373974706837,0,1
0.01062129889443812,-0.0029323452592851544,0,1
0.012521852026731119,-0.003869745544433338,0,1
0.01078045917079286,-0.0042391327755002305,0,1
0.011413488713202812,-0.004171944347269032,0,1
0.013797653803034894,-0.005818766447554864,0,1
0.011753444972503297,-0.003961975120302982,0,1
0.011526219297536583,-0.0052289079470912644,0,1
0.009229597189639074,-0.005656764000768202,0,1
0.011131481426591056,-0.006014925307443863,0,1
0.010322640849666487,-0.005236771611426975,0,1
0.010196573578283507,-0.005098382672854546,0,1
0.012076054830053936,-0.005116690171142447,0,1
0.011366897444975939,-0.0050721560127436295,0,1
0.011604961357737111,-0.00392885020849585,0,1
0.011842855674622212,-0.004335321387508031,0,1
0.012013595468155412,-0.005163704511187419,0,1
0.011311514542273632,-0.004840528418004995,0,1
0.010729443000476364,-0.004412078242126071,0,1
0.010646554491097448,-0.007964937058308521,0,1
0.00923615403305563,-0.0039164758386993305,0,1
0.01040900355656317,-0.005257739033225388,0,1
0.010967714349069813,-0.005902481129870483,0,1
0.011101823209493074,-0.004511239984021396,0,1
0.0111499768362866,-0.005399124170295121,0,1
0.012115407270067389,-0.004360745297531177,0,1
0.01229062315112513,-0.0037230854902724044,0,1
0.012560190179377932,-0.004279751112977485,0,1
0.012030811699981025,-0.0031101147123301608,0,1
0.01162670649973645,-0.004772719069553009,0,1
0.011036282642537665,-0.004064206436648752,0,1
0.011659391636705586,-0.003551599336749101,0,1
0.008946005787689228,-0.007699335211593888,0,1
0.010690329571329545,-0.0060672468780123626,0,1
0.010101524611020743,-0.004894715921502541,0,1
0.012115349454868226,-0.0037881831464292586,0,1
0.012304282284554054,-0.004984812221606091,0,1
0.011487745508409654,-0.005712622869711549,0,1
0.01173395766338689,-0.006138133134044106,0,1
0.01172288266318961,-0.004099070528901603,0,1
0.012357681863342547,-0.00317448793117064,0,1
0.010812905581792907,-0.0035877945231439787,0,1
0.009995007256244678,-0.005403200576144773,0,1
0.013303182667215587,-0.006260547508293158,0,1
0.010846652671766563,-0.006713337700425577,0,1
0.010304306991687145,-0.005181869613670377,0,1
0.013128238882542791,-0.006690545868592418,0,1
0.010156593890250937,-0.006550417671004059,0,1
0.011446157199334936,-0.005646331939578557,0,1
0.012426205490630077,-0.005256920805961933,0,1
0.010630871981956417,-0.0041106578189777365,0,1
0.011125267123838222,-0.005394772957864859,0,1
0.012459798778446511,-0.004075950503989453,0,1
0.012977313782515938,-0.005500085246123432,0,1
0.01210004584992146,-0.003944996531240719,0,1
0.011608229810132745,-0.0057303096805211545,0,1
0.011272297592184151,-0.006597306671026463,0,1
0.013898535146125107,-0.0072892705785207075,0,1
0.01131049421375288,-0.006315590941867147,0,1
0.011733258583831004,-0.005950776050324523,0,1
0.01081427677075881,-0.0061032446991028085,0,1
0.011547291131004955,-0.004437198169577576,0,1
0.011985912298615358,-0.004662878071964849,0,1
0.011823102915370176,-0.003680370962452771,0,1
0.012614327886717338,-0.004157406961742991,0,1
0.011163684856077492,-0.007043964917886025,0,1
0.011945493327445295,-0.0062094785249405,0,1
0.013145178376433822,-0.005938356142399301,0,1
0.010432129008420403,-0.006882410506977018,0,1
0.011307220017862179,-0.0056962087791799015,0,1
0.012373363112430124,-0.005575313465623953,0,1
0.012114102791719107,-0.005928757825041194,0,1
0.011763050569839067,-0.005914766297815876,0,1
0.01322649529300266,-0.004551691400959007,0,1
0.011875714631133905,-0.005608081978619157,0,1
0.011999452109807593,-0.005423630936971354,0,1
0.009249475363064223,-0.005827146717946573,0,1
0.008833637102100219,-0.007864448249431744,0,1
0.009045891474546161,-0.004619001633134626,0,1
0.010237103818563536,-0.005134627465626279,0,1
0.011617796415750002,-0.005679944125131194,0,1
0.010650504796013444,-0.0037996313775945814,0,1
0.012354013484473125,-0.004779715527937633,0,1
0.011393217321187407,-0.005577951101365278,0,1
0.013151181148457858,-0.00693100488990015,0,1
0.01051354321732299,-0.008002457059295741,0,1
0.011540945560880277,-0.006257736809147445,0,1
0.01068744899194177,-0.0056362715014122555,0,1
0.011420252412856352,-0.006595074174234885,0,1
0.012447364647715224,-0.003955379397345349,0,1
0.011952248689453856,-0.005729714953562984,0,1
0.008764190727797525,-0.00467218108227926,0,1
0.01247451635078914,-0.0046177055479337025,0,1
0.012610707028932466,-0.005259055811397544,0,1
0.012166037950523016,-0.00452730312792263,0,1
0.01342603455384755,-0.007315973766239466,0,1
0.012593161210534748,-0.0050912075133320136,0,1
0.01351620909137067,-0.0064798853194169585,0,1
0.011939316261419084,-0.0053478756280535295,0,1
0.010816499204217553,-0.006148483000333414,0,1
0.012910538469157795,-0.003249566412234237,0,1
0.009028174803833625,-0.0052200537092122025,0,1
0.01310685795410173,-0.004324675674438104,0,1
0.012371943985119118,-0.00553724445009403,0,1
0.01120575630272409,-0.007057858277046192,0,1
0.011364772221128347,-0.006400019022797476,0,1
0.010896235316790277,-0.0059735479605503294,0,1
0.01160657370624166,-0.00562907848811506,0,1
0.012273890895988206,-0.006235184619651668,0,1
0.01112993243617817,-0.00365151677954701,0,1
0.01220219521273973,-0.006064482743856864,0,1
0.012234980652507107,-0.005144710018448134,0,1
0.011788781375920007,-0.006442072899273605,0,1
0.011817625019323286,-0.0064295808219990295,0,1
0.012155583022676223,-0.005790847994058094,0,1
0.012017872435532614,-0.006095923323180756,0,1
0.012521704113479476,-0.005982467035680377,0,1
0.012032286916393286,-0.005424495808640691,0,1
0.014867392472345928,-0.005810543590426089,0,1
0.01301436235062098,-0.007201396711552621,0,1
0.011124562298777237,-0.006677618899249979,0,1
0.009651514097744165,-0.0038568922308325655,0,1
0.011597543490036277,-0.0075384565230908005,0,1
0.0145202391804633,-0.004510918115692882,0,1
0.013079109259691525,-0.0060494730222964066,0,1
0.009105680384507151,-0.0070634300038678625,0,1
0.011853139978166153,-0.008574451151304553,0,1
0.013097975547463565,-0.006133915074261231,0,1
0.011531842322338679,-0.007074348858701163,0,1
0.013974204978293783,-0.003397973756051345,0,1
0.012928803909081292,-0.006031668204387022,0,1
0.011149133841734904,-0.005372707522537375,0,1
0.012491641080091523,-0.005831654044369864,0,1
0.012571258558454484,-0.0064879711518697715,0,1
0.012955079685878546,-0.007167060835288228,0,1
0.012020438005623767,-0.005480922132879725,0,1
0.012046753931719036,-0.006308082870341438,0,1
0.014940045523355223,-0.0070277780452760626,0,1
0.011131143185747363,-0.005796013512151616,0,1
0.012423405568150745,-0.005903065040163256,0,1
0.00937390374850689,-0.006187921768721372,0,1
0.01305857838233522,-0.007839814385953282,0,1
0.012543009867844162,-0.006564568666527869,0,1
0.01290487387164755,-0.006268549148765103,0,1
0.012698863321348326,-0.005798202017936489,0,1
0.012081227573765856,-0.0032347569024878207,0,1
0.012295235607231357,-0.00373357095724513,0,1
0.01352966709126578,-0.007386608058537182,0,1
0.012995833205097267,-0.003892074060760475,0,1
0.012223795911592932,-0.006762407004883349,0,1
0.012129851706716108,-0.005823877618415214,0,1
0.011693584877239507,-0.004612122494555719,0,1
0.012376647530883233,-0.005454090282054326,0,1
0.01374725548676763,-0.006986155010167405,0,1
0.012413481537577644,-0.00713925248731263,0,1
0.012298458269877901,-0.006369880782245258,0,1
0.01241282305734745,-0.0066657338081740165,0,1
0.012026242628062777,-0.006807114642213176,0,1
0.013137485009841953,-0.006794153243489767,0,1
0.011631100819939195,-0.006849680129023288,0,1
0.013019849832777734,-0.00320636923272163,0,1
0.01256928312933549,-0.005887005188197332,0,1
0.009654645273798862,-0.00856100957063357,0,1
0.013349263816176474,-0.0051544767019764785,0,1
0.009073166660144452,-0.006786759688707328,0,1
0.01302938575894994,-0.005471236727211257,0,1
0.01275025006893183,-0.006486350646720766,0,1
0.014039138511356988,-0.004572300186421826,0,1
0.012926132527704953,-0.00679088398768449,0,1
0.01336182643445395,-0.007424450452020045,0,1
0.012353156720615802,-0.007342754549019064,0,1
0.013969618882054474,-0.006279655742247232,0,1
0.012873770990496303,-0.006297275943156556,0,1
0.01459562549584511,-0.006758989989256696,0,1
0.012184477089853379,-0.007336985437995062,0,1
0.011729803446704918,-0.006334929762546704,0,1
0.011907341089425207,-0.006670224360033517,0,1
0.012948158818043667,-0.007374045216970515,0,1
0.012894636798384148,-0.008346217751012788,0,1
0.012333679946039936,-0.007134775765998194,0,1
0.013066146923211097,-0.006814549724495324,0,1
0.01149624855675815,-0.0063823460114729265,0,1
0.010706109857793689,-0.009588146136665258,0,1
0.010614203800084373,-0.009838398866156301,0,1
0.010868762120111721,-0.010114857447611416,0,1
0.010150793574423668,-0.009785548122441711,0,1
0.010118033048542838,-0.010344519311421803,0,1
0.010002703844267737,-0.010027649483929686,0,1
0.010349589519146309,-0.010171802754831927,0,1
0.011831703848298394,-0.009897861932569562,0,1
0.009582243345662371,-0.010203724728131053,0,1
0.008104598304978602,-0.010245478165845624,0,1
0.008559509889143845,-0.009385333011163453,0,1
0.009863931273055834,-0.01154758012072883,0,1
0.008912879179476899,-0.011060996140898434,0,1
0.007938024994285905,-0.011668484116894693,0,1
0.011372383577842999,-0.009478946000231955,0,1
0.010611990285809945,-0.008829324544248592,0,1
0.010379647805982132,-0.008888474294830338,0,1
0.007728493691009253,-0.007957123030215603,0,1
0.010174061677925585,-0.00969125093443503,0,1
0.010456438350553354,-0.009409088969407125,0,1
0.009453595018550583,-0.00968531194811035,0,1
0.009451423205053506,-0.009799539579553082,0,1
0.010145531345927418,-0.011702109846502669,0,1
0.0077066144876005,-0.011525456945006462,0,1
0.009311753803439416,-0.010243546818498848,0,1
0.009279943764827124,-0.009627374637289644,0,1
0.008230115408409285,-0.010811999621451605,0,1
0.008093406217230056,-0.012092289005485871,0,1
0.010967486794038493,-0.009242274409847701,0,1
0.010658393977451773,-0.009222212830054005,0,1
0.010653794358562757,-0.010044454757602734,0,1
0.010273308983275758,-0.010332457626291933,0,1
0.01037068291323629,-0.009720849309192625,0,1
0.008729652101489484,-0.008902596644394849,0,1
0.01079011770481664,-0.01020632256641232,0,1
0.010245466700082048,-0.011293756888492908,0,1
0.008865700659130562,-0.009764757859019963,0,1
0.009170966374038747,-0.01144913531912961,0,1
0.008098586662177831,-0.011068151851606249,0,1
0.009178264712813987,-0.010810385522118335,0,1
0.005182576788273844,-0.011904517506348309,0,1
0.007720100561564966,-0.011165364464377775,0,1
0.01127166801815387,-0.009506515933403703,0,1
0.011479541388908719,-0.00957602394562668,0,1
0.010281095958124509,-0.010540230795656393,0,1
0.010142562532341066,-0.009658741790884209,0,1
0.009142266986570554,-0.010831445728177371,0,1
0.00996769015989158,-0.010410799045918772,0,1
0.010549145221432342,-0.01170564876410765,0,1
0.009673622354261505,-0.01010594125068395,0,1
0.0075042011365986094,-0.01166185646968289,0,1
0.010519616326197887,-0.011343051234629125,0,1
0.010225501071634027,-0.009650004774335932,0,1
0.0073616622785385825,-0.010971766579338052,0,1
0.009058724419734297,-0.010556733209048166,0,1
0.01021330976344748,-0.008955571030794625,0,1
0.011595612616888278,-0.010295997061140979,0,1
0.00795948184752335,-0.009861740724995328,0,1
0.009179610438497559,-0.009048421618945396,0,1
0.011087071746038242,-0.009444376579258555,0,1
0.006628123267912125,-0.009809733915210313,0,1
0.009037947644325708,-0.010931190689921278,0,1
0.00940035198036607,-0.009871683757726396,0,1
0.009552760241689247,-0.009872688941244297,0,1
0.007593986757444425,-0.01074720993472646,0,1
0.00988652052171728,-0.009473607526930097,0,1
0.008122361688718336,-0.011911770482058224,0,1
0.008617253836273911,-0.011312542136637732,0,1
0.010935965305889828,-0.010448922659468311,0,1
0.010587250784075386,-0.009182401864837028,0,1
0.01078337673170559,-0.013328710506080962,0,1
0.010594133681802788,-0.009476815427569143,0,1
0.010400329584509004,-0.010248262045792588,0,1
0.010312019509564197,-0.009879750517351866,0,1
0.010294766238040272,-0.011507204539191566,0,1
0.008521182023832978,-0.011115683108742861,0,1
0.01077272067088051,-0.010322945819149141,0,1
0.008601188732073798,-0.010443271184444112,0,1
0.009782441549650193,-0.010733754428570769,0,1
0.00903379171281693,-0.011121962028935305,0,1
0.010817646874295922,-0.0070064298861956375,0,1
0.0112511693590915,-0.009929846529130194,0,1
0.010930306449724253,-0.008781725348175418,0,1
0.009809962019199462,-0.009252867490819395,0,1
0.009938833718446213,-0.00953958711469686,0,1
0.009318541536944157,-0.009451121628993402,0,1
0.009675021971956828,-0.009781397459623198,0,1
0.007787982108191867,-0.012863154598197734,0,1
0.009214974334957769,-0.010092380114172015,0,1
0.008393754443433946,-0.009788385086157677,0,1
0.00958873500942197,-0.010963433751067474,0,1
0.007807716396617674,-0.011362530611451885,0,1
0.009446488399734899,-0.009216380689118996,0,1
0.011091169423244594,-0.008476360080550778,0,1
0.012431917489922286,-0.010473798612042472,0,1
0.009877246539052434,-0.009335573939285729,0,1
0.009212959254548085,-0.010096958503565918,0,1
0.009088770238134517,-0.009470462539663167,0,1
0.00963946784978054,-0.010924762388763838,0,1
0.010715546580778737,-0.008798455065593404,0,1
0.009526130673840233,-0.014062908127925825,0,1
0.007943944307653883,-0.010801536996069679,0,1
0.008865782599225507,-0.011390238077952482,0,1
0.00742367996307859,-0.007746271417680191,0,1
0.00963831591949362,-0.009525109731237593,0,1
0.010875802138736958,-0.008937183743763703,0,1
0.009929194789058148,-0.00902132909246919,0,1
0.00930746905292881,-0.007937365522261165,0,1
0.00945136735628744,-0.010633964531262401,0,1
0.0076506196183744254,-0.013194723882805124,0,1
0.008059073031189695,-0.009046181558316274,0,1
0.008174724264790732,-0.009783644264167784,0,1
0.008902711369107863,-0.010192342994437541,0,1
0.009069462448818058,-0.010142590627617323,0,1
0.010489275046372724,-0.00933424264446477,0,1
0.009727960617723456,-0.009493355275362355,0,1
0.008535500519368537,-0.00810777785371171,0,1
0.010216269917175556,-0.007622893130104148,0,1
0.009743403938894488,-0.010003312616392979,0,1
0.009285016975957834,-0.009635033764863098,0,1
0.010090318684575317,-0.010021748022299503,0,1
0.008982687533931766,-0.009836050467954641,0,1
0.008048567148134018,-0.010194086648843826,0,1
0.007519839067583935,-0.008850867696493191,0,1
0.010018215348602722,-0.00887833013378704,0,1
0.010759542486066085,-0.008868934771120263,0,1
0.010248121473727795,-0.008942475774734417,0,1
0.008521036530144186,-0.007239437892343447,0,1
0.0085209211554078,-0.00747709516290787,0,1
0.007715908226697515,-0.007899253182252725,0,1
0.008746927796435603,-0.011124440620156701,0,1
0.0083021451945487,-0.009685058863988441,0,1
0.009124581616593484,-0.010266297087446266,0,1
0.009149919072112335,-0.009470317160081466,0,1
0.008111521632879218,-0.011923609245526061,0,1
0.010167936628815034,-0.009451950799959103,0,1
0.010021632737472743,-0.009026080906424825,0,1
0.009105880403464852,-0.009254604504195957,0,1
0.009404390633117543,-0.009712376682081567,0,1
0.009147192269558695,-0.009033343941689951,0,1
0.008700874465846373,-0.009572238251068725,0,1
0.00896244243697763,-0.010274544463783782,0,1
0.008947757458188666,-0.00977000890827768,0,1
0.00944481302706423,-0.008729714922325616,0,1
0.009449650934137643,-0.00870359381355756,0,1
0.009374964317818446,-0.009228101018639344,0,1
0.008617375650472483,-0.007219689625956309,0,1
0.012817309816113493,-0.008391888403490273,0,1
0.009048512661249581,-0.009946694487046954,0,1
0.00832786331508388,-0.0095755465399458,0,1
0.008705570755587887,-0.010147167395079171,0,1
0.008736496337226967,-0.012097583385375966,0,1
0.009559986694433977,-0.008118060704282129,0,1
0.00885007502931541,-0.009913795299584426,0,1
0.008611927755585332,-0.00883853183202652,0,1
0.010382218905029205,-0.012599569912624372,0,1
0.009462995523003156,-0.009961702466539638,0,1
0.009094229216396391,-0.009601129908806167,0,1
0.008512428682586988,-0.008992960677066794,0,1
0.009822775808751488,-0.013105652635733836,0,1
0.010262313963386883,-0.008311312530017245,0,1
0.00945446981593174,-0.005815555890452826,0,1
0.009772879588713151,-0.009719288634855341,0,1
0.00871739531532148,-0.007532524865534915,0,1
0.009772041750993166,-0.009067909252444776,0,1
0.008278803829719393,-0.009665516639346014,0,1
0.010250223218423797,-0.009977972532070662,0,1
0.007758785954098328,-0.00993546814916292,0,1
0.009259561052655399,-0.007616878240106544,0,1
0.009917733426864472,-0.007927807207984765,0,1
0.008816039420473385,-0.009067282522391293,0,1
0.00846701424175309,-0.010061624760798105,0,1
0.00928778211556698,-0.008984753389280656,0,1
0.008995331503481542,-0.0094306926968069,0,1
0.008548619772822171,-0.009687552911632397,0,1
0.007871056867554325,-0.009160455533695938,0,1
0.009434374647529484,-0.008277290827615155,0,1
0.010115676942053533,-0.011616387687521877,0,1
0.008720235742860414,-0.009403699564006641,0,1
0.008091266295647454,-0.009635238089315273,0,1
0.00831228608013437,-0.011682998221748503,0,1
0.009000186916843265,-0.008913060720864976,0,1
0.009073263376545869,-0.005106690822518426,0,1
0.010656491272922005,-0.008869479155671916,0,1
0.011360369561387683,-0.009741320341183168,0,1
0.008864773460454953,-0.008838751887454917,0,1
0.008252005048589379,-0.0092523811675237,0,1
0.007674184422765348,-0.008900401239914198,0,1
0.008892121262997163,-0.008737950972532264,0,1
0.010570590976937874,-0.00913867634691934,0,1
0.008801954962555082,-0.00818846583058693,0,1
0.0076112704623711915,-0.010045856051603111,0,1
0.008148953947823273,-0.009479415653354608,0,1
0.009182336991926505,-0.009105325255085235,0,1
0.006443225407403042,-0.007540200779591583,0,1
0.008514109822967852,-0.008325340128118362,0,1
0.007432195394867236,-0.009530098716999577,0,1
0.009272271839284875,-0.009915768292448047,0,1
0.010016204466677009,-0.010817746520328433,0,1
0.009468343097158325,-0.008032197523056953,0,1
0.007900149521796029,-0.00907420154770187,0,1
0.010200048836816345,-0.01040328561885232,0,1
0.011368850278310198,-0.009581364624372231,0,1
0.009551726055254244,-0.006508105043439205,0,1
0.007195226976413185,-0.01097126032906036,0,1
0.009399616333391007,-0.009000841399023395,0,1
0.008118370576636426,-0.009294132174008535,0,1
0.009206727261198554,-0.008488172507819568,0,1
0.007591819354778821,-0.008040721562053238,0,1
0.009136416251912687,-0.008891189879450114,0,1
0.007932529835904365,-0.011095588695069524,0,1
0.008215637133029153,-0.009003100038983962,0,1
0.009316320775216132,-0.009852128413671177,0,1
0.007411700661533801,-0.008463923320780732,0,1
0.00801124440450958,-0.008628703566599083,0,1
0.006357572473681443,-0.00851989715319862,0,1
0.010068450882102363,-0.009750972432361784,0,1
0.007566967324228769,-0.011255652928675978,0,1
0.008161592653242056,-0.007516423117771575,0,1
0.008149491667132311,-0.0077125730389908465,0,1
0.005602487077970603,-0.008230822048171915,0,1
0.007676612504355967,-0.007432597806595056,0,1
0.006606537566821078,-0.008614602479703718,0,1
0.008083863214247025,-0.00821913091950062,0,1
0.013209972107522585,-0.005909749213275519,0,1
0.010601047659837723,-0.007383699862651804,0,1
0.011280220563191848,-0.006117711247889866,0,1
0.012084026589416208,-0.007462945794992342,0,1
0.012274884950935329,-0.005784790450057498,0,1
0.011366248176851454,-0.00560985263585211,0,1
0.011212172092248035,-0.006659545617676163,0,1
0.012159096037798377,-0.00743394793084875,0,1
0.011641606281834955,-0.007006411882570144,0,1
0.01238561452624753,-0.00670737629664143,0,1
0.015309729902852584,-0.0052265637248274524,0,1
0.012268452858340571,-0.007558879995884864,0,1
0.01274412985055526,-0.007138972855125078,0,1
0.011548095427426387,-0.007100076143056419,0,1
0.011850717464520724,-0.0066099728230620885,0,1
0.012056226545671185,-0.007708708461370865,0,1
0.010177537086581728,-0.005419790329533965,0,1
0.011188479470396459,-0.007331703255109652,0,1
0.011954006834340504,-0.007073297800136902,0,1
0.012267103639211569,-0.006659285430639237,0,1
0.012433721528231276,-0.007404437044518603,0,1
0.011021716842441657,-0.00875144505375371,0,1
0.011895264390054967,-0.007572964217103979,0,1
0.012655624652901843,-0.006892899639203981,0,1
0.009785846265869081,-0.007009619527799209,0,1
0.0074867955513581936,-0.0074143490267815,0,1
0.008524686923124103,-0.007016584596888751,0,1
0.011282768326801897,-0.0068120789149387,0,1
0.013599315260595124,-0.0066536606020026695,0,1
0.011487791337677473,-0.006893987913564898,0,1
0.010710803707102621,-0.007741843437098988,0,1
0.012184430741556656,-0.00590476482638645,0,1
0.009140585774670326,-0.005854572340477072,0,1
0.013969924810933263,-0.00769019229640209,0,1
0.011990879840298512,-0.006625437036971879,0,1
0.011628269427265888,-0.006675617493850247,0,1
0.012385894321344267,-0.006536981398390276,0,1
0.01085159844214877,-0.0072670891011769765,0,1
0.012263238385705238,-0.007419320022464312,0,1
0.013779299869226528,-0.0059868513788923616,0,1
0.011050955099117372,-0.007058947686672956,0,1
0.012107314424805936,-0.006347254961739743,0,1
0.01267438272919838,-0.006780080722109298,0,1
0.012730212665509732,-0.007551516816559349,0,1
0.011970269552202305,-0.006030882067903896,0,1
0.013556919224964548,-0.0067805087245430586,0,1
0.009670470672767377,-0.007501002505723383,0,1
0.011125931912460708,-0.008383764400169254,0,1
0.01031765949974041,-0.007610205568008928,0,1
0.011020160633088973,-0.008157623094447291,0,1
0.009967163492571833,-0.005325724531439164,0,1
0.011048848538472386,-0.006388240459428497,0,1
0.010718155905915601,-0.006057738968065662,0,1
0.012216409891629813,-0.007091228276990121,0,1
0.0131125895882963,-0.007049024904493704,0,1
0.012784678557439451,-0.007267643640180058,0,1
0.010495662510086597,-0.007017615452231104,0,1
0.010854429470559427,-0.007049683708872591,0,1
0.010856029435100351,-0.0064393819144799936,0,1
0.011409640781515936,-0.007247168954778636,0,1
0.011431407262663595,-0.00766880942921238,0,1
0.012567772204485239,-0.008417414030814762,0,1
0.011885961129404403,-0.006932606115662553,0,1
0.012052024264072985,-0.007188706343508029,0,1
0.012556823858874007,-0.0071469636211811405,0,1
0.01258811092151328,-0.006868405794661706,0,1
0.011041543642445598,-0.007030373197641583,0,1
0.013084275412662938,-0.006410161852410668,0,1
0.011274401546822983,-0.007068916986894593,0,1
0.011052100124795029,-0.00559944821133103,0,1
0.013210228684555993,-0.007806566147054744,0,1
0.01298913044647733,-0.006221356446216928,0,1
0.013251354659185892,-0.008146489077643617,0,1
0.011919286247128803,-0.007213990092464733,0,1
0.01176543520502352,-0.007060123147893454,0,1
0.010267708183102903,-0.007609002895607826,0,1
0.010369551524500515,-0.007874941512787672,0,1
0.012430863693011475,-0.008203734089538957,0,1
0.010846711139878819,-0.007762546430132331,0,1
0.01245055304248271,-0.008438736857407527,0,1
0.012114430979947199,-0.009508977181533812,0,1
0.012633660348610607,-0.007976656288239065,0,1
0.013012633289685358,-0.007579802009400598,0,1
0.012440650296160708,-0.007159021410014189,0,1
0.00987613615185078,-0.0069339085965201995,0,1
0.010758777957030197,-0.008268589252919414,0,1
0.011664793956039001,-0.0067539374140268196,0,1
0.011443877178825324,-0.0075806689705483704,0,1
0.01182357677624399,-0.007132136640788954,0,1
0.011840431498836618,-0.0076913714160981046,0,1
0.012208409463148866,-0.008614809888222422,0,1
0.012562454236274166,-0.006113953819898851,0,1
0.010636966296748384,-0.007213995318579898,0,1
0.008818679602319536,-0.008065640702031996,0,1
0.011478949252428934,-0.006989050117018102,0,1
0.008820166061374141,-0.006448706716761502,0,1
0.012152945666822481,-0.0077498677287031,0,1
0.012344462062425341,-0.007841015447887907,0,1
0.013634227988225134,-0.005467584783166838,0,1
0.012616682886044298,-0.008303633147015318,0,1
0.010807666039818784,-0.007683731390456566,0,1
0.010819108863223938,-0.005520031552850277,0,1
0.010917911747692702,-0.007629310730497108,0,1
0.010438337072205263,-0.006846289745537501,0,1
0.014407742988247265,-0.0080231600921839,0,1
0.012136186431323423,-0.008184858096374344,0,1
0.012471969063284623,-0.007913808600519373,0,1
0.012631429765032575,-0.008272974067620483,0,1
0.009748091513228788,-0.008254082129043043,0,1
0.011799134076090139,-0.006337317102464284,0,1
0.011613004205415453,-0.007447278663839968,0,1
0.011607503138054807,-0.00875351529946514,0,1
0.012734625582937328,-0.00781631155758714,0,1
0.012483157070927625,-0.007950255278000942,0,1
0.011983657021413715,-0.008016423089314497,0,1
0.011292436365329124,-0.007912524290244582,0,1
0.010852585268793302,-0.007819643251140979,0,1
0.01093961089734621,-0.0075258280240235636,0,1
0.011272600445683024,-0.00853523693831491,0,1
0.011266107727217329,-0.009022891979714082,0,1
0.011770796323709592,-0.010113541568931583,0,1
0.00968010155066358,-0.009981875876346913,0,1
0.010649879423044809,-0.007604914883764752,0,1
0.011086898470707934,-0.008069819260985888,0,1
0.011024247655283934,-0.00854293486358623,0,1
0.012367158664088104,-0.007750318161564119,0,1
0.011991226912940538,-0.008399026699637784,0,1
0.01304069410660868,-0.008147506737901156,0,1
0.010485865710956794,-0.00831901056321557,0,1
0.010971412313335836,-0.008076870731268636,0,1
0.011515776894725003,-0.008098811836489648,0,1
0.011269185761576034,-0.008468437964892562,0,1
0.013648223649543196,-0.009095685387953738,0,1
0.009014652173827827,-0.009707831118218532,0,1
0.012303658796647859,-0.004959135254910516,0,1
0.01109548762402271,-0.007741356896292015,0,1
0.01114016315854192,-0.007949903028160548,0,1
0.011386223230533916,-0.00860783382735483,0,1
0.011891128893643792,-0.008488896574258777,0,1
0.010911428771315056,-0.0084152339843838,0,1
0.00900317803583204,-0.007216914460074121,0,1
0.011706554852187204,-0.007292973700225577,0,1
0.011237716399783361,-0.007647882105552457,0,1
0.00985907721700171,-0.00959047072100769,0,1
0.011113037250702848,-0.00845045673302997,0,1
0.010115839848218556,-0.007656199699741799,0,1
0.010983777490280648,-0.007650770073485405,0,1
0.010133721271581329,-0.007214517465591557,0,1
0.011336694421454581,-0.007848137020179322,0,1
0.010847132456707227,-0.007896839259993252,0,1
0.01152004691671785,-0.008657276984237142,0,1
0.010075895385742573,-0.007865465904158967,0,1
0.010576062134698564,-0.00820262554241393,0,1
0.010681824437074598,-0.007956186287070111,0,1
0.011558431421241548,-0.008411433221103173,0,1
0.011563600600317244,-0.008754466111391005,0,1
0.0114591091447594,-0.008350225570720318,0,1
0.011194887821219305,-0.008252756625998588,0,1
0.010806224785385557,-0.009006670122757413,0,1
0.01167368968894957,-0.007871078129257261,0,1
0.009819326074499188,-0.006057364835002249,0,1
0.009641323727023789,-0.006758872012252972,0,1
0.011865357552672418,-0.008043792487139285,0,1
0.011104212957706774,-0.009727841345332382,0,1
0.012235832328577303,-0.009691614342336521,0,1
0.011698193069103024,-0.009126136869995607,0,1
0.010415441721835705,-0.011371463234716698,0,1
0.011453069821712628,-0.008637454051546794,0,1
0.01119080309051792,-0.009777043969138694,0,1
0.011133775070560792,-0.009051938014699393,0,1
0.011328093738549792,-0.007407039263319092,0,1
0.0102276680547968,-0.007455447781594629,0,1
0.011109868617004541,-0.007259637761223445,0,1
0.010841326476660623,-0.007416723858512477,0,1
0.011275146910511846,-0.006849705871925151,0,1
0.01044984371588697,-0.008923993330159476,0,1
0.010249495141961244,-0.00818184062359942,0,1
0.010603483700496049,-0.006452474197416198,0,1
0.011017248468255423,-0.007873368735322935,0,1
0.010984593423644922,-0.008323616835237302,0,1
0.01158546633350604,-0.008902168142623759,0,1
0.00926940969208032,-0.008530252245180704,0,1
0.010914403246555827,-0.010340011544182095,0,1
0.010125152121374017,-0.007016706699432655,0,1
0.01006428999716957,-0.005346376262422918,0,1
0.01034057197551506,-0.0070373763407018865,0,1
0.00899735448686938,-0.0033685025969697013,0,1
0.010167087953962633,-0.0075960426097801,0,1
0.011456758074273177,-0.0069158518353190325,0,1
0.01077881064205531,-0.0076289920377929895,0,1
0.011229758020376596,-0.008541426614974933,0,1
0.010514161315661977,-0.008213299981565263,0,1
0.009301720747677268,-0.00945972142890402,0,1
0.010878751554527583,-0.008638435764872394,0,1
0.010769336123376572,-0.007672231130352607,0,1
0.011001698705337836,-0.00885285422743641,0,1
0.010148231628625234,-0.006944167402519514,0,1
0.010989999676630216,-0.007211735964055886,0,1
0.010485074078687132,-0.0072683789725529096,0,1
0.010940104142066477,-0.007821112449880398,0,1
0.011212079976015421,-0.008985884062340787,0,1
0.008078182596406715,-0.010674922002368742,0,1
0.010110142915815978,-0.006743127600117644,0,1
0.010585524807729507,-0.00794457948055237,0,1
0.009965535580140338,-0.009019280543300812,0,1
0.010021851554209746,-0.00873824643295662,0,1
0.01173299490369537,-0.008789892935599463,0,1
0.009784128347802476,-0.010094309762087635,0,1
0.009643782109053887,-0.0068516627848217515,0,1
0.01200909863335055,-0.005183769836292235,0,1
0.01062171268683002,-0.007028180058306009,0,1
0.010177734748670782,-0.008655714653754825,0,1
0.01090313535613602,-0.006323410007439945,0,1
0.009959000996733811,-0.008310653590642954,0,1
0.00937939583918741,-0.008449128429871017,0,1
0.010403592158550582,-0.008263819537753037,0,1
0.01225691755716113,-0.008232305420076542,0,1
0.01251226651299651,-0.007836921396857275,0,1
0.011284644433564032,-0.009161938435331847,0,1
0.010070164196725588,-0.00664508436167813,0,1
0.010605085318205025,-0.00617624066323281,0,1
0.011416618537874476,-0.007453580271440248,0,1
0.010070819787143442,-0.0076404331573616075,0,1
0.010237095015199552,-0.007850625459268677,0,1
0.011210498467339453,-0.009132141679337647,0,1
0.010894098330152922,-0.008286515446995072,0,1
0.01018074790029464,-0.007336728076520122,0,1
0.013178925894747305,-0.009101869484918895,0,1
0.011392299012805947,-0.009956888342036856,0,1
0.010820162207973001,-0.008296271503496922,0,1
0.01291331343894925,-0.006650362867963566,0,1
0.009943343277136156,-0.007507790853747008,0,1
0.009728200119753705,-0.006065989553995083,0,1
0.011966166269205247,-0.007801289115953325,0,1
0.010506681016754523,-0.0065210347292270245,0,1
0.011396970002701701,-0.008705876748032504,0,1
0.01008042298331052,-0.008312341984211779,0,1
0.010380503746038005,-0.009435411988348357,0,1
0.008664931814745012,-0.011499954568128235,0,1
0.010455508098858108,-0.009899533721219215,0,1
0.012801929314558355,-0.006260714038428254,0,1
0.010234548439888573,-0.007406578902464566,0,1
0.009938135988818245,-0.007319402488554432,0,1
0.012773518745818646,-0.00830622068871523,0,1
0.009911099347912622,-0.009376912312955754,0,1
0.009197795984496847,-0.008408106784713248,0,1
0.008246394681635726,-0.008347493795600406,0,1
0.010059165608663535,-0.008300939862964558,0,1
0.010721042071179713,-0.008635800032535522,0,1
0.010380348387688428,-0.009020419707083992,0,1
0.009655051460589542,-0.006605462826913982,0,1
0.00988429184246642,-0.0072243171092277155,0,1
0.01235735532870286,-0.009694631695179305,0,1
0.010009014749678632,-0.007691375747289864,0,1
0.009033376430964612,-0.005313572866976978,0,1
0.01105918468507095,-0.011674996004236155,0,1
0.010042472802456034,-0.008711095352175818,0,1
0.010110741322034017,-0.008137142666666267,0,1
0.01018546145462816,-0.009827926513744775,0,1
0.009913349947246276,-0.008923286226467398,0,1
0.009240208559001569,-0.006899616907724289,0,1
0.009767934890378771,-0.007133915231404569,0,1
0.00987534708559221,-0.007720025533126872,0,1
0.009140861727486474,-0.007145488139543232,0,1
0.010054630644604809,-0.007069683876745582,0,1
0.00963596169540294,-0.008581575014466257,0,1
0.010161028989024995,-0.008113064942118043,0,1
0.009989423897594833,-0.009601646828336332,0,1
0.010395698742867743,-0.008767797300278544,0,1
0.010764951142810475,-0.007571120804225769,0,1
0.007373066753846409,-0.0064874490115039455,0,1
0.009309689938445633,-0.005459572178982506,0,1
0.010871892600481842,-0.006448384157199968,0,1
0.010912198638753234,-0.008914936434298373,0,1
0.009675832826919882,-0.008510315582044549,0,1
0.012141362766513461,-0.009547888832994365,0,1
0.010007014214012273,-0.00873784715312277,0,1
0.010725414414041418,-0.006865847967056835,0,1
0.01071313191286497,-0.008457074640798555,0,1
0.009010359540395007,-0.008242091119257822,0,1
0.010292770773078648,-0.00654830090177132,0,1
0.009727776086138945,-0.007439342433360581,0,1
0.009879818600561254,-0.009146440991492187,0,1
0.009171817083991826,-0.007572511034445463,0,1
0.009689926456778984,-0.008362431065549583,0,1
0.010872991569950943,-0.008319309151841444,0,1
0.009699554544890672,-0.00744643882893573,0,1
0.009615916488854319,-0.007689784608206041,0,1
0.010561195837912835,-0.009512508894524397,0,1
0.008050504216546019,-0.008265163870904221,0,1
0.009897404637381856,-0.009089070434982714,0,1
0.008368587311521567,-0.008812892575184519,0,1
0.009796358438514457,-0.008581003856960624,0,1
0.009501296367152159,-0.008069905122162935,0,1
0.0077618872289919715,-0.01007105483462107,0,1
0.009177665348404564,-0.007997873017728137,0,1
0.009472857191076937,-0.008059053806257358,0,1
0.008925892369422256,-0.0086503635728068,0,1
0.008805878747722347,-0.007679585960281651,0,1
0.008866950672873807,-0.009279843754401848,0,1
0.0096637852550774,-0.0075045725642618796,0,1
0.009316560174991946,-0.007813992227974478,0,1
0.008749753420576498,-0.007001266150572414,0,1
0.009163588689907883,-0.007976106580424979,0,1
0.009691970937640527,-0.008220129354176741,0,1
0.009345498109888937,-0.009003134689798338,0,1
0.00939851950757958,-0.008475770536499288,0,1
0.009555901612160396,-0.007097062311082321,0,1
0.00924526626146077,-0.007703636933359485,0,1
0.008690828642513061,-0.008187837712749437,0,1
0.009261274047968605,-0.007966825427806207,0,1
0.01028118803489898,-0.007972251174620745,0,1
0.008106192600439767,-0.007619207386185536,0,1
0.008140620361667069,-0.007908981440575008,0,1
0.008686133955983088,-0.009150390905002376,0,1
0.00946742256704807,-0.007695585988612223,0,1
0.009612279009306246,-0.008975057973688905,0,1
0.008955556482814151,-0.008209248341368457,0,1
0.009432052129711328,-0.008469672492073067,0,1
0.009136676862619833,-0.006064407043552199,0,1
0.008797392890239591,-0.008239144645378107,0,1
0.011871339671491192,-0.005809541569795692,0,1
0.008216555022894928,-0.00862789936609223,0,1
0.0097297826422179,-0.009507462189348047,0,1
0.008247381611786323,-0.009033765440317502,0,1
0.0093230486041629,-0.008628870732638589,0,1
0.009172250585008302,-0.007898399893637581,0,1
0.00930889590634655,-0.0068190620542903585,0,1
0.008882338049854012,-0.007578537107217784,0,1
0.008801054029004435,-0.007381307102529201,0,1
0.008219286485173187,-0.009677006905759032,0,1
0.008724867457049515,-0.00865349032536023,0,1
0.008584624052721423,-0.007065792780107641,0,1
0.00892059225003361,-0.008511737301411594,0,1
0.00922565310367961,-0.008491176097430107,0,1
0.008130072365849386,-0.009401754867268302,0,1
0.009795538333196572,-0.007739364793154686,0,1
0.00966237774221705,-0.009484141114701064,0,1
0.011141617395719929,-0.010565299824322869,0,1
0.00915693976820822,-0.008815462010419472,0,1
0.009307710550411191,-0.008167847549687354,0,1
0.0089211342653755,-0.009329243609967727,0,1
0.00976642608782131,-0.00934754090352369,0,1
0.008926452619672953,-0.007923574154071788,0,1
0.00782566285465993,-0.008292476656161332,0,1
0.008332893079192787,-0.006792803361936722,0,1
0.009828223128931697,-0.008330693359499878,0,1
0.00774268819819954,-0.007608348780193666,0,1
0.008463892507254605,-0.00894302195704733,0,1
0.007442186500058925,-0.006649870670480685,0,1
0.007763592248523002,-0.007274698247469926,0,1
0.010002840495310807,-0.008233082232739964,0,1
-0.011950001229604275,0.009836505749624825,0,1
-0.011365804443493237,0.009724018197438868,0,1
-0.012641695499197924,0.009859189798099572,0,1
-0.0118412183045878,0.00917256149199922,0,1
-0.01193131798276168,0.007944150121252276,0,1
-0.01226844762340547,0.00877070892824718,0,1
-0.009303572752725479,0.007447072490115786,0,1
-0.008203575907661036,0.008609012445412768,0,1
-0.014731550012912133,0.00864154327156209,0,1
-0.012696912833204992,0.007793854354945424,0,1
-0.013090903514740359,0.007705515408316387,0,1
-0.013541875968917122,0.006509183307368139,0,1
-0.012752939824391626,0.007503802620826792,0,1
-0.012274698259841262,0.007411527440396559,0,1
-0.013096763064197162,0.006974417881889174,0,1
-0.01213099703406366,0.009593614532592068,0,1
-0.012647423660060716,0.009131469175658515,0,1
-0.01121727032978637,0.008724067164317327,0,1
-0.012631211084665922,0.010267259153976336,0,1
-0.01209243768880337,0.007629366327649992,0,1
-0.013558937686907557,0.00741516230215516,0,1
-0.01223502286199057,0.008227020944676722,0,1
-0.01361688322488073,0.008613844286996405,0,1
-0.013171803011748341,0.006626651347024945,0,1
-0.012849664253132533,0.007972119752883235,0,1
-0.01226909130708049,0.007956645496453781,0,1
-0.011770181492924815,0.007800838565585447,0,1
-0.013361071160940312,0.008621671875793366,0,1
-0.013032073352900254,0.010665065585509927,0,1
-0.011511343988776962,0.009038036184265354,0,1
-0.009337170867071904,0.009190171785638924,0,1
-0.011828455154778513,0.009234526853891152,0,1
-0.013414966608213579,0.007995234739167042,0,1
-0.015415902224796304,0.007413613722938341,0,1
-0.01237437571733374,0.007969972104837278,0,1
-0.01271229604046195,0.008541096273422104,0,1
-0.013148258711476481,0.007647340047733658,0,1
-0.012331496080887119,0.008034532790460324,0,1
-0.011495084322508798,0.006168823258866411,0,1
-0.01337773488391742,0.005934126823342464,0,1
-0.012903272378858941,0.006783866359974992,0,1
-0.013116024170953434,0.007952801044221351,0,1
-0.011979100040254036,0.009607372623559457,0,1
-0.01329326235585895,0.008854219791907841,0,1
-0.012662552668045451,0.01038103062044775,0,1
-0.013620505886098325,0.00968801109362782,0,1
-0.012738178896170432,0.008259581952982995,0,1
-0.013118823479031816,0.008893711059143656,0,1
-0.013275498602396973,0.009409554129791957,0,1
-0.01176682170131923,0.008172856418802554,0,1
-0.012694236873299639,0.008336916634673588,0,1
-0.011716794494240105,0.008325886773656338,0,1
-0.012502067752852227,0.007742455159727628,0,1
-0.01214579125490339,0.007057949873339523,0,1
-0.013635836829933266,0.006584581545303347,0,1
-0.012406573126488582,0.00972180021517547,0,1
-0.012212849724703918,0.009456415619420622,0,1
-0.013872230740944125,0.009456620439158668,0,1
-0.012119591598150988,0.008431579033909741,0,1
-0.01273681221092375,0.008486150538573666,0,1
-0.014059109219139068,0.006219963832054488,0,1
-0.012699087396027476,0.00890294736714486,0,1
-0.012815787293098587,0.007020353239312866,0,1
-0.01331563488722216,0.006785377306122045,0,1
-0.01290456172036419,0.008233714282756537,0,1
-0.013315421812303857,0.007525550873993228,0,1
-0.013158184323676181,0.008147485942117725,0,1
-0.013156498945339504,0.00924591997517067,0,1
-0.012440576266616231,0.009622015269152455,0,1
-0.011530239831755785,0.00864269894889152,0,1
-0.012602460006561518,0.009341642947249483,0,1
-0.013661863059533971,0.009047710729753435,0,1
-0.012932624287394513,0.008521489343982632,0,1
-0.010522712240496598,0.006773638616193628,0,1
-0.013697479230366842,0.007851863047195321,0,1
-0.013075415669124258,0.007583277765960906,0,1
-0.012292302446318477,0.007186245402624874,0,1
-0.012901670201037068,0.008730243413802956,0,1
-0.012315710253277976,0.007032711921467027,0,1
-0.012268665996726012,0.00849108580406908,0,1
-0.0105529794151868,0.009972017271871147,0,1
-0.012620504048874893,0.008337207759105039,0,1
-0.012195554573478273,0.007930723130812825,0,1
-0.013582962385281084,0.009120023587371937,0,1
-0.012777036685963862,0.008642864041853429,0,1
-0.013836313118203105,0.00835618782395108,0,1
-0.013203570966206307,0.008226365922732022,0,1
-0.013540576332489725,0.007354488516648179,0,1
-0.013003071297686122,0.007712501174836191,0,1
-0.01385389830128048,0.007395488853899097,0,1
-0.012893747356105854,0.00877986106101564,0,1
-0.012390419086310554,0.009697391033142351,0,1
-0.012721708620555456,0.00947300913447943,0,1
-0.013889724244288755,0.009691056701330105,0,1
-0.009347840878013231,0.008591226391695916,0,1
-0.01275149894925509,0.008935576866250976,0,1
-0.014827324531464828,0.010593437697751914,0,1
-0.01237439233075038,0.009053719968814536,0,1
-0.013082071521947035,0.00887692934402695,0,1
-0.013168034486113001,0.007809709650189225,0,1
-0.014366872407132488,0.006308841063205541,0,1
-0.010843107754978631,0.006451786382881417,0,1
-0.012789077145302542,0.01007897760126848,0,1
-0.013886910166710535,0.010376473546325989,0,1
-0.012908319425633568,0.008235900813490708,0,1
-0.012562694774219249,0.009591822200228112,0,1
-0.012967420351461572,0.010394737672773217,0,1
-0.011780439995569963,0.008854411919161875,0,1
-0.012514946973642542,0.0070936265358832245,0,1
-0.011118409757460033,0.007164905851561075,0,1
-0.01219170069767676,0.0063330197382367856,0,1
-0.013774764995869644,0.0074710028968434745,0,1
-0.012410278740146682,0.009265498731680418,0,1
-0.01330221109304291,0.009247690739106881,0,1
-0.012009514085297482,0.009753716921411415,0,1
-0.01410956285809759,0.009230350292546981,0,1
-0.014276580587390694,0.010734877552637051,0,1
-0.01247521216230083,0.009524664717280674,0,1
-0.01084006340673265,0.008639045546773276,0,1
-0.014232188860451672,0.00842131457469611,0,1
-0.011267417312975182,0.008112327779582172,0,1
-0.013253714051415701,0.007987683937007583,0,1
-0.012811364849298072,0.010320816200018583,0,1
-0.011450254870905481,0.008903091047134751,0,1
-0.014022562985955049,0.010450529401799824,0,1
-0.01013567700061561,0.01067746816646829,0,1
-0.013369345611908624,0.00784371322210461,0,1
-0.011205637573732934,0.00894163201889916,0,1
-0.013324551859796719,0.008465767709983698,0,1
-0.013687198046623687,0.007404302942060657,0,1
-0.013917454876482502,0.006998793761397731,0,1
-0.01235600907786581,0.007896455548246596,0,1
-0.013499589304968834,0.011021978134209397,0,1
-0.013473822674286267,0.010483436531250865,0,1
-0.012232344395245485,0.011014463315874799,0,1
-0.013122273939735522,0.009746746343105895,0,1
-0.014338143191171103,0.008619631361187603,0,1
-0.013318342314894193,0.008971187259661478,0,1
-0.013186904168251426,0.00863806529216381,0,1
-0.01310718366900571,0.007182978301675908,0,1
-0.014083738992200863,0.007634587739751694,0,1
-0.014374652596586606,0.009206537166708542,0,1
-0.012458966200915364,0.00976001609417083,0,1
-0.015722246725117163,0.0062151279124731135,0,1
-0.013729217765429852,0.010184239431947828,0,1
-0.013826515097920265,0.008873077597505705,0,1
-0.013201433048533271,0.007070612877613474,0,1
-0.013635091515633557,0.008909751413900775,0,1
-0.015466010385610166,0.008951221331011129,0,1
-0.014620931337514754,0.007627410754693395,0,1
-0.013728081840171661,0.013158347947289376,0,1
-0.012208371787171239,0.0096727294384846,0,1
-0.01408957983765941,0.010240487657625141,0,1
-0.011136217466413353,0.009509952552883992,0,1
-0.013341208581024552,0.009000255696763918,0,1
-0.012098528530419615,0.009064491970624531,0,1
-0.013016820976864671,0.008687343466447232,0,1
-0.013563675146702623,0.007130757164577608,0,1
-0.010891176166094585,0.0099002886816758,0,1
-0.013036146641166594,0.009893476771907384,0,1
-0.013377030797714013,0.0094921878700072,0,1
-0.013295768187275184,0.008284432413960697,0,1
-0.012802083951145841,0.010084575585498405,0,1
-0.015390497078460241,0.009810899015979188,0,1
-0.014036382217878904,0.007976711602776713,0,1
-0.014635026189136504,0.010036848048775037,0,1
-0.01353747989653498,0.008309675067831179,0,1
-0.014286955142083113,0.008851602192663535,0,1
-0.014304598478990769,0.009622708932207286,0,1
-0.013758563772652034,0.010601379456223775,0,1
-0.013300748138705562,0.008729250253627589,0,1
-0.014233182125363932,0.009328023066682832,0,1
-0.01516188003580201,0.008435747752629121,0,1
-0.013951854361860794,0.008497670117458956,0,1
-0.013964070901129387,0.008963607467922166,0,1
-0.014113971874885556,0.009773684099661582,0,1
-0.014609234480175204,0.00966320016199863,0,1
-0.012953778570821793,0.007409738281809546,0,1
-0.013470105012419922,0.008864889561616471,0,1
-0.013696709666074287,0.0064618629570073,0,1
-0.015044989985671935,0.00812032001923236,0,1
-0.013724204082804899,0.009783457254522978,0,1
-0.014040268276529431,0.010559111684002932,0,1
-0.013271364855146671,0.00808480990503492,0,1
-0.015096362830230766,0.008177242186779893,0,1
-0.013893299405120355,0.008886057197300522,0,1
-0.015013501641279084,0.008616285370138142,0,1
-0.014922309439888306,0.010932977344101518,0,1
-0.015154111143274095,0.008905866796534058,0,1
-0.013888832137074128,0.009798142885777893,0,1
-0.013908996892235358,0.009429791257619587,0,1
-0.015471020629152402,0.008818333129680762,0,1
-0.012778415930407142,0.008075445162509604,0,1
-0.012644872626514906,0.009206971989136448,0,1
-0.01314121859975725,0.00936102064350339,0,1
-0.013759727293735386,0.010929920641188527,0,1
-0.01334208018875964,0.009840926162370176,0,1
-0.015485857050280558,0.008879502935864763,0,1
-0.014652243392792502,0.009758885449108377,0,1
-0.014404814490943729,0.009936005814777122,0,1
-0.015173851285880863,0.009210780309303305,0,1
-0.015321194833266284,0.010022378063793214,0,1
-0.013354701446130143,0.009869845997486157,0,1
-0.014260832442083423,0.008563005724245747,0,1
-0.014201810333814634,0.0094815752718598,0,1
-0.014030796432223361,0.008054810430746002,0,1
-0.013154879229014127,0.00811591550299344,0,1
-0.0142462711980765,0.012189687923027024,0,1
-0.013422305856331123,0.0080872972709117,0,1
-0.014139286197610049,0.010145148666560052,0,1
-0.01667270035700296,0.008591588623176698,0,1
-0.01379873396487875,0.0093273071714384,0,1
-0.014326456887162465,0.010689289260985023,0,1
-0.01400612166695121,0.01042830804762725,0,1
-0.013454928955877642,0.008893100709042454,0,1
-0.014255931614026862,0.009446384695751186,0,1
-0.01358249671318726,0.00917284766425044,0,1
-0.014336924794414943,0.010353269708463625,0,1
-0.014662331252896526,0.009365949539832377,0,1
-0.017420661693955026,0.008234102360331232,0,1
-0.014646357725159442,0.00961080287798006,0,1
-0.013655510929376044,0.0094456243383513,0,1
-0.014436176503951187,0.010005018906295302,0,1
-0.01457158621837804,0.010074071313662352,0,1
-0.012573806157787333,0.008129600944593189,0,1
-0.01443661845531296,0.00967221344931025,0,1
-0.014092233604420946,0.0110133305114684,0,1
-0.014966630852834261,0.009817140622483468,0,1
-0.012776894730827772,0.007161102870618727,0,1
-0.015892742326260374,0.010003304170648143,0,1
-0.014090647805838314,0.010139328886419125,0,1
-0.014063478428167818,0.00678192512023251,0,1
-0.012836294293217816,0.0065545219726074475,0,1
-0.012647749149360421,0.006172459479173142,0,1
-0.012962697151401819,0.00717334701013756,0,1
-0.011175512841037067,0.0048668247691310545,0,1
-0.011245286175053189,0.008755073622543179,0,1
-0.014052728844367288,0.006597451310758198,0,1
-0.010842231816469367,0.004024289885074509,0,1
-0.01197025585182824,0.005220443971974078,0,1
-0.012049378887035675,0.004682726754810923,0,1
-0.012013006308690009,0.0035933256299187167,0,1
-0.01065070275309048,0.0053118898532919885,0,1
-0.010571735058831981,0.0049578448437232175,0,1
-0.011290316069333471,0.0025955106760837013,0,1
-0.010622312599843637,0.00396138633188327,0,1
-0.012349279143280982,0.003925817210531032,0,1
-0.011082308591282236,0.0034261850198638224,0,1
-0.0138267889661474,0.0064372766569926075,0,1
-0.012888600674835902,0.007323613812839641,0,1
-0.011599458762213945,0.005566287144148663,0,1
-0.01515868524029743,0.006881667710649257,0,1
-0.013372509724643114,0.007229626804527916,0,1
-0.012098302718032345,0.004182164199283423,0,1
-0.011225826552318866,0.00532015105337363,0,1
-0.012015902894365084,0.005285786334773022,0,1
-0.015078453090072821,0.004915508859379001,0,1
-0.01253227049314958,0.004931233809729311,0,1
-0.01144120070705334,0.004725886329487129,0,1
-0.010819143673242321,0.004864478051244209,0,1
-0.012722903839760843,0.0038804796774615903,0,1
-0.008662105032116497,0.004073731333077668,0,1
-0.010318622554306768,0.00446521958913677,0,1
-0.012755222131423799,0.003819891465447874,0,1
-0.012966939206937464,0.006563605103907892,0,1
-0.013355547112713863,0.005587727391170617,0,1
-0.011042905592069422,0.0038613305605744164,0,1
-0.014040140833856444,0.005412853817732034,0,1
-0.01311546360408176,0.006247327927911335,0,1
-0.011631893996054212,0.005462050625042947,0,1
-0.012434228239793328,0.00516151937003168,0,1
-0.011274406680378253,0.004761544547984287,0,1
-0.011451883943676201,0.006070207674895861,0,1
-0.011898701787758651,0.005662984460172231,0,1
-0.011711163684200434,0.005249181628376824,0,1
-0.01223489717811563,0.004270860841504071,0,1
-0.010835632295904833,0.001864630475130212,0,1
-0.01296717974987124,0.0033751797467422334,0,1
-0.011434104179900456,0.0064262426010123315,0,1
-0.010639688143973165,0.0033221774911413506,0,1
-0.013928739397613986,0.005265657794115321,0,1
-0.011838630701344149,0.0063238421654491,0,1
-0.014095359406374307,0.005759572093380627,0,1
-0.012818926579421132,0.005479136319573628,0,1
-0.012739499667274917,0.005582408705547016,0,1
-0.011282142657132349,0.005144411688350451,0,1
-0.01263629840747126,0.0052517491077065945,0,1
-0.01154293683665709,0.0052474496102162356,0,1
-0.0119681676642479,0.005066767338242229,0,1
-0.01199304305778919,0.004798229038090577,0,1
-0.011261766679133709,0.0032936352842147286,0,1
-0.011950429655821491,0.0034599416377792632,0,1
-0.011134574841344017,0.004617133553213839,0,1
-0.011916084154763511,0.004055603583441684,0,1
-0.011620052745963106,0.004302831137055081,0,1
-0.012906634903673234,0.00700450165308024,0,1
-0.013654532293586492,0.005727308588011485,0,1
-0.013800609338212028,0.005358198373599,0,1
-0.012495388473262202,0.0061112803603792995,0,1
-0.01254067822476937,0.005905985971621616,0,1
-0.013320237153583672,0.005587487863818525,0,1
-0.01373450855630096,0.004781019716381246,0,1
-0.011959326579363161,0.00496796315729779,0,1
-0.012758747294271473,0.005088283769045001,0,1
-0.013591672120084275,0.004899567248573723,0,1
-0.012226327696648828,0.00433470260126692,0,1
-0.012706751563325267,0.004762589444626254,0,1
-0.01211948159094104,0.005837286915609908,0,1
-0.00814233770772508,0.003143206937274676,0,1
-0.011709007980292861,0.0031216886286549853,0,1
-0.013288249737388144,0.0063235846082102,0,1
-0.013667274135092004,0.0060751717169056745,0,1
-0.01214043249160715,0.0064008178161835605,0,1
-0.011440840545504868,0.006476487731725961,0,1
-0.01130105906170197,0.006245971867037578,0,1
-0.011453155943499375,0.007090894774002696,0,1
-0.011827841611795216,0.005069614854728104,0,1
-0.012412957699856423,0.003669065602813689,0,1
-0.011879028231291645,0.0067985543185860855,0,1
-0.011841727475760108,0.004964064065803617,0,1
-0.012315361858053932,0.004346456526443778,0,1
-0.01104865766922539,0.004436918704230063,0,1
-0.012604073114809025,0.0035579526744395976,0,1
-0.011605320610518357,0.0021849036446264696,0,1
-0.013322122320985575,0.006290603973408223,0,1
-0.013015918821814767,0.007667179514781436,0,1
-0.013619623650946973,0.006139698220767565,0,1
-0.012360127271744079,0.005821929854819175,0,1
-0.013375590447521435,0.004111413870035991,0,1
-0.012879617234422804,0.0051975894252415285,0,1
-0.013083174543588922,0.004671087120988459,0,1
-0.01154415561296412,0.004698468516058684,0,1
-0.012231406038767573,0.004654823044749625,0,1
-0.01202561126971527,0.004400060039699199,0,1
-0.011631854043565973,0.005556219391918956,0,1
-0.013105542978654397,0.004900498778190573,0,1
-0.01167182113577007,0.0031420821838871547,0,1
-0.013461011767149353,0.004867582602061458,0,1
-0.012897675414631486,0.005059349318529313,0,1
-0.012949929684503108,0.005929939880101235,0,1
-0.013972565819553764,0.005516884914335603,0,1
-0.013028764015896886,0.004631893638732669,0,1
-0.009645830867274417,0.004246164143378281,0,1
-0.01163560957595576,0.004983126416969888,0,1
-0.011924569247532182,0.004433801179696661,0,1
-0.012313810028844347,0.004470767187332793,0,1
-0.012285188848367429,0.004247338484677922,0,1
-0.012442429334137728,0.004187384513153394,0,1
-0.011942390393595098,0.003899092855386805,0,1
-0.012435491885474758,0.004708274995877211,0,1
-0.011874008667806918,0.008159223189067522,0,1
-0.013442748473907865,0.005857143522366776,0,1
-0.01325127965659644,0.005728266954051733,0,1
-0.01292869002764966,0.005402911095152547,0,1
-0.01294426408326296,0.005590967193510996,0,1
-0.012682396847750386,0.006687719287708369,0,1
-0.01276798024697081,0.0037530340935152213,0,1
-0.013166177697374826,0.005367577182156804,0,1
-0.013499103205462647,0.005225116831282154,0,1
-0.01217336436708963,0.005043726296412213,0,1
-0.013679856978792758,0.004898418906268622,0,1
-0.013017296987231992,0.004878080334141528,0,1
-0.012453563565080492,0.002267068525517813,0,1
-0.012696269567595554,0.006579388698637206,0,1
-0.012353435817771577,0.005687269539564398,0,1
-0.014571216392204843,0.006067013015397882,0,1
-0.01319626810277437,0.007134999641727086,0,1
-0.016222382767457005,0.006545356957211323,0,1
-0.01302471476556842,0.004845879172901318,0,1
-0.012963557344622902,0.005002671759188659,0,1
-0.016344319605049753,0.00576781019374538,0,1
-0.01347179636547849,0.005396600156850015,0,1
-0.012548103932554367,0.004256762468018081,0,1
-0.01218064450188072,0.0036643376412838122,0,1
-0.012184835486817355,0.003837562311159284,0,1
-0.015388585613549098,0.006654784886835264,0,1
-0.013443181228862913,0.006358724546369624,0,1
-0.015308385630659404,0.006429031564955,0,1
-0.013874394636233987,0.006811759779278717,0,1
-0.014502032659406906,0.006593107049071869,0,1
-0.012932840089793243,0.005078040189583287,0,1
-0.013524151059847882,0.004455774958333726,0,1
-0.013359329435500859,0.005438787787904591,0,1
-0.012726485231254824,0.005285019322776653,0,1
-0.01207733016953393,0.004336248284006705,0,1
-0.012570892399930833,0.004024040223347241,0,1
-0.012370952556086936,0.003326143562781377,0,1
-0.014467914768133111,0.006028294710357102,0,1
-0.012266298568545385,0.005173984891232516,0,1
-0.012495126890073406,0.004641908607101735,0,1
-0.013742931467018375,0.006414908369072087,0,1
-0.013259833368178134,0.005018872349550626,0,1
-0.012711666303377667,0.0045994646396305535,0,1
-0.010634561685149141,0.006564499544181371,0,1
-0.013319259069103577,0.0042455474450268284,0,1
-0.012922870811522892,0.004001689465539325,0,1
-0.012969071559742229,0.0035811046055958524,0,1
-0.012582602852381596,0.004037156349254099,0,1
-0.012985299483478596,0.006420585702289023,0,1
-0.01395207035981614,0.005360418050200274,0,1
-0.013586720900813528,0.005581691030570051,0,1
-0.015857808579556872,0.004874377239108282,0,1
-0.012982432904211283,0.005181142027685365,0,1
-0.01046052272091779,0.004457451660108919,0,1
-0.011612695166514244,0.007372176639809905,0,1
-0.013075512785264464,0.0045114406946045954,0,1
-0.012622202483382128,0.005677005203642666,0,1
-0.009816987751458613,0.0049028739331544976,0,1
-0.014433901562734273,0.004790778677215563,0,1
-0.014635437205092333,0.006591388093014496,0,1
-0.013852543028985394,0.006500554950896195,0,1
-0.013327302485755598,0.0051636354578233085,0,1
-0.013068567551414008,0.005787701919407682,0,1
-0.013245043546394736,0.005255098902405194,0,1
-0.012442111852769668,0.0035716154292472846,0,1
-0.01284342854999742,0.003932668669441648,0,1
-0.012492352003452275,0.004663040285109579,0,1
-0.012633139607949546,0.003360084116999048,0,1
-0.0117524828193781,0.003929252226609078,0,1
-0.013974572894850872,0.0045644537268808875,0,1
-0.014145743274538483,0.0057035380250065465,0,1
-0.012838019134087787,0.0049812826673430255,0,1
-0.01274099323993537,0.004663530108059862,0,1
-0.013335871412669273,0.00460475852134466,0,1
-0.012830589217234333,0.004172955129609354,0,1
-0.013276562386511233,0.003942161281359572,0,1
-0.012222301539438662,0.003546453217819125,0,1
-0.012512653937539347,0.0034127106157298974,0,1
-0.013625223054267914,0.005236529865058703,0,1
-0.014075411443142102,0.005266846015187589,0,1
-0.01109302003611676,0.0037701841605954417,0,1
-0.013047822033245518,0.00516452831261262,0,1
-0.013333199378865058,0.004925381812250707,0,1
-0.01311021614886773,0.005382687395355925,0,1
-0.013034297197177067,0.005203527590257094,0,1
-0.009861439080510043,0.004207237650205422,0,1
-0.012861989889125312,0.004312832824930093,0,1
-0.015217301459278678,0.0055519412101415686,0,1
-0.01589624223707329,0.005101241869409372,0,1
-0.01283767417991767,0.004469836788705394,0,1
-0.012122591264044224,0.0038613699197428196,0,1
-0.01207569631307304,0.0054508921922381956,0,1
-0.013678856657118932,0.0049815192348699475,0,1
-0.013292946658488463,0.004094595351154522,0,1
-0.014229697741136268,0.005686741163160271,0,1
-0.014328523576917515,0.001318721745059052,0,1
-0.012791842871658554,0.006215635475497255,0,1
-0.014526080297835964,0.00423662001106358,0,1
-0.013595564317532685,0.005056201139388121,0,1
-0.013765001859337794,0.004752796782629067,0,1
-0.012180507744486264,0.005420331353816253,0,1
-0.012481307479774191,0.005390482211442067,0,1
-0.012317770105862044,0.00451527977132566,0,1
-0.012981257037686211,0.004301519835276876,0,1
-0.013398822416828604,0.007183093924759219,0,1
-0.013207776355519693,0.007234913985863768,0,1
-0.013686072949010579,0.004704600382031271,0,1
-0.014451717291866943,0.0052579637259527095,0,1
-0.01361441998119919,0.00515706795426966,0,1
-0.013982019242251967,0.005372614567720772,0,1
-0.0128298578009907,0.0037408781835660647,0,1
-0.012716595462265329,0.0034585577337202535,0,1
-0.01358798854815541,0.00765487282834323,0,1
-0.012687246282039379,0.005561950143968572,0,1
-0.013066527572921371,0.004713682279668237,0,1
-0.012548343320332677,0.00488944724329352,0,1
-0.014228217480661092,0.003982748799069872,0,1
-0.013630353556037098,0.004664229431152581,0,1
-0.015306239069994702,0.0065380728934934336,0,1
-0.014221435250083042,0.005754401803282039,0,1
-0.012753454234936725,0.004171934573114314,0,1
-0.014119760456013106,0.004694400774659558,0,1
-0.013530297778178902,0.003724832541149392,0,1
-0.013398976377026417,0.0036872931855076933,0,1
-0.013147853089336563,0.002515038447671556,0,1
-0.015481108241132906,0.004791380949949044,0,1
-0.014648302659970212,0.006604621433822033,0,1
-0.014407124972164832,0.005589312830631279,0,1
-0.015366483660690641,0.004673655888453203,0,1
-0.014049008371979173,0.006249006759893619,0,1
-0.013763582117607904,0.005657669821344986,0,1
-0.01335841597208921,0.0041621457584537155,0,1
-0.013683187769872327,0.004139356922905457,0,1
-0.01321442794504588,0.00603106003906388,0,1
-0.014282385868420793,0.0043750396095604055,0,1
-0.01376754492836677,0.004676926102562656,0,1
-0.015773883442773404,0.004781757265570423,0,1
-0.012585551371573881,0.0042153133834728984,0,1
-0.01334351158866572,0.005132884447465635,0,1
-0.013976473225950393,0.004702665759901739,0,1
-0.014017342912978951,0.004665581234424217,0,1
-0.013989414709540739,0.005369339042860128,0,1
-0.013652560933571164,0.004132856183621954,0,1
-0.014872423025892,0.0029068142460229734,0,1
-0.014480855651528974,0.00435254259359746,0,1
-0.014315168674477264,0.005244716836329607,0,1
-0.014020052683044125,0.005483598469544803,0,1
-0.014032054054529793,0.005323786278692849,0,1
-0.013821226901917248,0.004115721248552958,0,1
-0.01426115577972977,0.0057609223882159315,0,1
-0.016243818050151047,0.0019290059912420165,0,1
-0.013748653841976308,0.004258591404286237,0,1
-0.013629591565542139,0.0026284629607246828,0,1
-0.014830204761147787,0.004553973209109778,0,1
-0.01431392664096662,0.004886326646073451,0,1
-0.013925906590287307,0.0039032031766496,0,1
-0.013890494376267222,0.005581911474814922,0,1
-0.015246265315353285,0.004729133793239959,0,1
-0.013149398911949715,0.00591146658049776,0,1
-0.014540219413475965,0.004400822031130101,0,1
-0.014981013873683672,0.005533825718125523,0,1
-0.014132496424155823,0.0051131939259603555,0,1
-0.013949954826184715,0.005583391589361083,0,1
-0.01580553764690891,0.005608985084019597,0,1
-0.014858861989747544,0.0046307893882751045,0,1
-0.014000752660359843,0.0034720557411840637,0,1
-0.013944224492984244,0.006934608368677999,0,1
-0.014484041776638732,0.00664908880035177,0,1
-0.014781886467881153,0.0050453728007542635,0,1
-0.01557612583454582,0.0018325642606207982,0,1
-0.01367366596605985,0.0051334214102025195,0,1
-0.014463090528612062,0.006140833897468121,0,1
-0.014852518690181707,0.007262587619504276,0,1
-0.01410003355371615,0.004122216117652335,0,1
-0.013170851739618265,0.0038109431920100717,0,1
-0.014118665855590639,0.004807926718263866,0,1
-0.012107503896654057,0.0014020044298848294,0,1
-0.013853965751538336,0.003402077169969054,0,1
-0.011026987772249433,0.00438965068866161,0,1
-0.011038440482017563,0.0023416180198572428,0,1
-0.01161223320688774,0.004178485794110795,0,1
-0.011309754869714753,0.0037349348733187525,0,1
-0.01092382674557591,0.0039025665240790086,0,1
-0.010473812879107137,0.00370993448472704,0,1
-0.014662925414917809,0.004816637090837429,0,1
-0.015123027425973028,0.002766688331734398,0,1
-0.01474751664029962,0.004783593367260015,0,1
-0.014369148325230886,0.004269479165394734,0,1
-0.013823742957138233,0.004185174673582683,0,1
-0.012502020122831001,0.003983051932379816,0,1
-0.014091159949988148,0.002952155591744708,0,1
-0.013991024780288396,0.0034112991359367428,0,1
-0.011133357594202021,0.005071450347990885,0,1
-0.013018952731901392,0.003607265106279504,0,1
-0.010947225552813451,0.004101119909523561,0,1
-0.01173484553404197,0.0030847787177821664,0,1
-0.012664259275858989,0.0033621613571025986,0,1
-0.011895302646309358,0.003201412356305282,0,1
-0.01240159823122981,0.003934597614835863,0,1
-0.014874698284734165,0.004358191960518211,0,1
-0.01456397548742129,0.0043292414113732585,0,1
-0.014738866182200895,0.003425797566402853,0,1
-0.014621437713324534,0.004256252625065211,0,1
-0.013172153755180872,0.0047054131968240175,0,1
-0.013280839409582672,0.0048484645599848495,0,1
-0.012917039857741907,0.0042930716621088,0,1
-0.012975810082590614,0.0036780533912121115,0,1
-0.012657535718204214,0.003928486441125381,0,1
-0.014371074931599847,0.003895338907542912,0,1
-0.010848221229547834,0.0060714707717435265,0,1
-0.010607285815750187,0.004936127083837706,0,1
-0.01119155170958804,0.002224063095379636,0,1
-0.011440438244841278,0.004763792203561913,0,1
-0.011078066504154925,0.0038618954405729797,0,1
-0.010946368409087194,0.0022078525120311954,0,1
-0.01445621550151518,0.004603679262132976,0,1
-0.01393173915579697,0.004492817184178618,0,1
-0.012040101352960282,0.0036003392975060577,0,1
-0.014532735836297113,0.0037697309804749454,0,1
-0.013549250234939629,0.003147088324166831,0,1
-0.012781270211365896,0.004269581622891247,0,1
-0.013338175351219783,0.004111565615350845,0,1
-0.01363916709171734,0.004147101938857052,0,1
-0.012119819211216732,0.004253905628230145,0,1
-0.012510695771390575,0.0036889956668791353,0,1
-0.012308196217525,0.003747830885007958,0,1
-0.01201833947190287,0.004062034763839732,0,1
-0.009902658643184058,0.004169102358951978,0,1
-0.01335097986661982,0.002319994162327914,0,1
-0.010702684174572773,0.0030207462199641965,0,1
-0.013883292593223106,0.0033277585332013083,0,1
-0.015307914906761016,0.0032970454388015088,0,1
-0.014969859740576784,0.003391719536757859,0,1
-0.013837044296047481,0.0035372832314871706,0,1
-0.013693327826804855,0.0038040020638269653,0,1
-0.015291553442825206,0.004946357034801263,0,1
-0.011932714771079104,0.004431615486493569,0,1
-0.013509585407018092,0.0037002235104306447,0,1
-0.011287149038496484,0.003915056615949678,0,1
-0.012485299263817,0.0033092857963272393,0,1
-0.012098930566631364,0.0031553179517611243,0,1
-0.011233066762510147,0.0038878559160281582,0,1
-0.010249879769922464,6.672233581721582E-4,0,1
-0.012164892164315941,0.003640652926155464,0,1
-0.013630929028667308,0.004568681872486,0,1
-0.01570423040353709,0.004250682430153677,0,1
-0.014331096520005207,0.004056985207579052,0,1
-0.013409939637090076,0.004821989012603527,0,1
-0.010656106044788657,0.00392780646194984,0,1
-0.01367363771129332,0.003868205848154461,0,1
-0.013781516653185548,0.0039061305760042975,0,1
-0.01168196213101613,0.007151520291146637,0,1
-0.012527299444642714,0.00460809452195529,0,1
-0.011761474803610516,0.0012158391179023528,0,1
-0.01288160548517756,0.0035090666918972026,0,1
-0.010236088460566792,0.005672381415734577,0,1
-0.011834658571766897,0.0033160515435107507,0,1
-0.010770743134422644,0.0032388025671806673,0,1
-0.015711549250424835,0.003546427347282805,0,1
-0.014434180941313093,0.003897253739339514,0,1
-0.014842992382538882,0.003461207696983036,0,1
-0.01705030474831777,0.005368271194767103,0,1
-0.013911265072732062,0.003796509077425337,0,1
-0.014057806916580888,0.0034032508380663798,0,1
-0.013571741633897383,0.004503768905145345,0,1
-0.01098328982502128,0.006776188139830082,0,1
-0.013219622717150499,0.0038653718873450215,0,1
-0.01303841870617715,0.003329331606767824,0,1
-0.012470118022910074,0.0034265225436209907,0,1
-0.011213492112219031,0.0029703638656484103,0,1
-0.011842462168016585,0.0032684316801077614,0,1
-0.011361358275479242,0.0032491713857690503,0,1
-0.014506855350645977,0.004565650573500216,0,1
-0.01548132609915537,0.004382021788091221,0,1
-0.015266734347082284,0.00468241076071285,0,1
-0.012425383825309307,0.003005964928000815,0,1
-0.014311881310780736,0.002823585158913087,0,1
-0.013098441051566465,0.0030815275496691888,0,1
-0.014011548878420996,0.006159957367613748,0,1
-0.015282739271891754,0.002325831750777643,0,1
-0.013705135771847904,0.002780310595186805,0,1
-0.011675248432890879,0.003777575267555011,0,1
-0.01165391925897069,0.0027370836724054173,0,1
-0.010580173889482519,0.0018248592850756112,0,1
-0.014119880467023626,0.00471986188243431,0,1
-0.014372274745759897,0.003415737001098009,0,1
-0.017258408409680633,0.0033057715891102015,0,1
-0.015050839746938794,9.942859643138778E-4,0,1
-0.013915378290319674,0.003461383516627167,0,1
-0.014174479947298835,0.003973684130252668,0,1
-0.012519842469420237,0.003722123960590732,0,1
-0.012787367245372825,0.0042404016663972165,0,1
-0.013056505974912981,0.0029729653785025953,0,1
-0.012745973921137374,0.003411724538242645,0,1
-0.012859862661779799,0.0027128734516610495,0,1
-0.012717212982842497,0.004268904209273473,0,1
-0.012490023057231861,0.0030576769217433844,0,1
-0.01724869961070255,0.0032978390844120727,0,1
-0.013746353207206265,0.004528428042092916,0,1
-0.014542538157123752,0.0034923874157773353,0,1
-0.013470627782048598,0.0033526058194865388,0,1
-0.013914746100194128,0.0037645309997632746,0,1
-0.014358204849467829,0.003973704448761414,0,1
-0.013782323570073054,0.0042105341993534,0,1
-0.014127142305890291,0.004370211217466569,0,1
-0.012793238409735806,0.0036478195179519726,0,1
-0.01300475579905879,0.003930130925149097,0,1
-0.011843280619104052,0.00466365546294915,0,1
-0.012248007323313253,0.0017161141734408926,0,1
-0.016943387313667107,0.0033387917058905945,0,1
-0.015491939225935175,0.003830908859477241,0,1
-0.015187847894554348,0.0064775473402228795,0,1
-0.014297549845065535,0.002887278499521267,0,1
-0.014459281470062294,0.0034704427870902816,0,1
-0.013707674291530608,0.0034479723634305115,0,1
-0.0132712985950494,0.003236370018689929,0,1
-0.01357806454988233,0.0010515169483127451,0,1
-0.013630149414526985,0.0036571425470212217,0,1
-0.012276023212816109,0.004850139881692749,0,1
-0.012814339007419852,0.0013968607740385823,0,1
-0.012349484343374456,0.002495895576950011,0,1
-0.0170393737433904,0.004048155931666742,0,1
-0.014431900329284503,0.00273423955208932,0,1
-0.01568378725338817,0.006277161499677952,0,1
-0.01414267771164712,0.003396327636237062,0,1
-0.017071201094970876,0.004145442007109115,0,1
-0.01317037681285117,0.0029230869156505455,0,1
-0.013263491994868055,0.003262184631993924,0,1
-0.013421201314070602,0.0021600435103709564,0,1
-0.013551206720739428,-1.0508605531645765E-4,0,1
-0.013039378643158175,0.004183272859337313,0,1
-0.013307021381804967,0.003563961340720557,0,1
-0.012208924490468542,7.177873804163318E-4,0,1
-0.017297747457718907,0.0027704246671507384,0,1
-0.011912301302154652,0.003317678400531529,0,1
-0.014120173128718822,0.0031349857668136723,0,1
-0.013656798463159465,0.0047867769739306796,0,1
-0.012093793983717219,0.0036682119859858973,0,1
-0.013154478972251143,0.0032601887086192885,0,1
-0.013077762872614022,0.0028752956467782264,0,1
-0.011880732581410092,0.002274997015528323,0,1
-0.010605033823190014,0.002080602109560108,0,1
-0.012400909777100302,0.001793522912020597,0,1
-0.014512881873851885,0.003403926077228359,0,1
-0.014725146751070648,0.001290730964615083,0,1
-0.014194472899546836,0.003260049800795215,0,1
-0.012643041770888876,0.003947023349695343,0,1
-0.012904649254721571,0.0035717187778549087,0,1
-0.013360382770422634,0.002168185868364936,0,1
-0.014038998229622606,0.001886217446815203,0,1
-0.01376017376506254,0.002969086131607507,0,1
-0.012806708138659521,0.0011850202979858898,0,1
-0.01142675095778452,0.003091837181855425,0,1
-0.014625752795552465,0.0032023071699411867,0,1
-0.013891174592524154,0.0037289560264640084,0,1
-0.014457549178714958,0.0029091578916740275,0,1
-0.014298215258338185,0.003558112051272708,0,1
-0.012998834045162751,0.002618038387169981,0,1
-0.013686777775080936,0.0020788291680173604,0,1
-0.010121431950580878,0.001705993301972233,0,1
-0.01345597424147306,0.0019163095646371332,0,1
-0.012822595960536013,0.002634008400847989,0,1
-0.011188347670662959,0.003072427952400002,0,1
-0.014847169201630709,0.0026596637890196105,0,1
-0.015791587704463154,0.0030703252167670375,0,1
-0.014315998769443498,0.002871802514603228,0,1
-0.0152843883989422,0.002238662083333149,0,1
-0.01307520473094699,0.0035093583564280704,0,1
-0.01346942826126515,0.003360771174302157,0,1
-0.014817252017121061,-3.704011107401478E-4,0,1
-0.012183463506046308,0.001645983442985805,0,1
-0.013441296651864571,0.002102925689054308,0,1
-0.012715886607635531,0.0015610448282240015,0,1
-0.014685000634966553,0.0027764346317527334,0,1
-0.01391434586897375,0.003145345419510309,0,1
-0.016383226521503057,0.0018690352710058046,0,1
-0.01233287159895423,0.002437853986817683,0,1
-0.012586896462713187,0.0036778709356889844,0,1
-0.01347766535122888,0.0034667452970210226,0,1
-0.012252636014134805,0.0047578177125056475,0,1
-0.011417041956981622,0.003465157825013749,0,1
-0.015472428471387462,0.00271491681249929,0,1
-0.014171805387046875,0.002787940139786568,0,1
-0.013994364800952213,0.002883874601176591,0,1
-0.014121021655203436,0.003036120353197707,0,1
-0.013580939237857415,0.0028380384263165426,0,1
-0.015304040279218825,0.004404629012834596,0,1
-0.01319103141978701,0.00113356147847687,0,1
-0.013030846527178076,0.002303908584203335,0,1
-0.01319914962514304,0.002659145449852867,0,1
-0.013861587501849374,0.004230369886160888,0,1
-0.01433905981806572,0.002792746195430358,0,1
-0.013704285253465915,0.003208099262287145,0,1
-0.014503905771109923,0.001067864101157799,0,1
-0.014531644643872818,0.0038504556579356474,0,1
-0.013135643418934962,0.0032834149105055318,0,1
-0.013275989674464767,0.0015353899993514931,0,1
-0.012526275910734398,0.0010800279094632065,0,1
-0.013726036143627825,0.002531840956087297,0,1
-0.014776970202394357,-2.9219710316128264E-4,0,1
-0.013733738212592645,0.002767060882621263,0,1
-0.014413405227374642,9.83532087756752E-4,0,1
-0.013626989898965039,0.0024737224868198616,0,1
-0.013338042456120741,0.0022934076865242766,0,1
-0.01284920736450425,0.0026869401260990458,0,1
-0.014425436744321203,0.0030723184955864648,0,1
-0.015117066663266513,0.002344634334747068,0,1
-0.012666456285455442,0.0028049529399568124,0,1
-0.01562106611973795,-5.129147060142994E-4,0,1
-0.012680987733577757,-1.5940986878536494E-4,0,1
-0.01212874102759088,0.004631514812780339,0,1
-0.013173657064328641,0.0024902727475621545,0,1
-0.01681672991861294,-6.725789274969573E-4,0,1
-0.015146262888174724,0.0030673993139816794,0,1
-0.013809617312661632,0.0015343106310723325,0,1
-0.013999807596068108,0.0013946425922324612,0,1
-0.014739003398714942,0.005521108892374787,0,1
-0.011786932936794788,0.005259780276429894,0,1
-0.014164558524780671,0.0020906760240625923,0,1
-0.01574256134273664,0.0029528034834127325,0,1
-0.0161616918430435,0.0012551870515716595,0,1
-0.01357722488234989,0.004050162171010007,0,1
-0.016102972192133493,0.004055769398373503,0,1
-0.01622626489941171,0.002775684811002531,0,1
-0.012403989589338475,0.0031795873720436994,0,1
-0.014544985870457711,0.002721270466150006,0,1
-0.014644972922906582,0.002398765030501118,0,1
-0.014045869386429785,0.002481504294731445,0,1
-0.012347498827284394,-4.982952263291022E-4,0,1
-0.013149636207432086,0.003214218348474677,0,1
-0.013804578358633844,0.0020983230715401085,0,1
-0.014628428368681825,0.0019786643678187895,0,1
-0.01464558655852538,4.6890655488808367E-4,0,1
-0.01403561020659693,0.002343408783099398,0,1
-0.014021441179199963,0.004728069390691121,0,1
-0.012270072646802785,0.0027632063495479347,0,1
-0.014499017891455199,0.002277209295395852,0,1
-0.01686581583229119,2.202986979835613E-4,0,1
-0.01367090990256269,0.0011236034109854173,0,1
-0.014688587845432088,6.654462799041723E-4,0,1
-0.013289666164727088,0.001197340288590732,0,1
-0.015298545512849124,0.0024439111894007707,0,1
-0.013450503786568608,0.0032169896823025486,0,1
-0.013945351588605492,0.0018680053730345686,0,1
-0.013634215558870696,0.002150847145330415,0,1
-0.014485110852180365,0.0016759677500179167,0,1
-0.014289095683677505,0.001930264685881025,0,1
-0.01395103947885673,0.001914506057679363,0,1
-0.014399149936972678,0.0012165362965664158,0,1
-0.016035023383085864,0.0030376441157703602,0,1
-0.015429591209647287,0.0015486708766434892,0,1
-0.01555963682950074,0.001114175635296614,0,1
-0.01509873234328884,0.0012515959939737296,0,1
-0.014491194897363998,0.0020553894006893536,0,1
-0.015885551270156027,0.004714732248355862,0,1
-0.014133325406790543,0.002189973912102944,0,1
-0.01454396636368247,0.001885239297292935,0,1
-0.015404206800196737,0.0014780072225197812,0,1
-0.015505764123256592,0.002042264517371612,0,1
-0.014568358556820298,0.0018274638159789377,0,1
-0.015235741399039555,0.003764628192806929,0,1
-0.013411334797031388,0.0013050376900816977,0,1
-0.013781405392191293,0.001511513447663425,0,1
-0.01531179305986067,-0.001507707852082592,0,1
-0.015139289805167556,2.606868058637506E-4,0,1
-0.014939437713490735,-0.002072691650610409,0,1
-0.01548842848088153,-5.450220271646982E-4,0,1
-0.014011170184093145,-8.54100638307272E-4,0,1
-0.015110162457016067,-4.6709345302348707E-4,0,1
-0.014800507745726632,0.0010104678379214828,0,1
-0.014915585472272735,5.980058958526072E-4,0,1
-0.014988654657169856,2.853444429182419E-4,0,1
-0.012884332363571359,0.001798473707101805,0,1
-0.014935263435095611,4.767062657198583E-4,0,1
-0.01582109899273479,3.1940734137151993E-4,0,1
-0.014853079787668364,0.0012220669146726776,0,1
-0.01581103063156747,-7.052041986628805E-4,0,1
-0.014459699657300032,0.0020085034993988535,0,1
-0.013311627119142612,2.930342677181119E-4,0,1
-0.015051755136902354,-0.00171376748145066,0,1
-0.014407018564472122,7.906145773394428E-4,0,1
-0.01538729223527186,-6.937991614844182E-4,0,1
-0.015617169936228576,-3.880282617482418E-4,0,1
-0.014174523046647809,-0.004787841649141866,0,1
-0.014959313127953339,-5.64442067847697E-4,0,1
-0.014624901575669064,-8.635718977979542E-4,0,1
-0.016379239829515804,6.736170271348361E-4,0,1
-0.014083547079533038,-0.0010060491005061023,0,1
-0.014686090256584643,8.077941090336645E-4,0,1
-0.015027202158616708,6.762063698701441E-4,0,1
-0.014789054801286478,-0.0010968219376772297,0,1
-0.013721318392194697,0.0010639404506686846,0,1
-0.012377113933321138,0.0031806502279917493,0,1
-0.014431118085236398,0.0015881655935863176,0,1
-0.014362098796556753,-0.0012659400856915967,0,1
-0.01545984776166841,-0.0023979562819032496,0,1
-0.014714095887091924,-0.001445255689169771,0,1
-0.015208142632405788,-0.001172545642612899,0,1
-0.015390310300660463,-2.5679396123212705E-5,0,1
-0.016846831756332097,-0.0038020640822420803,0,1
-0.013886512991988115,3.9130584602165724E-4,0,1
-0.015131698484349492,-1.5570583250056E-4,0,1
-0.011354676595965636,0.002085411181261759,0,1
-0.014911848166472466,0.0010613421644936423,0,1
-0.014089381505686413,1.477904919319882E-4,0,1
-0.013345495110750841,-0.0016328773898146064,0,1
-0.015343583741183777,8.970692560324992E-6,0,1
-0.015145360660484575,0.0011013950039102471,0,1
-0.016297627813001384,-0.0025350254265231764,0,1
-0.014029608214558485,-1.118253034503825E-4,0,1
-0.015827154953059763,-0.0012290596791565728,0,1
-0.014394805202791542,-0.0014323786804546488,0,1
-0.015255618776216243,-1.9291675689093375E-4,0,1
-0.016602989352540412,1.2016610448411488E-4,0,1
-0.014656000525648147,0.0011275292436297027,0,1
-0.01430073539212117,2.6622422944965683E-4,0,1
-0.016318181569482896,1.9779131192408926E-4,0,1
-0.014560420059815551,7.03955725988825E-4,0,1
-0.013343386405783836,-0.001119087303681964,0,1
-0.014610024750853774,0.00145265289035352,0,1
-0.01641364052083305,0.0034593584835389186,0,1
-0.014170282746973935,0.001231743638906074,0,1
-0.014389329755619377,-0.0013410605131036063,0,1
-0.014929497416649872,-0.0011014312739410252,0,1
-0.015012906207756102,-8.023875381275305E-4,0,1
-0.01436969604894546,-8.9382803797774E-4,0,1
-0.015507578441154433,4.433457635477324E-5,0,1
-0.01529319486620324,7.167796647375378E-4,0,1
-0.015679691260318308,1.7830448414082786E-4,0,1
-0.014605453538901119,-2.7472827966820474E-4,0,1
-0.014696853422154904,1.5717053621568114E-4,0,1
-0.014616252657682361,2.6542110190917777E-4,0,1
-0.015232800508035698,-0.001167116423865953,0,1
-0.015700953852833585,-4.296985400979475E-4,0,1
-0.014662408812251693,9.163276362862841E-4,0,1
-0.015838845870210488,-0.0013326496011231116,0,1
-0.014169848310976018,-0.0033517748864064873,0,1
-0.012115847193196378,-0.0011110692362932936,0,1
-0.014465495024903033,-1.639719850523963E-4,0,1
-0.01464364170387036,-7.156838544433809E-4,0,1
-0.013340111871125219,0.001402005443074448,0,1
-0.016051342043063296,-1.592771309275523E-4,0,1
-0.014540415899451889,-5.517605372005939E-4,0,1
-0.01608387627771288,-0.001417187816182658,0,1
-0.01573920290176026,7.836736197195349E-4,0,1
-0.014665502050274611,7.494684979873422E-4,0,1
-0.015185192858717219,0.0011372606845677122,0,1
-0.010864616095437077,0.002135640636611431,0,1
-0.014761376246291995,-1.371160189418069E-4,0,1
-0.013785058127621241,-0.0014129039441022838,0,1
-0.013024517522873081,-1.4525186947411802E-4,0,1
-0.014160015036180959,-0.002398995255658906,0,1
-0.014291908104296345,-0.0010074618737285186,0,1
-0.016715250240481146,-0.00334090921234771,0,1
-0.014492225167737597,-2.445654710548169E-4,0,1
-0.015408652937404389,0.0024476119573963993,0,1
-0.0141786359173653,5.901929129020913E-4,0,1
-0.013743872391593798,-4.646530123487499E-4,0,1
-0.014253110751422002,0.0036375553471476602,0,1
-0.015306798801379772,0.0018604997653643815,0,1
-0.015541236782523535,0.0027774581717027545,0,1
-0.015044519524219011,-9.019671631712987E-4,0,1
-0.01304937380247736,-0.0028388136619325157,0,1
-0.014686041376582894,-9.489713029708519E-4,0,1
-0.015753194244243048,-2.0147882319168433E-4,0,1
-0.013904759909799917,-0.0014426364091045833,0,1
-0.014686667523275755,-7.400794423419878E-4,0,1
-0.012204866698410572,-0.0015471819022040204,0,1
-0.013837335428476625,-1.0319247242333603E-4,0,1
-0.015293522560598904,-1.6209805273790194E-4,0,1
-0.014038578434783703,2.3420029862403444E-4,0,1
-0.013358382184363853,-6.074665562794248E-4,0,1
-0.014487570084200896,-0.0016505112783088778,0,1
-0.014977434586044327,-0.003126669869894308,0,1
-0.015083611435799994,-0.0014626915544012225,0,1
-0.014155860082302718,4.622668724856587E-4,0,1
-0.014652324478001374,-1.399104277817773E-4,0,1
-0.014416786112588183,-3.140302018013357E-4,0,1
-0.014663495620553803,4.320412965569447E-5,0,1
-0.01458594542439577,8.84708521462441E-4,0,1
-0.01550642867482842,0.002859625421685688,0,1
-0.013431805086592748,0.0012313611181066868,0,1
-0.016012862475006825,-0.0017313785816039113,0,1
-0.013306085220156942,5.94458079211575E-4,0,1
-0.012001374299659598,-0.0034783198949454646,0,1
-0.01594763288649316,-0.0016626497934870883,0,1
-0.014996193908880125,-0.0020726598647468303,0,1
-0.015049604627086524,8.669501068244767E-4,0,1
-0.01298046673451538,-0.001195072464952813,0,1
-0.013252679705722333,-6.14556864339891E-4,0,1
-0.014204559097890862,-2.234113617899529E-4,0,1
-0.014304084932073798,-4.439901663703151E-4,0,1
-0.014444183100569594,0.0011897825188998624,0,1
-0.01465501013624247,0.0011463485605754063,0,1
-0.014199944341999985,-1.3924583127146246E-5,0,1
-0.013890434491267489,-0.0014651585087700166,0,1
-0.014360076826668625,-8.150700107687546E-4,0,1
-0.014641876354588192,-0.002058189776528424,0,1
-0.013554360201129522,-8.430928878147622E-4,0,1
-0.013628169961489212,-2.780132452591993E-4,0,1
-0.013720765017565853,0.0014992339665170766,0,1
-0.01369992913365505,3.5264835774394287E-4,0,1
-0.013933991660855134,-2.9523180825420028E-5,0,1
-0.013500438871367117,5.131909416355687E-4,0,1
-0.014100911773155317,6.784104540056133E-4,0,1
-0.013301211563033212,4.2182309370615106E-4,0,1
-0.01335306992427746,-0.0018735616116109179,0,1
-0.014162695319864915,-9.139164296473461E-4,0,1
-0.014286125669611365,-5.18272361705607E-4,0,1
-0.016035980048394637,-0.0016433054132459733,0,1
-0.01648577069267242,-7.266006622516499E-4,0,1
-0.012805168322014476,2.6434756421698396E-4,0,1
-0.013895412936032211,-4.5838809828032416E-5,0,1
-0.013646384364913632,0.0012640980337911807,0,1
-0.013985594474083705,0.0025519883242388834,0,1
-0.013495222644511503,-0.001711182804320835,0,1
-0.014927244625135148,-0.0015102548178482363,0,1
-0.013181857763165234,-6.921495485486227E-4,0,1
-0.014769185049240605,-8.176005985876471E-4,0,1
-0.013433562375236232,2.008650249657418E-4,0,1
-0.013455624725665786,6.443381827941359E-4,0,1
-0.014779359184303644,-1.106433986865895E-4,0,1
-0.01334982949716978,-5.944539850748586E-4,0,1
-0.013564366135362367,1.5481150762302687E-4,0,1
-0.013393380785577719,4.219955175912331E-4,0,1
-0.014212429851668117,-3.5548195280927424E-4,0,1
-0.014024919560686142,-0.0010783288408335264,0,1
-0.012172219603799023,-0.0020338724135549988,0,1
-0.014367020619316325,-0.0010797813741295654,0,1
-0.013932185142565282,-5.364700552946987E-4,0,1
-0.01370745960835978,0.0010776069126727892,0,1
-0.011266439751731262,-0.001720044060637467,0,1
-0.013215100810950278,2.3653428370044266E-4,0,1
-0.012434454435479013,0.0016527592558186694,0,1
-0.014867525916016975,-0.0020162566563671114,0,1
-0.011900808198777315,5.617195314208194E-4,0,1
-0.013664552676030945,-7.680818750982683E-4,0,1
-0.013611660547055758,-6.430204472087358E-4,0,1
-0.013719087085896881,-5.249189347096493E-4,0,1
-0.013828483689570471,-5.121490113441044E-4,0,1
-0.01275125049778735,-0.0020384675935582216,0,1
-0.012499331316747143,0.002228739860755062,0,1
-0.012726210426048509,1.9776641019101862E-4,0,1
-0.01366350305429168,-2.0402125085662874E-4,0,1
-0.014472060782046877,-0.0021858027820857683,0,1
-0.013233952930245658,-0.0022945203336303356,0,1
-0.012314404694116583,3.7213686364705805E-5,0,1
-0.01424773286023054,-1.832134454382981E-4,0,1
-0.013939399043847547,5.554948797094535E-4,0,1
-0.013260139573635655,0.0017466105771703842,0,1
-0.013012217683907373,2.3075190644486376E-4,0,1
-0.014537657089481711,-0.0017082287609052928,0,1
-0.013451511119884484,-7.479963868371461E-4,0,1
-0.011864236614955385,-0.003014542615818607,0,1
-0.013685030776067166,-6.347964697801672E-4,0,1
-0.013218197999250832,4.4288418820992345E-4,0,1
-0.013826532283486202,0.0015014269460153155,0,1
-0.013725562485115451,6.935703346976087E-4,0,1
-0.013032982591301812,-0.0023437649368988735,0,1
-0.012746726747035255,-0.0014988197014828373,0,1
-0.012279580401935325,-4.4425991493730747E-4,0,1
-0.01494044033888413,-8.07009795670808E-4,0,1
-0.013120783687067532,-0.0019816951495794195,0,1
-0.013687877861097646,1.323962484223622E-4,0,1
-0.01217946163476593,0.001655880341790381,0,1
-0.012548279370181006,-0.001097197877175152,0,1
-0.01242785478804141,-6.215556798333439E-4,0,1
-0.012508151580133244,-0.0010346136693586837,0,1
-0.013250977794199434,3.227253402837987E-4,0,1
-0.012549282842837907,-3.4389683910109655E-4,0,1
-0.0130999710675494,-2.7036593745665067E-4,0,1
-0.013006203024079416,-2.2081259952167455E-4,0,1
-0.013662372867801875,0.0014905359036964196,0,1
-0.01213053293356859,-0.0015939665048171478,0,1
-0.012264731612915785,-0.004078229097003553,0,1
-0.012916891402283177,-5.12871988964491E-4,0,1
-0.012667352204992616,-9.822746165596829E-4,0,1
-0.012952726571119023,-0.0014798146698904151,0,1
-0.014233952691003015,-9.94910552278918E-4,0,1
-0.013282570735218383,0.0034079468055044,0,1
-0.013075776484375969,-9.836964588754971E-4,0,1
-0.014150459826166653,-1.7139039576695883E-5,0,1
-0.014616023325058073,1.357646302839237E-4,0,1
-0.01243518050047298,-0.0019603644639891995,0,1
-0.016841070152206206,-0.0023442631534082987,0,1
-0.01654092141107435,3.58040247690715E-4,0,1
-0.012158167059115897,4.8340930112343865E-4,0,1
-0.013673777697128209,-6.503475299383362E-4,0,1
-0.010728123108849201,-2.71300755883405E-4,0,1
-0.01287203652594827,-0.0011331275384314412,0,1
-0.01287210383495656,-7.264333260421202E-4,0,1
-0.014044577600581563,-0.001895477063097141,0,1
-0.01267913901013505,-0.0010217803959537337,0,1
-0.011679938128473105,-0.0016133944357342091,0,1
-0.013933697147921548,-6.018838807468896E-4,0,1
-0.013155803197888779,-6.416192574644111E-4,0,1
-0.012363776780715936,-5.033066637810051E-4,0,1
-0.012023533068426628,-4.641322105395868E-4,0,1
-0.012360763689812615,-8.695810282655256E-5,0,1
-0.01509413821054867,-0.00118618149171413,0,1
-0.012229047957349215,-0.0019088858856042242,0,1
-0.012588888783138956,4.5862175680263525E-5,0,1
-0.012019406697605836,-7.11005304442818E-4,0,1
-0.012813481014180315,-2.661465657620241E-4,0,1
-0.012371137876898659,-6.57545993868551E-4,0,1
-0.010476499466844069,6.763127559049764E-4,0,1
-0.013150746341360164,-0.002115634047824989,0,1
-0.013601535444828205,-2.773554098666689E-4,0,1
-0.010316633038859921,-1.1769694666722433E-4,0,1
-0.012269045704960966,-0.0011829315129833773,0,1
-0.01241743115119138,-2.0572662063057665E-4,0,1
-0.009752202761736481,-5.675869226261501E-4,0,1
-0.014739014119698563,0.0021019260352795363,0,1
-0.014756017594979149,0.002519182729493642,0,1
-0.014091000752022678,0.0018660954031209328,0,1
-0.014240011444928098,0.0014068183317783906,0,1
-0.014562792655074512,0.0015873366058083128,0,1
-0.013568388502287827,0.002002884666004254,0,1
-0.01302965674128508,0.005068073898510727,0,1
-0.012804051637043675,0.003611950281577097,0,1
-0.009834989889274538,-3.701194464064942E-5,0,1
-0.013734263633374629,-8.859755565871718E-4,0,1
-0.015922982817944478,0.003879598948828644,0,1
-0.012108660334282727,0.0025087866796533903,0,1
-0.012461829085806468,0.0026718174909798535,0,1
-0.012081671725918064,0.0028487583606205454,0,1
-0.010482767540290273,0.003900057552547638,0,1
-0.01255783072217824,0.003250115561428792,0,1
-0.011798208742711765,0.00334362943377637,0,1
-0.010243173704101823,0.005729011455192158,0,1
-0.009512144204847637,0.002821204784261308,0,1
-0.014909386192638012,0.0020525666047180482,0,1
-0.014007892337116745,0.003404699574405098,0,1
-0.014979551232420028,0.002268585314255325,0,1
-0.013845034866851619,0.0020102201279576125,0,1
-0.014312289529898653,0.0015031715209958586,0,1
-0.01241679350028756,-1.4510806911512933E-4,0,1
-0.013496813308973626,0.0031263701573223724,0,1
-0.010629489887944859,-8.831913757400334E-5,0,1
-0.015483486201846605,0.002214173754187901,0,1
-0.012635272109909093,0.0023584355343197103,0,1
-0.012449335376293039,0.0023441049442024416,0,1
-0.013139111176143596,0.002736056866523343,0,1
-0.012550458497988701,0.002252765151995676,0,1
-0.012190384577485421,0.0026236141402933596,0,1
-0.012411820980889644,0.001207989546896333,0,1
-0.01169256817524156,0.001968737698321257,0,1
-0.010777222160588382,0.0032523730179031853,0,1
-0.014538142803395283,0.0031871587837484965,0,1
-0.01422837604970427,0.0015906327797076249,0,1
-0.012778269172148148,0.0020490288459870777,0,1
-0.013718758672368136,3.9835442236755447E-4,0,1
-0.014028412759580227,0.0015555095710360174,0,1
-0.01198251801791654,0.002507830133883561,0,1
-0.01201843070820409,0.0013528569068439046,0,1
-0.014457168308440205,0.002943621645916574,0,1
-0.01318428464592826,0.002223381562190683,0,1
-0.01203128977958003,0.00455983153921065,0,1
-0.013390735364908611,0.0032451987781480806,0,1
-0.012235780938199103,0.0025987364951935046,0,1
-0.012101221429038134,0.002641775725323155,0,1
-0.01155190253301978,0.0026732420502462418,0,1
-0.0106196420351519,5.231261871425483E-4,0,1
-0.011961502934598847,0.0029225552517125725,0,1
-0.011048049979709096,0.003110966722384535,0,1
-0.014154577972774215,0.0020799599889059607,0,1
-0.01466944968055185,0.0011763302528484414,0,1
-0.01439264164356517,0.0016848873398601775,0,1
-0.013856120934931729,0.001610271714278015,0,1
-0.013999006452720626,0.0015980998711044398,0,1
-0.012985558359551995,5.996750100798404E-4,0,1
-0.010149113308786935,0.0014318766921700584,0,1
-0.012915626828945606,0.0026820351666387793,0,1
-0.01408908558027177,0.0021163023184632866,0,1
-0.01316720035534732,0.0018458674424370514,0,1
-0.012519438628909729,0.00259958030185992,0,1
-0.011704375909592545,9.935210763914626E-4,0,1
-0.011914585900497333,0.002526859464667742,0,1
-0.01226708454668973,0.0027931656753732623,0,1
-0.011307041514715451,0.002821741248706872,0,1
-0.01130476571007823,0.00233370668042948,0,1
-0.01371298688682241,0.004463507953177175,0,1
-0.0133411112187094,-2.6901632600742365E-4,0,1
-0.014986770980677694,0.004184355553059457,0,1
-0.014116995746055952,0.0015146783977524432,0,1
-0.015219424632808874,0.0034407717836839108,0,1
-0.013402252181291905,0.0018421566957882907,0,1
-0.013632967734296564,0.004295865250037322,0,1
-0.013310939709337593,0.0012277047501958098,0,1
-0.013832185806817617,0.0015933620739288481,0,1
-0.012568122796274128,0.0018344969306649912,0,1
-0.01224610835916812,0.0022544829016832744,0,1
-0.012290104223810178,0.0033801640470231204,0,1
-0.011722727495594838,0.0018517827277477164,0,1
-0.012169327441304187,0.002581316018728746,0,1
-0.012555861079107503,0.0037312541835144084,0,1
-0.010869106834819271,2.2404410892459943E-5,0,1
-0.011217563721066822,0.0028543688382298843,0,1
-0.014962364835613922,-4.245627653456368E-4,0,1
-0.013840418157595649,0.0011846327251671454,0,1
-0.013547127754282257,0.0023925143347475514,0,1
-0.0138500606685085,0.0017114939376297522,0,1
-0.012258779478986457,0.001508206307590697,0,1
-0.011899566698968694,0.0018342565240739204,0,1
-0.013094655373536476,0.0023589336753095176,0,1
-0.010820528721486223,5.612723110523328E-4,0,1
-0.012733670014829378,0.0022686816469577493,0,1
-0.012276809148744839,0.001062928885858939,0,1
-0.01120627393107166,0.0023887914547048726,0,1
-0.01192998420347299,0.002457962476596171,0,1
-0.012967142165395552,0.0027468074989568728,0,1
-0.009795336454188218,0.0019802911188560954,0,1
-0.011728327627306955,0.0027804561117092787,0,1
-0.014096202604093562,0.0010178890637236521,0,1
-0.014240258122685492,4.801201321586421E-4,0,1
-0.014002043109943105,0.0017970855649665591,0,1
-0.014080005962687903,-0.0018945249213561512,0,1
-0.014275647663471086,0.0013135739677725587,0,1
-0.013143552602600559,0.0017421146783395082,0,1
-0.01336280936210554,0.001482483400066459,0,1
-0.012580861701546668,0.0017259050748115886,0,1
-0.011749749785643424,8.349741548202524E-4,0,1
-0.012528629018051516,0.0020087526533362878,0,1
-0.012653712649145008,0.0016370422201227395,0,1
-0.01252448241728721,0.0016388816867793205,0,1
-0.012695521431616596,0.004940480948611449,0,1
-0.011423477404317928,0.0026656440966500742,0,1
-0.01141445282835392,6.30616665830625E-4,0,1
-0.012520615320633758,0.002254099930545815,0,1
-0.014373226544181569,2.45201140350078E-4,0,1
-0.014253731826462274,5.636881834581559E-4,0,1
-0.013619942460315495,0.0011264403310223621,0,1
-0.01206264535598077,0.001388954799820842,0,1
-0.011754379863991946,-6.726474821388464E-4,0,1
-0.012235134534569127,0.0030037226774801383,0,1
-0.012124016962103502,0.0035260382261398703,0,1
-0.011915686106157088,0.003061475281498123,0,1
-0.01249682419841687,0.001610051070492403,0,1
-0.013582111667146242,1.7973738091960894E-4,0,1
-0.012307722901566438,0.002194924980089785,0,1
-0.011745573929682241,0.0021958003753242182,0,1
-0.01049122296787535,0.0019359019614712987,0,1
-0.011644935410567755,0.0033174379982512663,0,1
-0.013456157861371295,0.0014833134522660892,0,1
-0.014188274841568394,0.0012807420637700583,0,1
-0.012272804355343458,0.0014203273086684962,0,1
-0.01472177904177916,0.0017270098391537674,0,1
-0.011935596048423393,9.805395806697548E-4,0,1
-0.014173654906924873,0.0014649680654970545,0,1
-0.013036384803781616,0.001445614898024631,0,1
-0.011838715713451025,-8.793858348298588E-4,0,1
-0.010697853710938187,0.0016262402476457808,0,1
-0.011327397702031297,0.004049308465261442,0,1
-0.01312155555104553,0.002349398002190489,0,1
-0.011815434844718203,0.0018676907840246228,0,1
-0.0129596602094291,0.0026972042629071864,0,1
-0.011089403619079716,8.115155443718991E-4,0,1
-0.010008578004941596,0.0012493515765146202,0,1
-0.014118637772739875,0.0012395712218784053,0,1
-0.014317944581715368,0.002653750460427385,0,1
-0.01240386609390965,0.0017405277086570913,0,1
-0.011875924134070402,-6.839188339065371E-4,0,1
-0.013003016839981722,0.0015486638535970375,0,1
-0.013114454961042469,2.749712587960911E-4,0,1
-0.011266874910429062,0.001849277508689488,0,1
-0.012686957978257878,0.0020806296211413494,0,1
-0.012463432233621983,0.0020786969834243733,0,1
-0.011497461856738868,0.0037420357494016444,0,1
-0.012697660540814417,0.001238715171384916,0,1
-0.01159455644656415,0.00247028458864345,0,1
-0.011267352710691335,0.0026925632224521997,0,1
-0.01379658442495095,0.0030610866628195017,0,1
-0.013357734362160322,9.006918134310454E-4,0,1
-0.013313811347089229,0.0018924922950459295,0,1
-0.014294139305610276,0.0025919752414934583,0,1
-0.011737685139182127,0.001150615891396014,0,1
-0.01384153325569004,0.0022260492236617717,0,1
-0.009664945715674361,0.0025554796587467974,0,1
-0.011617672607940974,0.004415646570790337,0,1
-0.011260313779089055,0.005279770988725564,0,1
-0.011840177595647854,5.822591845661765E-4,0,1
-0.010941181412541573,0.0019198766082009137,0,1
-0.011302903640195946,0.0017716544154222213,0,1
-0.011772403559562808,7.999092783563213E-4,0,1
-0.010662225659457784,0.0017238477635906479,0,1
-0.013346959651027628,-4.343025046946342E-4,0,1
-0.013633230406515527,-8.385954606998248E-4,0,1
-0.014137329708605364,0.0014871102862315663,0,1
-0.013122242750706033,0.0013270046445077626,0,1
-0.009325182023904352,3.90121377474092E-4,0,1
-0.012157457777780838,0.003587337060297176,0,1
-0.012566209568707713,0.0015670069836639885,0,1
-0.011889570090561491,6.251358535898032E-4,0,1
-0.011885990104418865,0.0014607736365918821,0,1
-0.010243173976686686,0.001743194707363495,0,1
-0.011257680304067137,0.001855264400921939,0,1
-0.01161638765611839,0.002167048918467252,0,1
-0.013098721377754823,0.0017175952858376118,0,1
-0.01367539148229475,6.470793446794891E-4,0,1
-0.013745072449219773,2.1954608838440696E-4,0,1
-0.013094939751090008,7.668249154910899E-4,0,1
-0.012850963989059976,0.001193662731977901,0,1
-0.013687959710376216,0.002333019749550558,0,1
-0.012781219146454994,-2.203307748454436E-5,0,1
-0.01395402802168387,8.824325987431168E-4,0,1
-0.01217819785619556,4.465078940165279E-4,0,1
-0.012876054909898665,0.0018507730251265686,0,1
-0.01195342817571043,0.0015634680561460868,0,1
-0.010585987558709731,9.569345678898232E-4,0,1
-0.009897763706380161,8.113992855097169E-4,0,1
-0.01339913917253392,6.301502234044643E-4,0,1
-0.013507337182034113,0.001074987371769783,0,1
-0.013703875560922271,3.7373719370668645E-4,0,1
-0.012535058418498122,0.0013249882435587416,0,1
-0.012965443689310865,9.985879690387926E-4,0,1
-0.012122727512717759,4.036855319688491E-4,0,1
-0.010020603204520922,0.001279559564872483,0,1
-0.00909940447973092,0.001082512319920763,0,1
-0.013301317483481552,0.001028344806437798,0,1
-0.011736016467390545,0.00212736105895528,0,1
-0.008780068540140377,0.002611853777157132,0,1
-0.008875878377280882,0.00150638750297757,0,1
-0.012261818885283174,0.0013032843410834979,0,1
-0.013335780505330588,8.921077480957839E-4,0,1
-0.013299290379643891,7.201411581334683E-5,0,1
-0.013067687807491565,5.399593741189706E-4,0,1
-0.012960603558783083,0.0010655424810174082,0,1
-0.013964829469309875,0.0019443938906167097,0,1
-0.011918948692120665,0.0011789908616360162,0,1
-0.010647736731644417,5.587204563296616E-4,0,1
-0.011758234400140491,4.7928261963973897E-4,0,1
-0.011935534695825069,0.0015366343381711398,0,1
-0.01395681637513501,8.841632333715899E-4,0,1
-0.011495093259058661,0.0016062996803231741,0,1
-0.013284374352558626,-2.991039545819144E-4,0,1
-0.011498534553860145,0.0011246905136252485,0,1
-0.012800571439864851,-5.997116261298226E-4,0,1
-0.013055279177038177,7.531499157516909E-4,0,1
-0.012790599593326684,-0.001518200485929619,0,1
-0.013203211824684596,0.001805033712893944,0,1
-0.012648339333017506,0.0020201629096311805,0,1
-0.014116617305781438,0.0017415711485001134,0,1
-0.0120396167652491,6.061212184251375E-4,0,1
-0.011521612533820665,0.0014404002868925441,0,1
-0.01161035550791705,0.002831046176170301,0,1
-0.012117204411993591,0.0023877641400074827,0,1
-0.01267478903776049,9.890580277559632E-4,0,1
-0.01325381876802137,-4.122793548902542E-4,0,1
-0.012903218596317738,1.4636719706334397E-4,0,1
-0.015693747335834153,0.0019348614481426315,0,1
-0.01223463705198109,0.0014869868440208422,0,1
-0.01265094557323012,9.869793011714116E-4,0,1
-0.011169207454858795,0.0011736647662726164,0,1
-0.011394115163359541,0.0039850555218726895,0,1
-0.01310390365554746,0.0021817874990400607,0,1
-0.010699008993428655,0.003718038404987944,0,1
-0.013861847575806488,4.773566362049264E-4,0,1
-0.013418707215553488,-7.66248073115447E-4,0,1
-0.012916382883028182,0.0012349801015783715,0,1
-0.013017861971753475,0.0011407029937270077,0,1
-0.011549754930800675,5.980440105869506E-4,0,1
-0.013633324228931612,-2.7206174735484726E-4,0,1
-0.011226999308305381,0.0011133352144765672,0,1
-0.011721415570668527,0.0017791974454023176,0,1
-0.01075602550021004,0.002675369260151603,0,1
-0.010235925202440778,0.002063741183884478,0,1
-0.016058115173075902,-0.001947145728384518,0,1
-0.014797578237272638,-5.726002290914751E-4,0,1
-0.012933675419547397,7.846510386207225E-4,0,1
-0.013003195273404537,9.137575608037919E-4,0,1
-0.014669202759577879,-3.2286745979202337E-4,0,1
-0.012462884659971358,8.026303035636447E-4,0,1
-0.011234956747896948,-3.266150821315915E-4,0,1
-0.014485018480651122,8.473597383577275E-4,0,1
-0.012166611870974552,8.829369191177519E-4,0,1
-0.01143833264612326,0.0013627998076802166,0,1
-0.012737400207484465,6.042561018111078E-4,0,1
-0.012207042623756074,-0.0022710398079747503,0,1
-0.012321335576099353,0.0012357465940970986,0,1
-0.01179065644664332,-1.2716147444315345E-4,0,1
-0.012461847046001376,7.280387740934406E-4,0,1
-0.011305455493393917,2.5808360532111733E-4,0,1
-0.01216962520719395,0.0018880521178206043,0,1
-0.007943178043331495,0.0010553922507982707,0,1
-0.0111906443116684,0.0017787524158917618,0,1
-0.013940209407090651,-0.00202347696646937,0,1
-0.014044114315484595,5.89427775904294E-4,0,1
-0.012499750565889848,-3.295451478834456E-4,0,1
-0.014902861760997055,0.0014235186208046658,0,1
-0.01178940515784849,0.001425568028735469,0,1
-0.011557841098087957,6.5767579307057E-4,0,1
-0.013524017194926945,6.941577593075514E-5,0,1
-0.011686368991232916,0.001039144902140111,0,1
-0.011296048476188005,0.002348398509095655,0,1
-0.013252676937270473,-0.002609677437285773,0,1
-0.012273169515668297,-4.8446614666278334E-4,0,1
-0.01283886626090581,2.9222920045584395E-4,0,1
-0.012022473578908371,3.801171100488369E-4,0,1
-0.011807943991631202,0.0019871382422968166,0,1
-0.00902809121311643,8.108613659540502E-4,0,1
-0.012015516380603913,0.0017633624526709132,0,1
-0.01134674373326483,0.003216094857228034,0,1
-0.014240440352046158,-0.0027945563045289677,0,1
-0.014326414218829995,2.0294770139573376E-6,0,1
-0.013896686428363966,-0.0010025834978939178,0,1
-0.012857646827818509,0.0023583530042138668,0,1
-0.012636758072709114,0.002806397297007215,0,1
-0.01201117167986382,8.953837667142946E-4,0,1
-0.012140676469834098,7.167194825725949E-4,0,1
-0.01156512335173663,8.528256574467836E-4,0,1
-0.012888482180369087,1.1746350458188034E-4,0,1
-0.013023953505131141,6.933048329820342E-4,0,1
-0.0125312699193813,2.1794424961625768E-4,0,1
-0.01207058988784545,0.0016694563365588484,0,1
-0.011238204904632456,-0.001723318931915905,0,1
-0.01013254389075461,0.0019183498309958157,0,1
-0.01035132830267563,6.350576332438236E-5,0,1
-0.013973196233322105,-1.8422290891378053E-4,0,1
-0.015367528506295042,2.6150140729775317E-4,0,1
-0.012751519003526092,-1.0763922577036229E-4,0,1
-0.014807294179700193,2.9728476402124686E-4,0,1
-0.012341769197365389,-4.7627876149088604E-4,0,1
-0.014896530106734938,-1.957039472724567E-4,0,1
-0.01145761325702277,0.0012762294293345664,0,1
-0.011051102922681293,8.459033038361553E-4,0,1
-0.013257208013566595,-0.002408583904917296,0,1
-0.012706071660615983,-3.9718197690463144E-4,0,1
-0.012131190986057944,4.957075968870445E-5,0,1
-0.013756141259843275,0.00134795125131508,0,1
-0.010808823562929617,5.096061515595633E-4,0,1
-0.012060131031848349,-0.001010392534532207,0,1
-0.014409245649861544,7.288108309199343E-4,0,1
-0.01242341193352033,-9.939563107916215E-5,0,1
-0.013037491916953426,-6.86537277547556E-4,0,1
-0.009977097722551892,7.626162998154254E-4,0,1
-0.011995231347511744,0.001022280728460718,0,1
-0.010867052076450966,-9.737296615301371E-4,0,1
-0.012518681240158529,-2.7132434838864116E-4,0,1
-0.015739791951687298,-7.806428260423658E-4,0,1
-0.012070614388608968,-4.0492269695570045E-4,0,1
-0.012956455248201566,-7.619303732927881E-4,0,1
-0.013956628859924313,6.31126325273305E-5,0,1
-0.010112189112657767,-2.1553829276745411E-4,0,1
-0.012734015398857039,-3.651511112250263E-4,0,1
-0.012630785386152716,-0.0011830136272646566,0,1
-0.01253559941834674,0.0015038183069936986,0,1
-0.011660822557559862,-4.016140160132129E-6,0,1
-0.01244109934302612,-0.0014699526041286853,0,1
-0.013342927638769582,6.925321257628551E-4,0,1
-0.011058570599698423,-8.376188479595788E-5,0,1
-0.01229038789310836,-2.123380709911287E-4,0,1
-0.01237297408103613,7.567053955661912E-5,0,1
-0.011919913262114027,8.035708471434039E-5,0,1
-0.012168178971219228,0.0012364084810747458,0,1
-0.01271278951106797,-7.15334935706081E-4,0,1
-0.012114551948257299,-6.805177305229768E-4,0,1
-0.009767884760859272,-0.0022154381278976045,0,1
-0.0132971945131024,-0.0021749004098952167,0,1
-0.01169781425880801,-2.6830283898472906E-5,0,1
-0.01023611019989998,0.002272513550810423,0,1
-0.013046780813013074,-4.5255764957551076E-4,0,1
-0.013058622327584991,-7.225239355455835E-4,0,1
-0.012222928162095872,-5.126420890823154E-4,0,1
-0.012054564062269499,-2.0979999481094856E-4,0,1
-0.011657028521090268,-5.361083958143843E-4,0,1
-0.01264767374982366,-8.04574470374821E-4,0,1
-0.013176556029985508,-5.743089153466912E-5,0,1
-0.01506607227353559,2.1797434400665927E-4,0,1
-0.012021942028565508,-5.434001011545805E-4,0,1
-0.01152921049545227,4.951822466090039E-4,0,1
-0.012443691023286782,-3.2982420712358493E-4,0,1
-0.013709944235708812,9.383243420862856E-4,0,1
-0.013481769626257037,-8.110633652956749E-4,0,1
-0.011958503644207264,-8.023205599345497E-4,0,1
-0.01239487601493547,-7.985100849897771E-4,0,1
-0.008760100024862836,8.031377179948898E-4,0,1
-0.007844345545295046,-4.2871646185043484E-4,0,1
-0.009125969843288447,9.545605662464139E-4,0,1
-0.009077027947061521,6.649296550794835E-4,0,1
-0.008679705755876189,0.0012917588558714833,0,1
-0.008527499803541441,6.148877391763623E-4,0,1
-0.009446692147427216,-0.0014533666165721687,0,1
-0.010684675199729677,-4.079790603959579E-4,0,1
-0.009828586576752429,8.326340052544898E-5,0,1
-0.009931801273127584,-1.4525016026822359E-4,0,1
-0.010166801513358576,0.001176967145840835,0,1
-0.010298033665546503,-0.0019849856530795044,0,1
-0.009268363367798554,-3.2598151573583195E-4,0,1
-0.010760742905108757,-3.3857846963742907E-4,0,1
-0.010551006164723967,-4.4501842989384593E-4,0,1
-0.011638514103967771,-5.938778524429127E-4,0,1
-0.012516047223347301,-4.080364112967267E-4,0,1
-0.01197806662418349,-0.001828759474744037,0,1
-0.011352912363074888,-4.567629275913543E-4,0,1
-0.005612749712667492,0.001430113697923854,0,1
-0.008705140283864987,7.243763186639603E-4,0,1
-0.009936219285889059,5.000480728716889E-4,0,1
-0.008666457772756531,2.4106515269459427E-4,0,1
-0.009129101471092464,1.666853558082172E-4,0,1
-0.009291218778028095,1.9513680579604165E-4,0,1
-0.011263208922569188,-7.128177639237809E-4,0,1
-0.00968283069938182,6.663979497546041E-4,0,1
-0.00994782145748052,-2.307189812990257E-4,0,1
-0.009278789241050973,0.0024268214750725607,0,1
-0.010171478168214614,0.001546280220763797,0,1
-0.010813930293407707,-0.0012795231459482687,0,1
-0.010137040433986144,-3.3663178826554523E-4,0,1
-0.010856356505605453,-4.6895747920744943E-4,0,1
-0.01182074172591392,-8.00325215550269E-4,0,1
-0.011529197917605,-8.323079703412921E-4,0,1
-0.011900787252994838,-6.065116072563714E-4,0,1
-0.012052355188275878,-6.051323299195759E-4,0,1
-0.007992423089969914,1.2896614648055194E-4,0,1
-0.009197607405148979,0.0021461878619624414,0,1
-0.009056278483242699,1.5234283754116609E-4,0,1
-0.009965048695725655,0.0018776613426265392,0,1
-0.008103270101873514,6.422599251561122E-4,0,1
-0.009244725601487681,0.004505075056568813,0,1
-0.008718755971526106,1.7807516688053975E-4,0,1
-0.009816258071381848,4.88369396790292E-4,0,1
-0.011725290107186682,-0.0010778183794651955,0,1
-0.010448365310615217,-3.365944953473062E-4,0,1
-0.01109857632316004,5.920374412855848E-5,0,1
-0.010854429741181846,-7.060639885197997E-4,0,1
-0.013121441873474894,3.647039636450553E-4,0,1
-0.011375066761683476,6.770127040288364E-4,0,1
-0.011681341363637571,-7.715067598171638E-4,0,1
-0.010330092352500056,0.0012075444419139235,0,1
-0.011435259660798358,-8.643088050660608E-4,0,1
-0.011076517808295152,1.560464194977227E-4,0,1
-0.00937107186421971,0.001978532969174268,0,1
-0.008988426511157511,0.0013029126572178475,0,1
-0.01012116817794718,0.0011011840239885107,0,1
-0.009491445361256446,5.834707070167335E-4,0,1
-0.009619287566222153,0.001999626818629303,0,1
-0.008702555549633685,0.0015034719086045836,0,1
-0.009578623950315881,0.0016022212226592455,0,1
-0.01141216659068489,-0.0026535975210883146,0,1
-0.010649302663651687,-9.68264761762992E-4,0,1
-0.010852440130566158,3.5614069374259474E-4,0,1
-0.01055555529111221,-1.2616951765670882E-4,0,1
-0.010141442482660995,2.3192796241660145E-4,0,1
-0.010339895687009581,2.9108919176325297E-4,0,1
-0.01239621224609771,-6.729716692272395E-4,0,1
-0.011086133924950258,-5.683821289383639E-4,0,1
-0.011130494833127854,-0.0015391626631221227,0,1
-0.008342611229132536,-7.836806294229051E-4,0,1
-0.009154976592445593,0.0016101517702457088,0,1
-0.009142555485958036,8.820770439042231E-4,0,1
-0.009303260453558646,7.491548964970201E-4,0,1
-0.00968881176843695,5.806348217744397E-4,0,1
-0.009929026224441266,0.0016810869004518195,0,1
-0.009966001843430064,8.914020778303485E-4,0,1
-0.010497176149618034,5.486889142293903E-4,0,1
-0.013655803924694192,-0.0016794615023159763,0,1
-0.010423682910422253,1.6832221421285697E-4,0,1
-0.009718061068421683,0.0017577320657891297,0,1
-0.011042334442767445,0.0010358233510824686,0,1
-0.011235288695806528,-1.4722417921283378E-4,0,1
-0.00969690121249607,-8.309260016810446E-4,0,1
-0.010972661051024046,-6.200929897888804E-5,0,1
-0.01066171573866202,1.9958095890745237E-4,0,1
-0.013409083823347887,-6.151286212721267E-4,0,1
-0.008661900066763158,6.48636008061988E-4,0,1
-0.00817581552282615,0.0010535725698585983,0,1
-0.009918306717116462,0.0016056019608893255,0,1
-0.01000429586414264,0.0012748300389447706,0,1
-0.009538448527124885,7.234884482295011E-4,0,1
-0.009634032903163819,6.031655318810278E-4,0,1
-0.01008074200553264,5.942676149623003E-4,0,1
-0.010243331372382713,-2.7289403174262194E-5,0,1
-0.009787492229169236,9.601595679388257E-4,0,1
-0.010063655361704135,4.109348418712656E-4,0,1
-0.011278448689763609,8.253588646302629E-4,0,1
-0.010980951314400132,-7.667669152859714E-6,0,1
-0.013041773558645674,-1.9065894913056702E-4,0,1
-0.010066449996124596,8.619605935562566E-4,0,1
-0.010542547875337224,-6.48552507711576E-4,0,1
-0.008999891598822727,0.0013160380514138888,0,1
-0.009085261754301984,0.001025482818669276,0,1
-0.008858465605218854,2.8731486363460675E-4,0,1
-0.009647631119685088,8.93201574952258E-4,0,1
-0.008756102199250134,3.3913523290055514E-4,0,1
-0.009661679591426463,4.397595348253148E-4,0,1
-0.00923298769432654,0.001434515565853239,0,1
-0.010419510239722343,9.232384385711716E-5,0,1
-0.011179619678720455,1.5590774326561718E-4,0,1
-0.010163271339431327,0.001644490478008453,0,1
-0.010574552252292252,7.54534266301836E-4,0,1
-0.01035748719431459,3.42644425421891E-4,0,1
-0.011407986473760744,0.0023598180211638832,0,1
-0.010312659303616746,3.816616368589065E-4,0,1
-0.012200999400164196,6.330017495294676E-4,0,1
-0.012825301857756929,9.122039341125147E-4,0,1
-0.008806327690684922,0.00227208974585013,0,1
-0.009860081372763311,0.0011149317043639034,0,1
-0.009699370260421824,9.410451735848618E-4,0,1
-0.00930656408861919,9.165053450109983E-4,0,1
-0.009811287021310958,5.302534370392141E-4,0,1
-0.010551786660559606,-8.025159600075501E-4,0,1
-0.009981609847421908,0.0022254706487910662,0,1
-0.010631456197120522,9.10595917732983E-4,0,1
-0.010619305015299568,2.1777803331919258E-4,0,1
-0.008041078622467416,1.695986945130991E-4,0,1
-0.010862835782285798,5.813726788857372E-4,0,1
-0.012144643804777863,-0.0019378288878684465,0,1
-0.012227592995530475,4.761588659587285E-4,0,1
-0.011484578161141058,-1.648675594928388E-4,0,1
-0.012378638212023669,-0.0012490514127428986,0,1
-0.009375599609345916,2.7750917266001763E-4,0,1
-0.008625600772490393,0.0011367275288217255,0,1
-0.009867505257372445,9.208187614947148E-4,0,1
-0.008613859795195182,0.004329694917560083,0,1
-0.01001472773761456,0.0016735712667221329,0,1
-0.010385472543438782,9.63789831932161E-4,0,1
-0.010477309298578158,7.946292789549341E-4,0,1
-0.010453570248430117,-8.412257868226975E-4,0,1
-0.009777303434404836,9.978891034758157E-4,0,1
-0.012064499990479571,-0.0016554226117195215,0,1
-0.011011752205904146,8.246794253910067E-4,0,1
-0.013586297412603062,-3.690748535319239E-4,0,1
-0.015441990739106128,6.783725755808483E-5,0,1
-0.01117771772760998,-7.353038066295633E-4,0,1
-0.011445365684895865,-2.463405643777707E-4,0,1
-0.009943518687417918,0.0016571905384950877,0,1
-0.01041775176531703,5.77669493357665E-4,0,1
-0.009444265545339814,0.001046990592662792,0,1
-0.010086239268694298,0.0012276835046602574,0,1
-0.01132569543268125,0.0018801971813281217,0,1
-0.010290258152063463,3.132924986779062E-4,0,1
-0.01143620890057362,5.227884890204173E-4,0,1
-0.010554681366209082,4.062050871097112E-4,0,1
-0.010747726655689764,7.621858592269955E-4,0,1
-0.011432638196731772,0.0012904884724658431,0,1
-0.011633849291569435,-2.782813849606882E-4,0,1
-0.012589246894430705,-0.0023536170722556335,0,1
-0.010914118862785859,0.00120470272118701,0,1
-0.010207261257102352,6.951330580626904E-4,0,1
-0.007841413809491963,0.0014752155633254223,0,1
-0.009275821815956464,0.001795692159179574,0,1
-0.009168228477129992,-0.0011206815902152132,0,1
-0.010562242883958746,-1.4860784763809292E-4,0,1
-0.0086354391248626,3.3572762158646147E-4,0,1
-0.008464617887650417,7.135100225414988E-4,0,1
-0.011320578155748547,0.0010045517986431332,0,1
-0.010289123907970049,2.927210288749958E-4,0,1
-0.010847924957824927,0.0023194758718173745,0,1
-0.014337336348396783,-0.001109794309788793,0,1
-0.01207536105245146,2.0586582868896796E-4,0,1
-0.010649407043094312,4.0661315672050604E-4,0,1
-0.010837812073364154,7.117362183428211E-5,0,1
-0.011795101635558575,9.395904444360121E-5,0,1
-0.009079333066022708,0.0016449647582514563,0,1
-0.007817025802363991,1.0261091662156391E-4,0,1
-0.009399468637192305,3.2338993010885733E-4,0,1
-0.0102542746282684,0.0010775848770768054,0,1
-0.009783840278408368,0.00276587294851765,0,1
-0.00766465502832625,3.4871944053205543E-4,0,1
-0.010473979894736474,0.002429509252507267,0,1
-0.011575110198095045,0.0011788330945501561,0,1
-0.011381050955595353,0.0021544565206858936,0,1
-0.012098461658845464,9.956654862508846E-4,0,1
-0.008823053349708182,0.0018777342202912458,0,1
-0.011923794670196098,5.148962212368579E-4,0,1
-0.009893467822549098,0.0010185501709552658,0,1
-0.006510488337022985,1.4230468409133276E-4,0,1
-0.009042041872352741,0.0018016031055671522,0,1
-0.009325263605646726,0.00196155700518707,0,1
-0.009924004975000672,0.0012283305794959795,0,1
-0.010490740448052892,0.0011510160469920456,0,1
-0.010898826274627576,0.002374553175617652,0,1
-0.010565557662515745,8.92917393842331E-5,0,1
-0.010975455800020885,0.001137644459419958,0,1
-0.01204173677443723,0.003087539661472476,0,1
-0.011211175430915528,6.223780672193085E-4,0,1
-0.010703438640263381,5.775161592524495E-4,0,1
-0.012059937278270436,-1.8720559413005065E-4,0,1
-0.0097532420998055,0.0016697922020838351,0,1
-0.011205755320519064,-0.0010612026608241868,0,1
-0.010772265903769819,0.003357457849893282,0,1
-0.011300833563233019,0.0011854806693935428,0,1
-0.00992002641657459,0.002295298219196171,0,1
-0.011114219139417816,0.0014780451282637524,0,1
-0.010591515950426268,5.991886616485184E-4,0,1
-0.011798338606274444,0.002214795046435398,0,1
-0.007780758640349939,-1.5320512540306202E-4,0,1
-0.01126238852693238,3.0308082580959562E-5,0,1
-0.011139409986865252,-2.7052887565718876E-4,0,1
-0.011172251596752168,0.0017189943027594997,0,1
-0.01090581268317268,0.0010298655431026345,0,1
-0.009587508425070954,0.0019937526890750944,0,1
-0.010280571120581353,7.115025871799146E-4,0,1
-0.010753486340931285,0.0012222942584770614,0,1
-0.011074942126268429,0.001227010174334854,0,1
-0.009186698496761452,2.566205201577672E-4,0,1
-0.01141428483862568,-9.257291236017549E-4,0,1
-0.011548681256567234,-2.0886087735022963E-4,0,1
-0.011113135259459731,-0.0016344237148505523,0,1
-0.011097728240771102,6.092954861000726E-4,0,1
-0.011044794026791902,-2.941718738078159E-4,0,1
-0.011234012330036318,4.006142384218061E-4,0,1
-0.010431905815402315,0.002125529812379176,0,1
-0.01021359363834404,9.344725371425444E-4,0,1
-0.010345071738956978,1.0801668223559105E-4,0,1
-0.010423011869364581,0.0020326612037102816,0,1
-0.010610400141435076,0.0012803862990783176,0,1
-0.01034643872171105,8.352432130658508E-4,0,1
-0.01132283184160929,0.0023970646215173775,0,1
-0.01081389761819858,3.9500339286998296E-4,0,1
-0.010116409572162822,0.0016239040920947795,0,1
-0.010348899403967566,-9.465748452865704E-5,0,1
-0.01186485117401445,6.814179828214405E-4,0,1
-0.00985321580884911,0.0020926327435341445,0,1
-0.010211178362420161,0.0019271247108185758,0,1
-0.008423096902946516,0.001289293655803109,0,1
-0.009843357543584378,0.0027431922200479896,0,1
-0.009828644760920971,0.0030736234461339017,0,1
-0.010480097695140278,0.0018814603814340564,0,1
-0.011086924816890822,0.0012039856904468898,0,1
-0.011692961260311238,8.396698277202745E-4,0,1
-0.011144639809311187,0.0010830602171782928,0,1
-0.012598540176544763,-4.930005843860604E-4,0,1
-0.00956704874798778,0.0018034253505457346,0,1
-0.010641823083937227,0.0016629408617255626,0,1
-0.009474008703757418,4.507063692606371E-4,0,1
-0.010341089307714284,0.0014575594631992107,0,1
-0.010873311080353939,0.0017833600568762614,0,1
-0.010929540462454137,0.0017415723668907158,0,1
-0.011734351088140306,2.544701842904056E-4,0,1
-0.010029183519708799,0.001695853506077963,0,1
-0.011403188350182038,7.24055306772907E-4,0,1
-0.011493827055634554,0.0013203795933417906,0,1
-0.009613523210260586,0.0018545877874061375,0,1
-0.009281453561181282,0.0029071257973512584,0,1
-0.012691500398746157,0.0025563694543143485,0,1
-0.010739514029794377,0.0019689301458274966,0,1
-0.010631064652433164,0.0016975157726472525,0,1
-0.008738749436548647,0.0038748836528535563,0,1
-0.011230350217022782,0.0012814699652751995,0,1
-0.010515990855233408,0.0010861988199056631,0,1
-0.010868111946978593,3.0050087352357144E-4,0,1
-0.011564914638965612,0.0013142279195225948,0,1
-0.008800393379772167,0.0019249885821787133,0,1
-0.010009397034788524,0.002052946461149626,0,1
-0.00945132073963491,0.0019517086133854016,0,1
-0.011079513999970717,0.0013679645261261424,0,1
-0.009394662969742444,0.001157762237119073,0,1
-0.010616848279179214,9.991352146466134E-4,0,1
-0.011589931645923488,0.0019271892910246128,0,1
-0.01119921049933539,0.0014838047185615885,0,1
-0.011451858990034739,0.0014058514128102058,0,1
-0.009772937478548478,0.002522414208003918,0,1
-0.010876123230987024,0.0031180811836030533,0,1
-0.010395171174908683,0.0018760141234035776,0,1
-0.010544667942824042,0.00209080123541648,0,1
-0.008895560755093445,0.0036631216978013923,0,1
-0.010873475801396495,0.002423415766738465,0,1
-0.01153411138550392,0.0015971637725559161,0,1
-0.010702470357064175,-0.002266696774892397,0,1
-0.01132117565760267,0.0018452221578541248,0,1
-0.00975538493070448,0.0023910196222138983,0,1
-0.010206395446861204,0.0022590866064191406,0,1
-0.009712436507545259,0.003217366385222399,0,1
-0.010466519137084476,0.0022607565324607726,0,1
-0.010261734987808559,0.0015141489061492504,0,1
-0.011365434908634967,0.001854175697209168,0,1
-0.01134843723828558,0.0018622017336634336,0,1
-0.011861938416817912,0.002278786750426151,0,1
-0.00997570253327713,0.0024875464345147395,0,1
-0.010414882855612468,0.0022004384621531355,0,1
-0.010116754739835889,0.0022526090716513516,0,1
-0.01032885786664288,8.814331885140579E-4,0,1
-0.010917349314733323,0.0020653349025452268,0,1
-0.011020882572272973,0.0011360399682433522,0,1
-0.01046815623748743,0.0021931186916964375,0,1
-0.011660593134945193,0.002621986580070129,0,1
-0.010198334545124742,0.0020960687171494206,0,1
-0.011727804563745376,0.004632597557703879,0,1
-0.009136951715271948,0.001559072589950072,0,1
-0.010897329672099674,0.002519692318019642,0,1
-0.0075438718387486475,0.0013600811553060373,0,1
-0.011134759469901305,0.0015836073745365796,0,1
-0.010278360387972032,0.0024860950757844276,0,1
-0.010649426173574724,0.0024493985213311373,0,1
-0.010182662951012729,0.0032850522875973575,0,1
-0.010237971200052327,0.0019573051520347883,0,1
-0.011790647094983932,0.0024943790061219217,0,1
-0.014521916167452473,0.003049673941397984,0,1
-0.011531804854245433,0.0024119313413364153,0,1
-0.011386290155861279,0.0031248060012916447,0,1
-0.011535114224608276,0.004464217347679634,0,1
-0.010384427587870136,0.003022313179324758,0,1
-0.011285879311805705,0.0023591403263755473,0,1
-0.00977159833947497,0.0013781584127527077,0,1
-0.012705655351047075,0.0035360450501708295,0,1
-0.011927672613477056,0.0032930126233080754,0,1
-0.011752886364167705,0.0015898281894902748,0,1
-0.01049274028098353,0.002037715413785308,0,1
-0.012950943252016114,0.0038577544802510274,0,1
-0.010956434331047824,0.00271213064607212,0,1
-0.01136031274268864,0.002867491695416893,0,1
-0.011199666556089635,0.003776959118779217,0,1
-0.01087613516230431,0.005678906917377071,0,1
-0.011265059458132155,0.001871915232115781,0,1
-0.010835309510400055,0.001468202351274901,0,1
-0.011167462784373984,0.0035114634312143284,0,1
-0.013054693806513229,0.0026020726036079527,0,1
-0.009072830761578192,-7.636871163717973E-4,0,1
-0.011679350286015374,0.0027979031158481956,0,1
-0.010900817056793332,0.0026287573312267676,0,1
-0.010768967657212584,0.0023097695395520603,0,1
-0.011866450600983878,0.0021258447743627428,0,1
-0.007146712806029392,0.002292475503390615,0,1
-0.011513158219693512,0.0021245382953894608,0,1
-0.01196803696130405,0.0017688761308668254,0,1
-0.010758208895059794,0.002271906521190899,0,1
-0.010582261416997567,0.0018666904260847981,0,1
-0.011232253676882189,0.003105206885006363,0,1
-0.012608168877488836,0.002326651760284501,0,1
-0.01036425101499631,0.0021760663292551834,0,1
-0.013881428709153163,0.0052770605573190035,0,1
-0.0097891036663806,0.004655283515819689,0,1
-0.010058468965034444,0.0019907351623052196,0,1
-0.010960843413629637,0.0027057941706651106,0,1
-0.010696790127708125,0.0026687557217658993,0,1
-0.00793437249854087,0.005183696690595969,0,1
-0.011222763079398094,0.003383228355398491,0,1
-0.01015417562060143,0.003090712764252263,0,1
-0.010653816583855124,0.003315558509531739,0,1
-0.011002335841648034,0.0035465533490421034,0,1
-0.007975503068149203,3.2832904949040497E-4,0,1
-0.007956770209983007,7.22463227837506E-4,0,1
-0.008738219478474425,3.335623249437313E-4,0,1
-0.00822763846855868,-6.624332306381044E-5,0,1
-0.008300755686455013,-1.459478171132631E-4,0,1
-0.007588877416313199,-8.088796585211524E-4,0,1
-0.008137011672009848,-1.9359765853186882E-4,0,1
-0.009815952561326807,1.2742666924819105E-4,0,1
-0.008464407586434035,-4.229075129052692E-4,0,1
-0.00686963465679438,-0.0010072861513647704,0,1
-0.0077396381645265305,-3.1569767356574575E-4,0,1
-0.009012999148735145,1.24016744674943E-4,0,1
-0.008306400655962795,-6.984251703470142E-4,0,1
-0.011402922723237723,-0.003184301514488932,0,1
-0.008939971247846887,-7.558824241632062E-4,0,1
-0.005993217549407854,-9.643370158594428E-4,0,1
-0.007366987612922271,-0.001241382121544162,0,1
-0.006200636017489953,2.0941568832643197E-4,0,1
-0.008583317539899693,0.0027699519766716846,0,1
-0.0071450386138372,4.106806293831588E-4,0,1
-0.008533816800101608,2.945735907095204E-4,0,1
-0.008604962829788938,-1.1054615462404177E-6,0,1
-0.007499921998296614,-0.0020342922200333596,0,1
-0.009206559314155227,-0.0011561856866649624,0,1
-0.008361653428258018,-0.002162184051059581,0,1
-0.007696207745232913,-8.026941254952379E-4,0,1
-0.00904438280780567,-0.0010604744682349892,0,1
-0.007036085055417043,-0.0017209713354905424,0,1
-0.009854192403526873,-4.683082190658736E-4,0,1
-0.008546576314220884,-0.0014003955373329444,0,1
-0.008113663545196733,-0.001365626148739689,0,1
-0.009140618743081823,-0.002428328055584025,0,1
-0.008126491778156797,-2.3845871534610165E-4,0,1
-0.00968851690481163,3.497639046660912E-4,0,1
-0.008719972408659158,1.740717338295758E-4,0,1
-0.008569327640509003,1.1147249286159138E-4,0,1
-0.008550383640342609,4.2454812672496116E-4,0,1
-0.010090316764779998,7.502390987498042E-5,0,1
-0.007686578420290698,-7.327365318119149E-4,0,1
-0.009016080467859478,-2.870887237146353E-5,0,1
-0.007726537662739381,0.0018213066411545157,0,1
-0.005833313372702469,-0.002943430785510657,0,1
-0.007443280607239964,-0.003466120341507551,0,1
-0.008164572516503366,-0.0013933144825313982,0,1
-0.009489880125484122,-0.004262331406773057,0,1
-0.008323878914466596,-0.0030465701336706134,0,1
-0.008514456895733132,-0.001983725039542973,0,1
-0.008864584969950587,8.186918036696138E-4,0,1
-0.008859639012896093,1.8813679552783026E-4,0,1
-0.008791062004413432,-4.514909083962286E-4,0,1
-0.009454947774564374,-6.882945526812806E-4,0,1
-0.008896650192026657,-6.55764784022519E-4,0,1
-0.0069368445771793704,6.442825002445137E-4,0,1
-0.00977851598930195,-9.316898748211541E-4,0,1
-0.008265488373641217,-9.484063771747157E-4,0,1
-0.008162400861130521,-9.071542618901274E-4,0,1
-0.009332266614522513,-0.0020361440567676133,0,1
-0.009068509881885768,-0.0022090001784790684,0,1
-0.0077626881639529825,-0.002208616651278929,0,1
-0.007982584301053934,-8.216550122253744E-4,0,1
-0.009179574020956942,-0.0012882374508344642,0,1
-0.009024658100173794,0.0012304753925420245,0,1
-0.008955111469038822,7.236582464155976E-4,0,1
-0.0057780985642867195,0.0021379827049924542,0,1
-0.008962243072552122,-1.2660696400290611E-5,0,1
-0.008730871046460528,-1.8088871898445385E-4,0,1
-0.008753666083389223,5.599681237864389E-4,0,1
-0.009191690137541895,-6.691866561807694E-4,0,1
-0.009040138906117993,-6.270685866588333E-4,0,1
-0.009701194997671081,5.331268827307662E-4,0,1
-0.007695635618526211,-9.449763907517203E-4,0,1
-0.007773179825285746,-0.0024991044848169724,0,1
-0.009164487058589304,-0.0017672074844312339,0,1
-0.008827178601103113,-0.0015217585258773358,0,1
-0.010105479960832732,-0.0017655570358842741,0,1
-0.010558757593937127,7.596120259038764E-4,0,1
-0.008742236608865866,0.0013573573026160065,0,1
-0.009201691636110228,-2.478674908704693E-4,0,1
-0.009974427167622625,-0.003032351819719328,0,1
-0.00881889365340961,-1.975556813669139E-4,0,1
-0.00845313830286444,3.968287356437857E-4,0,1
-0.00928775941244665,-9.126509766422005E-4,0,1
-0.00935373281729912,3.7490684325036823E-4,0,1
-0.00833091625171123,-0.001318251412182854,0,1
-0.009017932967762102,-0.0016879728944201005,0,1
-0.009662545791707167,-5.148554428253651E-4,0,1
-0.00791188691187418,-0.00180946920680302,0,1
-0.009812861281024784,-9.922955602103903E-4,0,1
-0.00922395015205455,-0.0011097164134245875,0,1
-0.008266504472241339,0.0020709526375925205,0,1
-0.007738963315109219,0.0022447912824386405,0,1
-0.009114459894372337,-1.7591795166133103E-4,0,1
-0.00938211406186956,4.813402745528267E-4,0,1
-0.006837602621364583,0.0019054029735918103,0,1
-0.009186578852792589,-0.0020181271537378386,0,1
-0.009970024199422186,-0.0010890834370848525,0,1
-0.009285657354266104,-8.058557385070643E-4,0,1
-0.00910180498829493,-3.560024138219539E-4,0,1
-0.007409405123348711,-0.0022903355876889684,0,1
-0.009685692599343319,-0.0020215556288274185,0,1
-0.008941913231845032,-0.001764500816536995,0,1
-0.008621310225747643,-0.003871550611769121,0,1
-0.010240136084708362,1.8157234966621608E-5,0,1
-0.009039245823314935,2.6997891070956444E-4,0,1
-0.010446876945030598,-9.348849743740636E-4,0,1
-0.009406859010191613,-0.001043751649611895,0,1
-0.011176318913887201,-0.001771640493409488,0,1
-0.007893881231824456,-7.026983291755056E-4,0,1
-0.00876395551854096,1.0165878745999033E-4,0,1
-0.007692273745300246,-0.0018888276185247653,0,1
-0.009503156089968955,-0.0018895153797914889,0,1
-0.008958107408304774,-0.0013455881481084994,0,1
-0.008639370225729495,-8.549764650667312E-4,0,1
-0.00893754478830182,-0.0014867993391687309,0,1
-0.009647218918288191,9.994193225515292E-4,0,1
-0.009824824447133108,-4.094280086936825E-4,0,1
-0.00896767056415097,-6.99543467501278E-5,0,1
-0.009202362878875108,-9.970084078967222E-4,0,1
-0.010353845018843573,-7.488693845009995E-4,0,1
-0.008717974408832983,-1.858363684808309E-4,0,1
-0.009126734912500429,-9.921545429506212E-5,0,1
-0.009416166330493997,-0.0010404293110964583,0,1
-0.009307604878033542,-0.0014347778812896232,0,1
-0.009114603176193063,-0.0027843831986386915,0,1
-0.009270346855567315,-0.0018396867546641785,0,1
-0.009504837014063648,-0.0025338176610000527,0,1
-0.008994120921263333,-9.36835677108183E-4,0,1
-0.009394333643797909,5.686382600713094E-5,0,1
-0.009410156702002152,6.862899691583223E-4,0,1
-0.009234009302089704,-1.1376076640759618E-4,0,1
-0.009297716431262811,-7.052310963393701E-4,0,1
-0.007708224234990607,-0.00183551404292447,0,1
-0.009487193129773093,-7.805960532192072E-4,0,1
-0.010504257935114798,-4.194320929678662E-4,0,1
-0.009321601337720914,-0.0010205429944130408,0,1
-0.00673567861474926,-5.850298537217598E-4,0,1
-0.009605264064332437,2.2943032518126706E-4,0,1
-0.009594764922573567,2.1787276154720437E-4,0,1
-0.009347684770361965,-1.1649241746471557E-4,0,1
-0.00919252765123513,-3.654587059228231E-4,0,1
-0.00933639509871052,3.318034125303868E-4,0,1
-0.009505090387608195,-4.5167687783914895E-4,0,1
-0.011107297288762004,-0.0011737501623690647,0,1
-0.008264107893067469,-0.0016856172896849602,0,1
-0.009768861022599459,0.0011044675678112037,0,1
-0.010622251566417069,-2.7085906222109316E-4,0,1
-0.010414252294335217,-0.0025206309778690967,0,1
-0.00846267695939701,-0.001747143298441172,0,1
-0.009359569739485351,-1.6900953808865276E-4,0,1
-0.010109092482736365,-1.0498947414624055E-4,0,1
-0.008091987819231407,-0.0010331525943101667,0,1
-0.008978388419354525,-5.965341418520536E-4,0,1
-0.009782546591529348,-0.0010481345359584016,0,1
-0.010365472969872957,-0.0013234382532921283,0,1
-0.00961284226650175,-0.001010427033141539,0,1
-0.00832349154914665,-0.0022688578369629013,0,1
-0.00881871555313572,-7.137523491114157E-4,0,1
-0.009487926900768604,-0.0015938855478511394,0,1
-0.009402598677965373,-0.0013329986797861624,0,1
-0.010835785374949758,-1.8621290304823038E-5,0,1
-0.010636387905504975,4.2498829198615244E-4,0,1
-0.007895669476283736,-4.067853750985383E-4,0,1
-0.008942132804783412,8.094118556346021E-4,0,1
-0.009075894682311873,-2.414307053717878E-4,0,1
-0.01029137309881146,-0.00141609056743872,0,1
-0.009297068693455627,-5.127284451137241E-4,0,1
-0.01092918999207785,-3.6218737502481023E-4,0,1
-0.010684798786713256,-0.0015195273325385617,0,1
-0.009571230109496105,-8.693109882554592E-4,0,1
-0.009995794592780594,-0.0012735516821801313,0,1
-0.009923172221935221,-1.1164208093748825E-5,0,1
-0.009483220852076353,-0.0029194784102468136,0,1
-0.011116075157170625,-0.0013583971743056618,0,1
-0.01001196629929184,-0.0012556550452839422,0,1
-0.009600414217753867,-0.0013720068823731798,0,1
-0.009048440754535543,-5.861987792730812E-4,0,1
-0.010092647109977392,-0.0014609737860674073,0,1
-0.00894563087357611,-0.003677464790301862,0,1
-0.009759312343923719,-0.0016407230264171597,0,1
-0.00927541672860294,6.241989661279501E-4,0,1
-0.01002255614209811,-6.392682739292446E-4,0,1
-0.010539211453367135,2.7690984941076064E-5,0,1
-0.009357435284769669,3.925014633887375E-4,0,1
-0.012619099417702562,-0.001890352005195092,0,1
-0.009905878119197164,-9.761526544990341E-4,0,1
-0.010132363633854074,-0.0013201124653133434,0,1
-0.010329955896780098,-0.001726759629769558,0,1
-0.010354425805779758,-0.0010403516073126536,0,1
-0.010807347433831636,-9.055835467501525E-4,0,1
-0.010673045372733376,-1.4053099901228393E-4,0,1
-0.011463526814532093,0.0012315550732495688,0,1
-0.006899356040609569,0.0016862465867140063,0,1
-0.010358468626846465,-0.0016611470087008876,0,1
-0.01052596223513159,-7.558705794276737E-4,0,1
-0.009925314344171116,-0.0011126097401115847,0,1
-0.009039671199013777,-0.0024490923913997914,0,1
-0.0108419037051658,-0.001551051735114669,0,1
-0.010826010174724881,-7.792135469944214E-4,0,1
-0.011083662740079544,-1.8130842878874153E-4,0,1
-0.009554622003617832,-4.0181952173767475E-4,0,1
-0.010586964656642543,8.666226298228017E-4,0,1
-0.010253902363667418,-0.0016055454714612256,0,1
-0.010077072150847462,-9.987905486557357E-4,0,1
-0.010524364078501939,-5.033428513705195E-4,0,1
-0.008982212078652173,-0.0017924867439229805,0,1
-0.008388413723027982,-0.0023113933964141503,0,1
-0.009009138574873623,-3.0003724573450583E-5,0,1
-0.011449099399461107,-6.491494947852154E-4,0,1
-0.009502104379502503,-0.0011287456054138135,0,1
-0.00903300557289169,-3.1295396938883937E-4,0,1
-0.010151345307793042,-9.630866821031008E-4,0,1
-0.010785959593441372,0.0010426114904244122,0,1
-0.00929781127735818,-2.3794688407147505E-4,0,1
-0.010797338814226329,-1.48112572111807E-4,0,1
-0.006583631079975393,-9.488459418069786E-5,0,1
-0.010152450412165281,-0.0010155343523541292,0,1
-0.008689737454909694,0.0010171276332896011,0,1
-0.009552637308202688,-2.4463540731546146E-4,0,1
-0.012487064821276006,5.396850781899577E-4,0,1
-0.009935621805750215,-0.001673393125406435,0,1
-0.013683379949066737,-0.00308701086838563,0,1
-0.010972827383675941,3.9938524021485475E-5,0,1
-0.009981781661061956,-0.0029245373105182444,0,1
-0.010507194306865258,-1.7186371736178062E-4,0,1
-0.010517357291558557,-0.0010741940995239573,0,1
-0.01098327741103997,-0.0014786352219347085,0,1
-0.00995054185578116,-0.0017581364063577968,0,1
-0.010644114747131695,-1.22413458144721E-4,0,1
-0.011746796299561825,-8.809116740886086E-4,0,1
-0.011346250704927507,-0.0013557161079462525,0,1
-0.009096462866234781,-0.0028283990884394473,0,1
-0.0092786250291924,-0.003242615196546635,0,1
-0.010348020877432657,-0.0015321967886946447,0,1
-0.013619306761545064,-0.0035045644318322067,0,1
-0.010546850403622745,-4.6420261453721277E-4,0,1
-0.011479567451815269,0.0015446251257350318,0,1
-0.009649823928437133,-0.0010976758197427522,0,1
-0.010950150772432396,-7.917478834354644E-4,0,1
-0.010860526577722478,-0.0011266018379473904,0,1
-0.010756869874752106,-2.606119015050355E-4,0,1
-0.011238547469244938,0.0013803935420657223,0,1
-0.012411371700619064,-6.950872381133396E-4,0,1
-0.008841866849241667,0.00110417770456958,0,1
-0.008948428952272344,0.0013095960276726629,0,1
-0.01075613050073306,-0.0014484259757717134,0,1
-0.011793935123095914,-4.574713337016684E-4,0,1
-0.009476080160395238,-0.0014547525823943633,0,1
-0.008063885493704662,-6.801340423866369E-4,0,1
-0.011089122068649959,-0.0011952032027377363,0,1
-0.010582863020611953,-0.0013548047575771462,0,1
-0.010694829881936934,0.0010624214317237245,0,1
-0.011843999650471879,8.636442913424073E-5,0,1
-0.011254592247849794,-1.532371685228832E-4,0,1
-0.012463810394751331,-9.783337030809332E-4,0,1
-0.010032870081550908,-0.001863883640741376,0,1
-0.010954980241488459,-7.162655723308269E-4,0,1
-0.012196280600812843,-0.0010023795399883512,0,1
-0.010977461471295491,-0.0011946704645619329,0,1
-0.010597436935683761,-6.288844265057849E-4,0,1
-0.010197994717598557,-0.0017229985987437504,0,1
-0.010815415210407929,-0.0019396679398288113,0,1
-0.01103919672031269,8.762404955887105E-4,0,1
-0.01165813403334611,-0.0021961680685153805,0,1
-0.010466164428713216,-0.0013045854300135903,0,1
-0.010562611763817054,-0.003135918764522531,0,1
-0.012725396364424468,-8.62528478297148E-4,0,1
-0.012345509695200083,5.292515898638674E-4,0,1
-0.01158642125557831,-9.455051976062984E-4,0,1
-0.011523734950456097,-8.960068210400123E-4,0,1
-0.01220488624927065,-0.0019605018284944765,0,1
-0.011574502586611288,-8.40944709727136E-4,0,1
-0.012580752754385832,-0.0011965851265424608,0,1
-0.011275472587593207,-2.1560437257286545E-4,0,1
0.0061306209483073795,0.012053829716612311,0,1
0.009794041279052841,0.010319015575729215,0,1
0.01065193308889189,0.011517253419458194,0,1
0.010256086647854924,0.01224243237483496,0,1
0.009546145820498507,0.011552503618056036,0,1
0.010031629456913493,0.01277529720508414,0,1
0.00884862162210979,0.011521178252386521,0,1
0.007039537619369622,0.011554997592356205,0,1
0.007950993223192917,0.01100962505084853,0,1
0.007430782216821312,0.012531933243498005,0,1
0.009749600790465579,0.012854583044186943,0,1
0.007658293558488428,0.012630618843622115,0,1
0.007949031763269259,0.011545896171349282,0,1
0.007876592766146953,0.012570210388871943,0,1
0.006925063031708377,0.012846174745067324,0,1
0.009747906921476618,0.01187052068775174,0,1
0.009475884562129923,0.011470440628942357,0,1
0.008246461895600174,0.011396804287174378,0,1
0.007771672571540715,0.011825513568451641,0,1
0.00890710965934156,0.01418954229453147,0,1
0.008458905982932113,0.012236585411488886,0,1
0.008746238362808651,0.012355723145964816,0,1
0.007668823627591189,0.01271928819299085,0,1
0.007178549372337716,0.011595363201155022,0,1
0.007738652067301084,0.013102175019359782,0,1
0.008075060753519341,0.012453659256792919,0,1
0.008282096306217233,0.011745753691392961,0,1
0.007308621712584431,0.013146989179421642,0,1
0.006551658050661818,0.013669502756466863,0,1
0.010558194033761863,0.012286396189823991,0,1
0.009259749037768657,0.01138941962527421,0,1
0.010142679042065525,0.011461571856049204,0,1
0.01042765782170887,0.012723352147807144,0,1
0.00962593335375644,0.012024723938225344,0,1
0.00916207005786167,0.013242509235748767,0,1
0.006845876535807113,0.010790132705180741,0,1
0.01036411510294814,0.014039354521611914,0,1
0.008353681205498339,0.012327476431524953,0,1
0.0077226274867785724,0.013012763851040863,0,1
0.00877943896389306,0.012476472384928428,0,1
0.007142764698925708,0.01355938347846524,0,1
0.007554652557204578,0.01224836496454053,0,1
0.0075427647891081785,0.013252358004968729,0,1
0.010362625190254113,0.012510824069883327,0,1
0.009620341900196863,0.012128766244479942,0,1
0.010627687883593041,0.00908736270259971,0,1
0.009103393457948365,0.012504773742077405,0,1
0.00961768361356513,0.011203766804000792,0,1
0.009904145457759554,0.010128310134569359,0,1
0.008349310225718196,0.013520479715020982,0,1
0.009109328180506738,0.011537928386574423,0,1
0.007234645059052046,0.013740660553219925,0,1
0.00794712696293852,0.012394726653000112,0,1
0.007834969906009246,0.013169009707909048,0,1
0.007812367426781711,0.015488078243784138,0,1
0.007144108595240462,0.012917623509207526,0,1
0.009609415355241319,0.012411732460812406,0,1
0.009451045904294401,0.012523637095920411,0,1
0.009711165714025406,0.01352689928137007,0,1
0.009638131617351312,0.012277955859487025,0,1
0.009746286425480017,0.012499480740313752,0,1
0.008591347018552076,0.0118557696371254,0,1
0.008639859747329452,0.012729563708280657,0,1
0.0066896802256915695,0.01355548375298716,0,1
0.0054892100587114745,0.011538953176521604,0,1
0.007576874025531332,0.012071653923533689,0,1
0.008922346259653881,0.01416978438176655,0,1
0.006990242767506413,0.013613220760954486,0,1
0.010020342282334671,0.012780299637915828,0,1
0.010330619337890246,0.011985683280631208,0,1
0.009423234729103756,0.012208782456842466,0,1
0.008921387211729827,0.013182048223230141,0,1
0.009694249099299165,0.012737601213059233,0,1
0.007976045015473216,0.012393848562435613,0,1
0.009077925957945258,0.012386938146300028,0,1
0.00827659446122197,0.014097013052995518,0,1
0.009066503545261034,0.013922131322827547,0,1
0.007892678934650005,0.012689549439699584,0,1
0.008049249932566742,0.013514397209538582,0,1
0.006960348681384226,0.01595077221674195,0,1
0.009937802464849575,0.012473456654436381,0,1
0.010331117853983066,0.013834574340392253,0,1
0.008718526207585814,0.013812593527043466,0,1
0.010326586031988117,0.011742637583982533,0,1
0.011886868346325736,0.013130755728799424,0,1
0.009116404761877568,0.013901116032716222,0,1
0.009768064327242972,0.01370281421616215,0,1
0.008651528020969785,0.011153171657052976,0,1
0.007721224739079773,0.011990794653734899,0,1
0.006373646250004764,0.01357363403587998,0,1
0.007825583808429635,0.013450282649479433,0,1
0.00860834470008667,0.015808990244569332,0,1
0.00884465436194164,0.012553473791062248,0,1
0.008606955981947908,0.013456522159881973,0,1
0.008981463876194452,0.013275774732275331,0,1
0.007008341414487012,0.012979521772033872,0,1
0.006593444158295687,0.010028960976777641,0,1
0.008852635063149383,0.012855949353337887,0,1
0.008123007058905805,0.012693854237214565,0,1
0.008574781808595913,0.014085355163283911,0,1
0.007713656371205581,0.011139813719040569,0,1
0.009289614261160964,0.013605540882826834,0,1
0.008552416465984019,0.013384124457303966,0,1
0.010451285933237022,0.011585731226570362,0,1
0.009775060294640996,0.012734812018501023,0,1
0.010257889619174544,0.013277735379104254,0,1
0.009825950737360496,0.013172788928054504,0,1
0.00828135056046539,0.016123185931144684,0,1
0.009385184495865883,0.012894708820673537,0,1
0.010482065670239685,0.01518060989907903,0,1
0.008320548463801857,0.0131437803366491,0,1
0.009279394386249733,0.013234341442998808,0,1
0.007829685113780877,0.013871359524119097,0,1
0.007846506224305163,0.013111646588709988,0,1
0.011480333124028784,0.014465188679966086,0,1
0.00837756439818051,0.01273323852777301,0,1
0.010123946301469035,0.013412921125561299,0,1
0.008914317592513852,0.013193599101178606,0,1
0.009286739074254091,0.012553005581086072,0,1
0.008331787377886863,0.013683660893771307,0,1
0.008680008624644813,0.013428571122688636,0,1
0.008698003075892346,0.012406316279838892,0,1
0.006506910384739901,0.013663683836287981,0,1
0.010562438656444104,0.012013627542525355,0,1
0.010008953187465242,0.013172686910182842,0,1
0.009842332256943845,0.01280784271788764,0,1
0.008786776712124852,0.01319170471995596,0,1
0.009403510109651719,0.012624686816284031,0,1
0.009220659278783256,0.013317054012843329,0,1
0.008621569317310703,0.013059262735987414,0,1
0.00856840662679927,0.01370143931719944,0,1
0.009516927546565027,0.013576590596899725,0,1
0.007924294766676583,0.012707591357383686,0,1
0.008032251394406376,0.01364571023449703,0,1
0.008261950465945288,0.01349412040071445,0,1
0.009872399216182997,0.012996748679948005,0,1
0.006992961096126475,0.014460664923849979,0,1
0.009112918345438571,0.014340692134946757,0,1
0.009143808347955019,0.013755402199078644,0,1
0.009338481581497323,0.013470443342880783,0,1
0.00827355062528549,0.013623942159317578,0,1
0.00861993251009312,0.013665271943517056,0,1
0.008243475349979415,0.01382068503407958,0,1
0.008439236753711507,0.013671702547005192,0,1
0.010210601984262782,0.012749265223643674,0,1
0.00911856069043397,0.013372352693899019,0,1
0.009604816552879357,0.012956709667853438,0,1
0.011400188311764644,0.011627415136861323,0,1
0.009705836527898344,0.011676249840487674,0,1
0.007971713468575793,0.014796132208995406,0,1
0.008021385717583231,0.013352306814203765,0,1
0.008013866088425145,0.013156033341086568,0,1
0.005933268397293263,0.014927090658711666,0,1
0.007192022158147516,0.015980638206298435,0,1
0.010116296879944883,0.01232815115928522,0,1
0.007531000389509253,0.014300187838303889,0,1
0.009131310890437906,0.013267108232708522,0,1
0.009583256510488055,0.01264780390742026,0,1
0.009276578336286338,0.014601755055312958,0,1
0.009870868571711164,0.013024492262830081,0,1
0.009345415580410658,0.013561813014716364,0,1
0.01078333955430268,0.014514911038290909,0,1
0.011467207798827588,0.010299980965123422,0,1
0.010436532039716609,0.014774697341190688,0,1
0.009799329948238287,0.013290901724161152,0,1
0.00913852863991278,0.013443775479405186,0,1
0.008506553927811137,0.01392373902236402,0,1
0.00842083679925145,0.012579568491705103,0,1
0.0077799649413795,0.013737929826778187,0,1
0.008189958519225363,0.01392683666542328,0,1
0.00877796348729677,0.013087529472194364,0,1
0.01062813117557237,0.014299035533188913,0,1
0.009252821552839024,0.013748966126807961,0,1
0.008947378862892175,0.013616094111617034,0,1
0.007456195991331905,0.014912660041703104,0,1
0.007570417425408133,0.015381310323685796,0,1
0.009488565493898591,0.014615737464136067,0,1
0.008869858719304867,0.012817992592081086,0,1
0.010346641593283556,0.014183224606799442,0,1
0.009436401011752036,0.013782764136996906,0,1
0.009135997490668436,0.01400656318276752,0,1
0.009437983297057256,0.01359741113582041,0,1
0.008181182946075059,0.013364093002105287,0,1
0.008710476640175097,0.01392286183347421,0,1
0.009237339278343882,0.014023875338644494,0,1
0.009425109439758423,0.012651702578032983,0,1
0.008947242360415532,0.014025158985108333,0,1
0.009277730142526386,0.0147582117336564,0,1
0.008692019626074283,0.01502176684060882,0,1
0.009395625067946016,0.014997159907307699,0,1
0.008848041417090885,0.013565100873676171,0,1
0.010419529103460688,0.01415098262115471,0,1
0.008871306167235022,0.013448420748510504,0,1
0.009187019032330813,0.013607598777312862,0,1
0.012799977016821477,0.012315803459852904,0,1
0.008747699557563443,0.015615429008087033,0,1
0.007804843881050557,0.013421621086867059,0,1
0.009049948139578089,0.014023391863284617,0,1
0.008856112191133294,0.013594314997812659,0,1
0.009054543360416268,0.014053265644181223,0,1
0.009371774530853822,0.013355802388839202,0,1
0.009051269083130295,0.014477042300379203,0,1
0.011397058648587519,0.01258963388038903,0,1
0.009468078801181147,0.014030410485690061,0,1
0.009915030412425854,0.01411515174814841,0,1
0.010250947229735095,0.014071896646642143,0,1
0.008050575425511387,0.013210199085663678,0,1
0.009095563276021512,0.0146291863954687,0,1
0.00959431306570292,0.014065937606508584,0,1
0.008923141535475056,0.013620979176332192,0,1
0.00891190273020882,0.013643807471856822,0,1
0.009214078924086364,0.014271960231589416,0,1
0.009336797604971699,0.01485385503306394,0,1
0.009882921330986021,0.015121736103257006,0,1
0.009390490333436313,0.014051314805103224,0,1
0.009806876530268911,0.014814701243601734,0,1
0.008240215015199484,0.014741169285283112,0,1
0.008962136540814795,0.01242437869680781,0,1
0.009715628566458714,0.014210410192811322,0,1
0.010078855336828722,0.014908809113569697,0,1
0.007590171298274094,0.014792390284458756,0,1
0.009922095677988518,0.014151287375890826,0,1
0.010111523060333612,0.012799033394905282,0,1
0.009835518433297486,0.014499683537002176,0,1
0.009029098802048087,0.012992966896108439,0,1
0.009880354472032714,0.014172327070059308,0,1
0.011097250028570154,0.014850180214445405,0,1
0.00938988768914965,0.014981391693976763,0,1
0.009380284193834599,0.014468287136234688,0,1
0.010502797181674415,0.014377679589696754,0,1
0.009894782725653174,0.015085007937370545,0,1
0.009594834597427833,0.014691600352972956,0,1
0.00898616828114077,0.0159470539964237,0,1
0.010009976629242683,0.014210347039583527,0,1
0.009961583015827143,0.0146883696963811,0,1
-0.0019183663488022706,0.01588917721714684,0,1
-0.001055270605915505,0.014094998144657015,0,1
-8.11206268762085E-4,0.015714050022050716,0,1
-0.0017215816432793768,0.01700604867735588,0,1
-5.663492411630926E-4,0.01915944075992422,0,1
3.44708328843516E-4,0.015362393829035124,0,1
-0.0015931231628445728,0.016252199228922837,0,1
-0.0010645552212650165,0.015926755131558903,0,1
-7.818975338033659E-4,0.016595052847498255,0,1
-6.108676006593505E-4,0.017086156981541985,0,1
0.0015820534355019433,0.015132338597609324,0,1
-0.0010915081568016432,0.017243659593795813,0,1
3.002146554995804E-4,0.016973946598307244,0,1
-9.970973643578253E-5,0.016941816911835467,0,1
-2.2052277842446632E-5,0.017684085253507523,0,1
-0.003605491410588147,0.014958281721240899,0,1
-5.167582296536888E-4,0.01632101487193688,0,1
-0.0010969160374758055,0.015392130606629084,0,1
-0.0019481506236313027,0.0179973967947387,0,1
-0.001109869938526298,0.017310370164486312,0,1
-3.243561222697651E-4,0.016626570559793538,0,1
-3.855819849106012E-4,0.016592340569760146,0,1
-0.0010878488820751998,0.018065648213786853,0,1
-0.0018849821220734031,0.014681804188385567,0,1
-0.0019454326448611152,0.01572004883233939,0,1
-1.9733388606409927E-4,0.017614686673480033,0,1
1.6160788236859334E-4,0.01904053312877364,0,1
3.756718542710833E-4,0.01704401705412317,0,1
-0.0010907487309141427,0.01547266446408086,0,1
1.3743753137287676E-4,0.01584971041323591,0,1
-6.356847661864213E-4,0.015253636323429805,0,1
-6.771976840566678E-4,0.01519733815440041,0,1
-3.6139049994916904E-4,0.014826789919170195,0,1
-0.002740741758582697,0.019439953312818135,0,1
-0.002240522704231276,0.016946886048043647,0,1
-4.101398886441624E-4,0.01630900731718553,0,1
-9.652504300563832E-4,0.01580732470449526,0,1
-6.883052406590679E-4,0.01606493043931621,0,1
-0.0010244717791517048,0.01762567406045436,0,1
-4.5633624269586883E-4,0.017950128208892448,0,1
3.910440404539779E-4,0.017518852551280228,0,1
-5.370859202268876E-4,0.01572270246263642,0,1
3.2706273680116737E-4,0.016093646233952694,0,1
-0.0012824310795385067,0.015036598978468332,0,1
-7.886750695275013E-4,0.01605512896414822,0,1
-7.091667418441103E-4,0.016149369851291794,0,1
-0.001122541867141833,0.017100617733990815,0,1
-3.3410800175472013E-4,0.017172531013776273,0,1
-0.0019289096762790388,0.017053556909304782,0,1
8.323030896870587E-4,0.01739508205060223,0,1
9.402976206517735E-5,0.015887780340278785,0,1
-0.0013755033096234741,0.017223030791577058,0,1
-0.0010202710835432824,0.017983981094349948,0,1
0.0013117881974907843,0.017892172953009666,0,1
-0.0012251653666540624,0.014851291944623056,0,1
-1.4304576228127167E-4,0.015487785725012521,0,1
-6.653343453780153E-4,0.015601114010137295,0,1
-0.0034512523996482495,0.01271570795741349,0,1
0.0010485771454648212,0.017401604275222218,0,1
4.25320675564137E-4,0.01706878935496176,0,1
-9.820666446037649E-4,0.017646679265821558,0,1
-0.001348627479564516,0.01401942420599886,0,1
-0.0018456787772125856,0.019971005777774158,0,1
1.5683161774983438E-4,0.017560966137164773,0,1
-4.8268209616141283E-4,0.018620161693367762,0,1
1.7104720394981482E-4,0.017533526885786768,0,1
-0.0020390492198984127,0.013505377014662036,0,1
-0.0014265844425474191,0.015369140401001248,0,1
0.002343079221859422,0.014455752274012927,0,1
-9.691316079664715E-4,0.015574743486845021,0,1
5.9623094615629494E-5,0.01513104509484611,0,1
2.8733410828193776E-4,0.015535766714226382,0,1
5.550749405449667E-5,0.016815199298112284,0,1
-2.0871602032282796E-4,0.01695771704566483,0,1
0.001379575422490163,0.01724233189238214,0,1
4.931028824958166E-4,0.017165185353531905,0,1
-8.866061285998571E-5,0.017473992166062623,0,1
-4.483594818257525E-4,0.017368371634929623,0,1
0.0028282110218671185,0.016413431095603812,0,1
-0.002538354901946711,0.016060647340597548,0,1
-0.0010584164932942637,0.01798535939080932,0,1
-4.06617064862634E-5,0.01700693575457997,0,1
3.752307243451321E-4,0.016026480658014076,0,1
7.831250975264095E-4,0.019117642092006174,0,1
-0.0013241740570954813,0.01650806617763736,0,1
0.0010249317532759778,0.01346401783461773,0,1
0.0022523490246423735,0.01483016013870245,0,1
0.0012782414431991233,0.013741059264619963,0,1
-0.001147292484369846,0.01522399994605993,0,1
-0.00120526794132114,0.014854846700396232,0,1
-4.461159741294901E-4,0.014580496268984664,0,1
7.301749897904783E-4,0.015952411004413587,0,1
-5.570856673152004E-4,0.016939558208196353,0,1
-1.596462604990223E-4,0.016701887939673758,0,1
2.596670529712997E-5,0.015326461716846209,0,1
-0.001094658684146628,0.01761266660704916,0,1
8.804898658242026E-4,0.01516218554996274,0,1
5.427521358079134E-4,0.01803931917135838,0,1
7.524713196870301E-4,0.016744643667948957,0,1
-0.0014803494690459557,0.016627243032459132,0,1
6.636499832487475E-4,0.01660025629715783,0,1
-0.0014578882140671146,0.01559655094486058,0,1
-3.5425161864934186E-4,0.015720969354654696,0,1
-2.4976339988154407E-4,0.01629528345327824,0,1
0.0013406112160848265,0.015030515211913018,0,1
-7.839730289868032E-4,0.012501078968046813,0,1
-4.6167841563222794E-4,0.0170844714385884,0,1
3.6847098465493085E-5,0.01679037972541289,0,1
-3.222743000319016E-4,0.015946275991858508,0,1
0.0011535233780804912,0.017659303904729112,0,1
-5.791280777124847E-5,0.01581170326222952,0,1
-1.672969650371063E-4,0.015574710380013698,0,1
7.022467854504781E-5,0.017023828534272145,0,1
-3.9145097049174455E-5,0.016015482533924968,0,1
-5.006133900040123E-4,0.013043654101043457,0,1
-3.0951228530151154E-4,0.015269750954073067,0,1
-3.4852234206426773E-4,0.01652011994078583,0,1
4.737797204198413E-4,0.016381235447354876,0,1
0.0018289991534559643,0.015760862294289225,0,1
-9.159608325591208E-4,0.016547683115911146,0,1
0.002185733269610711,0.0183502106625011,0,1
3.1096780359585673E-4,0.016239574684263652,0,1
-6.514904174160592E-4,0.015044298230491016,0,1
-6.557782499313514E-4,0.01500257844067989,0,1
1.179657983745608E-4,0.01566649390913602,0,1
4.096284911080581E-4,0.015492249511398416,0,1
0.0013861163636196155,0.01533867112958628,0,1
4.92605637340241E-4,0.016401319495408368,0,1
1.4062465057129218E-4,0.015977670481511476,0,1
2.1394343083526733E-4,0.01747022368212717,0,1
-3.678412487410013E-4,0.0152404225561357,0,1
2.0292871595485078E-4,0.015539018616229257,0,1
4.402838376608727E-4,0.01653834662284723,0,1
-0.002105254343386911,0.015289641827476837,0,1
2.9555713533861846E-4,0.015476971663619664,0,1
-3.2078941036020375E-5,0.016691113369841307,0,1
-0.0018582792929754271,0.01317053339009478,0,1
-4.007302082222764E-4,0.016140633166343565,0,1
4.033845533299144E-4,0.016677651508193496,0,1
-0.001396792565722996,0.017333223467087978,0,1
-6.90469594514039E-5,0.015370560181247103,0,1
1.2736516941743779E-4,0.015660709391123667,0,1
1.876589594520629E-4,0.016074684943030222,0,1
9.547339610302575E-4,0.01483427356264873,0,1
-3.8857101705434106E-4,0.01704833430718471,0,1
8.835660284408014E-4,0.017071419405051382,0,1
3.059159662818403E-4,0.016410158755622947,0,1
0.0019162280889264789,0.01672050423353557,0,1
1.6033950727999263E-4,0.013779239067596342,0,1
8.731416470935484E-5,0.015326971422712636,0,1
6.289443024644991E-4,0.014948304094616002,0,1
-5.341186399860828E-4,0.01599626500404458,0,1
2.872463536463264E-4,0.01587880127968032,0,1
-4.108518623374095E-5,0.015761262470239772,0,1
-0.002269137107777421,0.013433120428766427,0,1
6.557738269252606E-4,0.01600575794997812,0,1
9.773741264484251E-4,0.01662099486060839,0,1
-0.0014370876727118583,0.01305087115679405,0,1
0.0016533478827675159,0.016280843213204506,0,1
-3.519818773671696E-4,0.01683353548019167,0,1
3.3662277916264376E-4,0.015993788915727506,0,1
0.0018552611605412027,0.015757988982315556,0,1
-0.001030949246862825,0.016965531229928492,0,1
8.194440958009326E-4,0.01554688899810277,0,1
-1.7269670361722784E-4,0.014466383092408847,0,1
0.0018343755395508077,0.01605651455091209,0,1
0.002828058253977585,0.016084928900080956,0,1
5.177722624117267E-4,0.015619130604792513,0,1
0.002755426714373771,0.01628951124179232,0,1
5.581968184066451E-5,0.016418707826647616,0,1
6.554112991427853E-4,0.016088324863901684,0,1
5.997653442550119E-4,0.014064472533592826,0,1
-1.9916022504157122E-4,0.01586065382517824,0,1
7.313378171008682E-4,0.0155734225187662,0,1
0.004489921840740022,0.01620187603097073,0,1
8.856770467694195E-4,0.01694369927539291,0,1
-0.0011809965917801428,0.01523845966174646,0,1
5.280743514088265E-4,0.014966364145125368,0,1
7.849149577874394E-5,0.0149424068653008,0,1
0.0011144907840667931,0.014857820376539068,0,1
-7.871880109746515E-4,0.01595498078296017,0,1
8.876689479127287E-4,0.01705378205244753,0,1
0.0011839423906083713,0.016206293792451285,0,1
9.79867618272005E-4,0.016675346457423888,0,1
2.5337420040865414E-4,0.01365878266966668,0,1
1.7523354653133365E-4,0.015335893242501761,0,1
6.964252908307518E-4,0.013781907229115962,0,1
9.131850267206673E-4,0.015659907439826013,0,1
0.0011900556234017928,0.015724751898145945,0,1
9.278849506099543E-4,0.015610511256550665,0,1
0.002008402509518138,0.016933773790771756,0,1
-2.825684535757507E-4,0.014287114531665241,0,1
0.0016876525530575342,0.014762244533371745,0,1
0.0015136025579668391,0.015316360152457003,0,1
5.428050930039402E-4,0.015880652086483753,0,1
0.0010665236089227022,0.015623790669683996,0,1
0.0021347383634790743,0.014311816025971742,0,1
-0.0011935655472189973,0.013095501814174855,0,1
0.0018972666130800005,0.014888408179604061,0,1
-6.813642344335676E-4,0.016026622538680476,0,1
7.94452787342339E-5,0.017027065645205862,0,1
6.744819953621632E-4,0.01448352194978395,0,1
3.4644464678364325E-4,0.015428869440285523,0,1
0.0013398529646597719,0.015026863607386752,0,1
0.0013731737298208414,0.015584211248424023,0,1
-9.780780334025917E-4,0.015881690164182727,0,1
-3.3931043065455607E-4,0.016050928531892245,0,1
7.918182027439553E-4,0.016361006036604127,0,1
0.0013035785971027133,0.015769779941354884,0,1
0.0010314085158446267,0.015419811545800442,0,1
-3.457814233836042E-4,0.015882310648556698,0,1
8.885683040587615E-4,0.014960574352264343,0,1
0.001372783118553762,0.016447408128173212,0,1
0.002384190350026469,0.013755480548340278,0,1
-9.70104351996905E-5,0.015313879871338278,0,1
0.002138015758592802,0.015427002141252777,0,1
8.831533278293864E-4,0.01655100462569025,0,1
0.002386121063826946,0.015362765044194421,0,1
0.0012213312790706169,0.01411001920598618,0,1
0.0010706339817529434,0.015198994691884378,0,1
-1.072356280694445E-5,0.015423381555579999,0,1
6.986998330747054E-4,0.015379405092853422,0,1
0.0012068012861258114,0.01520788247478505,0,1
4.84352612677329E-4,0.014226462149966283,0,1
0.0010470883836913812,0.013738659287474541,0,1
9.372737574815554E-4,0.013452104705509763,0,1
0.0015449480708266236,0.015482790675146569,0,1
-0.0033872678041297704,0.016709083148821947,0,1
6.424853488845389E-4,0.01403873658313903,0,1
-0.0016936759398596263,0.015914890159532537,0,1
9.084669130203727E-4,0.016293136057256265,0,1
-0.0013771934840639548,0.015298910893795259,0,1
-0.002318578034137613,0.014348892295639905,0,1
-0.002361070981502424,0.016299076260352024,0,1
-0.001967320057332498,0.015606039296156315,0,1
-0.003660056653368089,0.015953305228836784,0,1
-0.003152110617345325,0.014710283702644286,0,1
-0.0038930189883336786,0.014687873185527679,0,1
-0.004899227339201351,0.013133564761077625,0,1
-0.0020590777162166445,0.014185513254455273,0,1
-0.004428831761339186,0.013549837681225505,0,1
-0.003983632438321776,0.014094309859618353,0,1
-0.0015420997725614125,0.01556114800610826,0,1
-0.0022418959452700964,0.01625286908600644,0,1
-8.359692716121821E-4,0.014299967744701356,0,1
-0.002141410304091128,0.01515329021365386,0,1
-0.003985565907057216,0.012373751167965378,0,1
-0.0029165599814198868,0.015609489192242297,0,1
-0.0031235640095649297,0.014777394583172567,0,1
-0.002975658422422235,0.014295645089583274,0,1
-0.003259417412883263,0.014557243185184306,0,1
-0.00344213550358724,0.014255300446912348,0,1
-0.004141481558837845,0.013518361362828074,0,1
-0.0022080964528190176,0.011381280164848882,0,1
-0.0034922307608571397,0.014565585239130827,0,1
-0.005159170125988178,0.013776521405482127,0,1
-0.0020685739637229935,0.015760800536831716,0,1
-0.0011280198209967325,0.015134665206783651,0,1
-0.0014519893821327266,0.015586373096192655,0,1
-0.003141758317770779,0.015888638603217896,0,1
-0.0025075614626823505,0.01587774036312078,0,1
-0.00202279198338963,0.01598534569029356,0,1
-0.0018115586509906839,0.015207564672949042,0,1
-0.002593465644322996,0.016078485092436184,0,1
-0.0037535496308680177,0.014299464141736716,0,1
-0.0028815441285118646,0.015820873673030738,0,1
-0.0031713349301807814,0.014184565340698707,0,1
-0.0031192625009732597,0.018269169934819977,0,1
-0.0032484280665812946,0.01470250702244857,0,1
-0.0032456064476941234,0.013313800296316916,0,1
-0.0011288640523235824,0.017156730239609376,0,1
-0.002042545415734465,0.015539911803728478,0,1
-0.0016385596699417528,0.016979553312659636,0,1
-0.003382535085523485,0.015493548880569438,0,1
-0.0024711038394041244,0.01527106551392055,0,1
-0.0029222235243863194,0.016366078648181577,0,1
-0.0016115295723058277,0.015548266556746826,0,1
-0.004709128976657656,0.013440897329549983,0,1
-0.0030165560705655075,0.01494322161472101,0,1
-0.004078208700513053,0.015399832023791516,0,1
-0.0037819840270587267,0.013885179503189076,0,1
-0.00389494007103976,0.013839090622888555,0,1
-0.0029290615664336037,0.014520346074952947,0,1
-6.757145543696821E-4,0.01460156057823019,0,1
-0.0029076429819883238,0.016713395787775594,0,1
-0.002103030029717708,0.015554876881492216,0,1
-0.0022949764737679066,0.015532630466531628,0,1
-0.0023575698638827972,0.016468757320839134,0,1
-0.001987930303161023,0.015747365162974248,0,1
-0.005648650072678842,0.01787701823978442,0,1
-0.003785706793734201,0.011959051395375345,0,1
-0.004009327602339093,0.013463403237286793,0,1
-0.003670861361844032,0.01608206325760222,0,1
-0.004140864841401812,0.012968233009988091,0,1
-0.0028233624674451727,0.015297866158833832,0,1
-3.261473815529339E-4,0.015785482761396435,0,1
-0.0026606866925994906,0.015607919376443975,0,1
-0.0022404434925487673,0.016180888326661508,0,1
-0.0033383894675164615,0.016003663371554802,0,1
-0.0022105316530045883,0.01578836668112646,0,1
-0.002511631053037769,0.015319061764401776,0,1
-0.003522053174399384,0.015961986941361826,0,1
-0.0058856423478621045,0.01492738449880986,0,1
-0.0030126890807427135,0.014930326661956279,0,1
-0.003981405935012719,0.018272146678486006,0,1
-0.0026005182021291424,0.015518191514423142,0,1
-0.0031365365298303503,0.014358041926179864,0,1
-2.721451660289651E-4,0.016759317080634904,0,1
-0.0017929278098309843,0.015773248422889977,0,1
-0.0025324918584859156,0.016431042981936254,0,1
-0.0025729240807448837,0.014546820438634173,0,1
-0.003323228979609803,0.015351618769349103,0,1
-0.0019898883479900612,0.015232525777855832,0,1
-0.0027392199906116485,0.014531516725674357,0,1
-0.0035337927009599767,0.013334101723731728,0,1
-0.0024845437170810405,0.015001023120647565,0,1
-0.003648085229188434,0.016032858098947063,0,1
-0.004146055085932217,0.017695229518754862,0,1
-0.004302372811727913,0.014594109539336654,0,1
-0.001854109303229679,0.01612555243221474,0,1
-0.002900591921884449,0.016039801585479612,0,1
-0.004789649676303676,0.013173921850547068,0,1
-0.0032472233372956498,0.014590779477042381,0,1
-0.0026943425848230595,0.01600005579051494,0,1
-0.003497552854471085,0.015344873440781392,0,1
-0.002761761740790652,0.014180537195790118,0,1
-0.0019092110087434626,0.01682205318567355,0,1
-0.003095703071178725,0.014673879782182746,0,1
-0.003575810677849212,0.014833794307529225,0,1
-0.00427502336735959,0.014542893557385809,0,1
-0.002965752036896756,0.016080421736308085,0,1
-0.002565085417223518,0.016303068086682675,0,1
-0.0013798810707003838,0.01669270385422934,0,1
-0.0022382434962128577,0.015251035356745025,0,1
-0.00299934383421485,0.016494506589447944,0,1
-0.003869050522726876,0.016009258828866797,0,1
-8.387523707959282E-4,0.014525090801226033,0,1
-0.003747393700985045,0.015286249722922439,0,1
-0.0032125955002149497,0.014541385304759027,0,1
-0.004328676959300968,0.014475628693439853,0,1
-0.0020223900226356254,0.016622730644583403,0,1
-0.0031935407583556794,0.01584193290774782,0,1
-0.001943779300628902,0.016678938660526853,0,1
-6.135249265727835E-4,0.015595195209172932,0,1
-0.003272021974151352,0.014597605561955728,0,1
-0.002549833766653604,0.01614966745597017,0,1
-0.002585429980215531,0.015488811591103407,0,1
-0.0037576914834879,0.015332073374970754,0,1
-0.003948669099483109,0.01535126634054483,0,1
-0.0038354994021374757,0.015625727140004302,0,1
-0.0020799022789205527,0.016431195366076224,0,1
-0.0010276627124345915,0.01672928192367911,0,1
-0.0046172960048514984,0.018902474700486047,0,1
-0.0035185789844821088,0.014321155761605356,0,1
-0.005174001760506676,0.015768792823279382,0,1
-0.002999657148120076,0.015477793526966935,0,1
-0.003597734029711329,0.014881121852107666,0,1
-0.003138133719335698,0.015584857532465475,0,1
-0.0026010751402384944,0.016781924956052675,0,1
-0.00299924405459385,0.01567304825113499,0,1
-0.003009690756974376,0.018545760853599318,0,1
-0.0017145492858317512,0.016785070469337145,0,1
-0.0027836725944004946,0.014526070336581001,0,1
-0.0018393170211515584,0.015369041750519188,0,1
-0.0023315818797254796,0.016063261405799587,0,1
-0.004029518669544535,0.015249443678068813,0,1
-0.0033923749507403897,0.015671159702545664,0,1
-0.004200272513056619,0.016012808099464537,0,1
-0.0034901567124485337,0.015017081089800693,0,1
-0.0012323951417197014,0.017398914397617156,0,1
-0.0021753878068458553,0.016242481832795773,0,1
-0.002307295902740064,0.01683655630859059,0,1
-0.002914622951462888,0.016253898730940363,0,1
-0.002878482555352549,0.015496218234749243,0,1
-0.002819536934469375,0.015029296018973605,0,1
-0.002855698121847289,0.017698896476841898,0,1
-0.0027934454458248717,0.016012412415164864,0,1
-0.003579019781134525,0.015663204335379516,0,1
-0.0022107116148075657,0.015199682103600115,0,1
-0.0019908241737884576,0.0164656674346818,0,1
-0.0027322678206692023,0.016596325684883048,0,1
-0.004136396028666926,0.01511875736197038,0,1
-0.002693380408352088,0.01620564636214803,0,1
-0.002075877624738833,0.016670446227406713,0,1
-0.003100657746804556,0.015011894913175521,0,1
-0.003042608166021843,0.015542739931228533,0,1
-0.0021637485785965336,0.016516160160842588,0,1
-0.002766973374340849,0.015372963173847731,0,1
-0.0018240016482092111,0.016943976037419324,0,1
-0.004329727129849621,0.017584698901852727,0,1
-0.0030657018763253665,0.016824140895591914,0,1
-0.003667931051942391,0.015190509755140344,0,1
-0.004017489832603412,0.01678789829804402,0,1
-4.1877581917055737E-4,0.016334806771862304,0,1
-0.005865263178709631,0.013591773009033702,0,1
-0.003235272743535833,0.016268970593300288,0,1
-0.0015186042103634077,0.017002257217326837,0,1
-0.0017062360777166964,0.016669343641473433,0,1
-0.0022110993241341447,0.015948506593102683,0,1
-0.005013196368928835,0.0173642561983504,0,1
-0.002841653645762926,0.01776078148675583,0,1
-0.0037844367619753756,0.01609895204410069,0,1
1.2786351417415245E-4,0.014635721764394809,0,1
-0.0029505202610042277,0.015390636783790605,0,1
-0.002643617395559399,0.01629076857795945,0,1
-0.0040740935933317795,0.016423760729678855,0,1
-0.0034825440888203514,0.01572626250461544,0,1
-0.0016348844661826444,0.015536251195034542,0,1
-0.0027833729489089845,0.018021522533309565,0,1
-0.0040590773290089905,0.016605547054497183,0,1
-0.0023627886006232697,0.015797602352483297,0,1
-0.006081112237152781,0.017757908777841128,0,1
-0.004818388092659849,0.014539493970442276,0,1
-0.0025662108134151397,0.016168098665652796,0,1
3.3486871950733137E-4,0.0187788297749784,0,1
-0.002472251068230163,0.017359541964642757,0,1
-0.0032963735059797043,0.016384526420388363,0,1
-0.0031289600786273413,0.01607570363811209,0,1
-0.005003427606663645,0.016966967911358894,0,1
-0.0024084682431708493,0.01620523570600073,0,1
-0.00317046401375413,0.016736728923516856,0,1
-0.0035910816447620518,0.015547592595302707,0,1
-0.00280299993779197,0.017424305005888818,0,1
-0.0033948077508128764,0.01630008655732201,0,1
-0.002360819758293034,0.016907158041727002,0,1
-0.00282602398382581,0.01757769501204465,0,1
-0.002718343656314856,0.017744074801867352,0,1
-0.0034188584914849334,0.016581585287296124,0,1
-0.003435992679069438,0.015865515889552307,0,1
-0.0028960828115592195,0.016698893277102965,0,1
-0.003360178641575161,0.016162439979677198,0,1
-0.0036440055515257184,0.016338067948534197,0,1
-0.003571995097072232,0.016576732186727932,0,1
-7.533942147221239E-4,0.018400918039200794,0,1
-0.0027864430654379936,0.017334450326974688,0,1
-0.004510215322627842,0.01607150152109642,0,1
-0.004118271113530371,0.018307577559338917,0,1
-0.004309855281270117,0.01769605407775596,0,1
-0.0039051420976870116,0.017969533568348572,0,1
-0.0038115267994373427,0.018140471685712197,0,1
-0.0031698733246091374,0.016474216817378002,0,1
-0.001876935717531173,0.01731087443040147,0,1
-0.001890336755416351,0.016343587480819675,0,1
-0.0023056842818099774,0.014935765208635892,0,1
-0.0038299983326674633,0.017081717671778476,0,1
-0.001790183832547771,0.016918004652402993,0,1
-0.0017692229038289249,0.019138255499315793,0,1
-0.003005192927212871,0.01734612846883246,0,1
0.015213521130420472,8.425486954948568E-4,0,1
0.015053329438686447,0.0012579663371943932,0,1
0.015425658407996857,0.0020172358166003035,0,1
0.014467965001949287,-9.279741367245347E-4,0,1
0.015096749487668818,5.088758836429381E-4,0,1
0.015599636721460933,-7.85254950416531E-5,0,1
0.014232513859193888,0.003165263538164841,0,1
0.015808020234146253,-3.695178329963553E-4,0,1
0.015736850238202045,6.568683604433613E-5,0,1
0.014518005332924862,2.8569468513916835E-4,0,1
0.0143215324237707,-5.179352147726041E-4,0,1
0.014526768667991264,-0.002277463459152442,0,1
0.01488190569794881,-0.0011699105316787856,0,1
0.015954029551965655,-0.0016807446253485972,0,1
0.01503228547062514,-0.003049238456043228,0,1
0.013626993936341831,4.936639858862765E-4,0,1
0.01491894764994363,8.500634939711594E-4,0,1
0.01484508484064448,-0.001239840107013536,0,1
0.012273103989773155,0.0018108520063566114,0,1
0.014693896171406678,0.0019923086140606837,0,1
0.014244563584329697,-0.001004181448448687,0,1
0.01361218707869826,-0.001692015701016906,0,1
0.015169931218990535,5.357380144254943E-4,0,1
0.015019177891659359,-6.003375539007345E-4,0,1
0.015704245563876267,-5.044475304629063E-4,0,1
0.014875328331531172,-4.890348093253541E-4,0,1
0.013822977192860507,-5.927328816083938E-5,0,1
0.014337602071003475,-8.659180808235123E-4,0,1
0.012855909380010843,-0.0014055800186999522,0,1
0.015610704369323198,-0.0014122191839241762,0,1
0.0158773846549602,6.090712384361368E-4,0,1
0.015247353765157817,2.1416584848049959E-4,0,1
0.01491366186773744,7.596817324225948E-4,0,1
0.015076596076699736,-0.00137738261357275,0,1
0.011977745657896536,7.440061123591807E-4,0,1
0.014516887701767532,3.4471957132915185E-4,0,1
0.013653886655752269,-0.002675806257984123,0,1
0.015592205111091773,-3.406616862883934E-4,0,1
0.013961727870128926,-0.0014037786382481057,0,1
0.016507036416913,4.6029403128511115E-4,0,1
0.014691857457123902,-7.279803585778649E-4,0,1
0.015913807911647825,-0.0019382026048248202,0,1
0.015190094851430446,-8.75221434693107E-4,0,1
0.014727961503151766,-0.001213972637568936,0,1
0.016680075871570357,0.004230748450799708,0,1
0.01385127698157037,-2.422325447388847E-4,0,1
0.015557820073994547,-8.766119872006493E-4,0,1
0.014317123861025615,2.0396235238274844E-4,0,1
0.014564737151872838,2.907256730955625E-4,0,1
0.014323322649704298,3.0325611397903878E-5,0,1
0.011613078045659368,7.82605471865295E-4,0,1
0.014676436956967952,-0.0011043644341892976,0,1
0.012843716405774782,0.0010595883435771285,0,1
0.014337541116659821,-5.799080481055746E-4,0,1
0.01551711480485681,-8.854217079668594E-4,0,1
0.015542669439826818,6.095044050370171E-4,0,1
0.01486442934862233,-0.0015674740370993714,0,1
0.013247518524077607,0.0010026057516928704,0,1
0.014856151413095611,0.0012507026229940873,0,1
0.014688787129662694,6.555631619706879E-4,0,1
0.014600432427710038,5.006079247497619E-4,0,1
0.01419892692974405,-7.346169069447693E-4,0,1
0.016803642677818784,-0.0011252688509973989,0,1
0.01606333458879877,-1.5526848897693624E-4,0,1
0.01394694909584305,2.5707327792297806E-4,0,1
0.014389688899621892,-4.741113404125808E-4,0,1
0.014443617480497096,-7.564707160473616E-4,0,1
0.014276690337602274,-8.612827390347343E-4,0,1
0.015269296086332785,0.002028885227745,0,1
0.014920201164592016,-0.0019002650891289147,0,1
0.013861982816874533,6.250281063887163E-4,0,1
0.016153334315465843,0.0011663069830970892,0,1
0.014673236942970137,0.0010596742937063865,0,1
0.015445992404481157,1.7589307961943108E-4,0,1
0.016677978086656144,9.580034041229263E-4,0,1
0.01493027872403158,1.1383188879424138E-5,0,1
0.01319746427748273,0.0037673844850216152,0,1
0.012747047640415754,-1.9463268074511284E-4,0,1
0.015009586599849186,-8.129638027970637E-4,0,1
0.014161836030123946,-3.627540460164901E-4,0,1
0.014494498903177003,5.711464980159452E-4,0,1
0.014604530862900035,-6.820737228422435E-4,0,1
0.013195373025778882,0.002633079438629909,0,1
0.01472204956195717,1.6126533476737664E-4,0,1
0.012606912092744357,0.0013607953177106691,0,1
0.01498155404759695,0.0016350429112089511,0,1
0.01393175871074369,1.0481966793314255E-4,0,1
0.014595348036218512,0.0015954219729925022,0,1
0.013831215122439658,-5.287139292211368E-4,0,1
0.014686769076290114,-9.034528683554357E-4,0,1
0.013796601072041564,-0.0011108283561576846,0,1
0.013492514426477972,-0.0017698199129946484,0,1
0.014583096041666807,-7.920930896859352E-4,0,1
0.014721987768360588,0.0010704947730531696,0,1
0.01604754358979622,0.0011585387099526843,0,1
0.01415108364861518,6.674542042678854E-4,0,1
0.01396336672627711,2.5469096243371895E-4,0,1
0.014022363472579548,-1.4669273507775252E-4,0,1
0.01387597805401879,4.978203291958029E-4,0,1
0.010783393717979364,0.0011396083595053817,0,1
0.014901415715608974,-8.14201431267412E-5,0,1
0.014668102483056621,-2.3709187360966582E-4,0,1
0.013839567304477498,-4.98058955556458E-4,0,1
0.014564845303874556,-5.260183369519712E-4,0,1
0.013103897693457212,-0.0016684553313469671,0,1
0.01475784533270172,-0.0014921619437398316,0,1
0.016068849187305334,8.624147255842544E-4,0,1
0.015039478971040235,0.0013871105091898634,0,1
0.012687716171468046,9.060302245752012E-4,0,1
0.014088448656097185,4.7216714883727796E-4,0,1
0.016165621568815,-1.9078484047907124E-4,0,1
0.01563905722034753,0.0017184591289151415,0,1
0.012660026772772262,-1.7880532026297405E-5,0,1
0.01270524204680325,-2.7661247149261196E-4,0,1
0.015109164385808286,-0.00115826208500612,0,1
0.014135009490393063,-4.0058873292005023E-4,0,1
0.014437054411627976,-7.305266269854795E-4,0,1
0.013491458502683129,8.061761279704071E-4,0,1
0.014048902143748166,0.0011650462636409533,0,1
0.014854388790017556,0.0010113448311064514,0,1
0.014753909019679243,3.9662377230426777E-4,0,1
0.014067487869190225,7.207505640879746E-5,0,1
0.011454805670074949,6.04658599223579E-4,0,1
0.01430494561135915,-8.54997120454134E-4,0,1
0.014564091191503377,-0.002357875646096232,0,1
0.013931815650706413,-6.935238682476747E-4,0,1
0.014036911697647357,4.588768514769244E-4,0,1
0.013957285926136365,0.0010390150006125318,0,1
0.013713950014434447,0.0023204767713469006,0,1
0.013622199210641632,-2.8820044207072975E-4,0,1
0.013918923132220627,-1.759270806107424E-4,0,1
0.01404935167742123,9.617079049702023E-4,0,1
0.011358989733573226,0.0014240432987343051,0,1
0.015333459756656464,1.7387796155118732E-4,0,1
0.013718951827843362,-0.002848336629687614,0,1
0.013020507626185458,-0.0018830313680173146,0,1
0.013721131507069216,-9.391576083003972E-4,0,1
0.013916308380497688,9.285071257087284E-4,0,1
0.015067087685690194,0.0014136741234264869,0,1
0.014035948529984146,7.556943169311839E-4,0,1
0.013014293273324288,3.24293298590891E-4,0,1
0.013777815402782105,6.045015576051181E-4,0,1
0.011292138150141762,0.001679421710760963,0,1
0.013319143918287592,-7.290533442692678E-5,0,1
0.013859852648678343,-2.776677314953117E-4,0,1
0.013485400437518147,-9.79349231930721E-4,0,1
0.015368379853031543,-0.004139902430520673,0,1
0.014211177122823642,7.963619224480786E-4,0,1
0.014210931579276788,0.0011433504514192518,0,1
0.012735996744283934,-4.15897151317972E-5,0,1
0.013530348684344298,1.0895610612662876E-4,0,1
0.01342778583209122,4.234319218432078E-4,0,1
0.013439645753838903,-6.369649569829652E-4,0,1
0.01387770804425156,-4.4670638234067055E-5,0,1
0.01405192303024344,3.7720011374453534E-4,0,1
0.01357408448859486,-5.488422467476676E-4,0,1
0.014480083625993895,8.94186081900723E-4,0,1
0.0134637020854871,-0.0012418305621012455,0,1
0.013674053235702298,0.0016443527193521369,0,1
0.012535049013215461,-0.0010930713353983523,0,1
0.012319975434061974,0.0014306183168571627,0,1
0.015580227188849318,9.648144455024286E-5,0,1
0.016507725477743363,-0.002374617369747739,0,1
0.013894026528105405,-0.0011259567195827597,0,1
0.013406712951559738,-8.292240714628083E-4,0,1
0.013904898690279468,9.934371601072927E-4,0,1
0.014244826938115664,7.682560595049409E-4,0,1
0.013862601788605966,6.98331695684287E-4,0,1
0.013061412521826259,-0.0013119298063263868,0,1
0.013777207073238047,-4.041183761272564E-4,0,1
0.014420598150698093,-7.235504841125395E-4,0,1
0.013326115347388373,-6.784452400125471E-4,0,1
0.013621146725675019,-6.14831409942189E-4,0,1
0.013686551256418484,6.936025173267222E-4,0,1
0.012439053152837878,0.0018072143012625296,0,1
0.014443684261345239,-2.2264866622530015E-4,0,1
0.013887346712205454,0.00351573699236505,0,1
0.013503310133822761,1.8671211105790014E-4,0,1
0.012705954098883228,4.7809738501621983E-4,0,1
0.012794191986164846,-5.704058310521151E-4,0,1
0.013889356814638553,0.0015268641240628468,0,1
0.014187986659907392,0.0030892107425486985,0,1
0.013549021897181442,0.0011195810596445722,0,1
0.014755287553695581,-2.852315530873048E-4,0,1
0.013147991694992171,8.024123491314804E-4,0,1
0.013432428050910447,0.0016048604502336074,0,1
0.012952159971557416,2.539858194757607E-4,0,1
0.012153718124709313,-1.132595135160918E-4,0,1
0.013606397230662981,0.0015480964490388485,0,1
0.013285684770764226,3.888337633819965E-5,0,1
0.012166105177741,6.560327850856569E-4,0,1
0.0134124183550469,-3.115517682759812E-4,0,1
0.013339943261382907,-1.5973584311654792E-4,0,1
0.015287439271041148,3.155865377898651E-4,0,1
0.012838147393674046,2.1204648128416947E-4,0,1
0.012765230005314106,8.97957184450708E-4,0,1
0.013901335397047082,0.0012380015973681912,0,1
0.01381054605099741,-2.3357147468500337E-4,0,1
0.012064991948194768,-6.385207581359168E-5,0,1
0.012682663679128538,-3.468341935627139E-4,0,1
0.013197462446499083,3.060336036017807E-4,0,1
0.01539023747489337,-8.425213129686311E-4,0,1
0.013176665870606842,1.337931237777018E-4,0,1
0.011835697832049635,0.0012290566419604235,0,1
0.013663047330599427,1.3406210455623255E-4,0,1
0.01294558015752439,-2.3174226861947422E-4,0,1
0.013621016238898206,-2.1801462924327496E-4,0,1
0.01293254484217781,8.938204561920609E-4,0,1
0.011945885696711234,7.717957626431589E-4,0,1
0.012464539449673061,-0.0010487814512459153,0,1
0.010070564268076076,-2.625214830867114E-5,0,1
0.013730930146097758,6.017141434529358E-4,0,1
0.01162786433656731,0.0010497680369055229,0,1
0.013876104590899281,-7.030770325177965E-5,0,1
0.013089591563339354,-1.9665818487059702E-4,0,1
0.012033184508146059,1.852412397467116E-5,0,1
0.013020861800723779,3.9859903103283887E-4,0,1
0.012851819856894342,6.651508896028508E-4,0,1
0.01552851653383895,0.0027834472576211424,0,1
0.010337158539841223,0.0024067870443530504,0,1
0.013802059842879083,5.0699973854436895E-5,0,1
0.013896972791883127,-4.7402136828580724E-5,0,1
0.012476131337431166,-6.440401907358725E-4,0,1
0.010370302870185115,0.001171677912656969,0,1
0.01084985308656438,-8.873279306034351E-4,0,1
0.01323560533291624,6.44622996228375E-4,0,1
0.01212810045787915,0.0011415175378160034,0,1
0.010178019234631247,0.0020178051225260836,0,1
0.01117258767701189,-3.9334781438862587E-4,0,1
0.012788448962979773,-3.960394417758128E-4,0,1
0.012438955110033406,4.547282068807588E-4,0,1
0.011446354797679976,-3.532945969411396E-4,0,1
0.011699121079314432,-4.99898360264186E-4,0,1
0.009734049016853819,0.0024240853402287543,0,1
0.014461353450822306,0.0010630327297104767,0,1
0.011611043840389869,5.261131748386488E-4,0,1
0.012240563259073096,-1.3748382994109354E-4,0,1
0.011986328001402395,3.949372417079229E-4,0,1
0.013361201176566194,0.001210080396983296,0,1
0.011834022215290719,0.0021083156493031303,0,1
0.014654789588389533,0.0029941990581279013,0,1
0.013502052408266517,0.00370290802859648,0,1
0.013448584684735195,0.0015078745367885203,0,1
0.014150003279312626,0.0015033527281897278,0,1
0.014241118223224394,0.0012304735831009713,0,1
0.013478636239156617,6.566631640125445E-4,0,1
0.016607352988593584,-6.655421858259202E-4,0,1
0.01274890135892925,9.779819732010108E-4,0,1
0.013608174101593238,0.0011369894544832019,0,1
0.013921659392571152,0.0022648316806022483,0,1
0.012704145707855418,0.001133070016176348,0,1
0.010859290977588969,0.001488321291076019,0,1
0.012987668944472158,0.0013048097946808872,0,1
0.013112641285514282,4.228245500875195E-4,0,1
0.013504002998457653,8.239359551226284E-4,0,1
0.011720178054452565,8.562951037691272E-4,0,1
0.01632896859450274,0.001009725088563679,0,1
0.014553627944627246,0.0012039912064082485,0,1
0.014863341796464338,0.004024899999173055,0,1
0.016487042101803677,-0.0012813594193645933,0,1
0.01829297389758515,0.0013992179843136977,0,1
0.013255959452677326,8.22746147145425E-4,0,1
0.015055347471782892,0.0013793737787636791,0,1
0.011813847877821207,2.439473322096996E-4,0,1
0.013370650331218042,0.0011942900789233062,0,1
0.012097091081052832,0.0014035149133835017,0,1
0.013194186071411583,0.0011172532784942972,0,1
0.013071207570894834,0.0012853672944631688,0,1
0.013636147399077493,0.00276512104098937,0,1
0.010012986376042272,4.1437265627658807E-4,0,1
0.011951745939006626,0.0013217861142401503,0,1
0.015327194987988142,0.0016753350590994413,0,1
0.016071074040568727,0.0013750072699424418,0,1
0.01345028404968735,4.895792931417647E-4,0,1
0.01471343412596352,0.0014464341677829506,0,1
0.013221744844095969,0.0014392554207689654,0,1
0.013758197175199308,0.0010215531861954175,0,1
0.013795504678320318,0.001358110743374298,0,1
0.011682495222473728,0.0024978262281689307,0,1
0.012696385132702203,-7.640320358966212E-4,0,1
0.012415735843761173,-3.611630052413795E-5,0,1
0.012607411240295777,0.0015722437166583705,0,1
0.011995621476677392,0.0015469173336642857,0,1
0.013033047057036836,0.0011837619844214163,0,1
0.010293416771067722,0.0010954649265505524,0,1
0.012321303397066571,0.0026571593964386407,0,1
0.016602517647468878,0.0014501890845861653,0,1
0.014779862189641987,0.0017763046938458484,0,1
0.015601404794039818,0.0011514809124157843,0,1
0.014121706061896519,0.00281346989558785,0,1
0.01447308137622447,-3.489405558456736E-4,0,1
0.014974929312026233,0.002487705057737421,0,1
0.013067409273145125,0.001414180322084616,0,1
0.013642199981885142,0.0011487203412793297,0,1
0.012526559380385008,0.002672309715957195,0,1
0.013135726137771355,0.0013252732227539699,0,1
0.013203074897042881,0.0010169760019653848,0,1
0.01326167615733248,0.0017883355563878675,0,1
0.01017547237368971,-0.0014307751249686567,0,1
0.01547226738697541,0.001420904817328672,0,1
0.014274140113360107,0.0022974938013371224,0,1
0.014691716098081594,9.002959659393773E-4,0,1
0.012872782738351173,0.003801731902556721,0,1
0.011820616206952786,6.348940287179419E-4,0,1
0.013654931949882213,0.0012850543830635562,0,1
0.013291217929634967,0.001800173910001298,0,1
0.01219065626354198,0.0010533650737945804,0,1
0.01594486775284458,-4.904571967121696E-4,0,1
0.011411101068562524,0.0020909860642330863,0,1
0.012106365394838918,0.0016551327777229341,0,1
0.013161779744706137,0.0024625077196039377,0,1
0.011776561615059217,6.39114116536266E-5,0,1
0.01226305984501353,0.001269190004889593,0,1
0.011764870080011184,2.538572035877453E-4,0,1
0.013404428995261015,3.658133506026736E-4,0,1
0.01507087020816393,-0.0010945065541985953,0,1
0.01387003858114277,0.0015921191390224987,0,1
0.01536108111394994,0.004913947823010509,0,1
0.013254503238357404,0.002626278539297352,0,1
0.013732445722581992,3.466496046130372E-4,0,1
0.014241039506131275,0.0019221630380467775,0,1
0.013587526716869932,7.799517732893971E-4,0,1
0.01335054350360418,0.0015093526331540535,0,1
0.012160693675037831,9.702803652408497E-4,0,1
0.012966281449899163,0.0013574354114356407,0,1
0.012774936081833567,-6.630434595340691E-5,0,1
0.013159021016690177,0.001695261654091464,0,1
0.015620036425208272,7.563211741349964E-4,0,1
0.013639236864029703,0.0021517824663013904,0,1
0.01517610040198685,0.002070350744092662,0,1
0.01601092604892754,0.0030383106349983835,0,1
0.014061164080677356,8.657205635709171E-4,0,1
0.014502524062433951,0.0017900024473910224,0,1
0.013330296897222774,0.0013828118375696996,0,1
0.01380136432245876,0.0012279027365077809,0,1
0.01297656106930502,0.0014509673958126715,0,1
0.013250854294469858,0.00225159276571745,0,1
0.012758348518561868,0.004322897041442485,0,1
0.013574666772392014,0.0014274583465847593,0,1
0.012147406121652635,1.335967692886958E-4,0,1
0.014677843083439663,0.001849352907823446,0,1
0.01384852444934067,0.0014658752857346215,0,1
0.014546001468156895,0.0013653800854916038,0,1
0.013390790514885245,0.005064720150327459,0,1
0.013309449012555949,7.325121723106262E-4,0,1
0.015890681192145352,0.0037006338696772873,0,1
0.013828951767182974,0.0016479340598030373,0,1
0.01359860942833265,0.0010507168038266855,0,1
0.013080624277654372,0.002056544527841514,0,1
0.013018244496069753,0.0016580094337281677,0,1
0.013433169608452138,9.984059729598205E-4,0,1
0.013352395292358375,0.0012853597560266784,0,1
0.012791873936681802,0.0013613606394701169,0,1
0.014566664636443741,0.0029022283592784063,0,1
0.014474592965241955,0.0022274717661541726,0,1
0.013334627732477346,0.0013386597803383134,0,1
0.014549231057668224,0.0010928853267091726,0,1
0.014761847560958778,0.004160764612717504,0,1
0.01242798611738102,0.0023851414191414628,0,1
0.010554335107311366,0.0036416335098187285,0,1
0.01095587339299913,0.0031600301831330915,0,1
0.014286169154255223,0.0025917997022834437,0,1
0.012909290397150627,0.0013314497113281031,0,1
0.010026389585896635,0.0013131850504951542,0,1
0.011368073285058454,0.001293888903591264,0,1
0.015021455190099321,0.0030511481296696323,0,1
0.01449153205925007,0.0022364190467706615,0,1
0.013883370091486028,4.543574589225822E-4,0,1
0.014924915206371125,5.44223239154609E-4,0,1
0.01192808716643469,0.0017554689510289924,0,1
0.013356751968250116,0.001724239642782281,0,1
0.013288844019494022,0.0019386796743671986,0,1
0.014467578601173347,0.004025397245147066,0,1
0.012864631128922032,9.471121789640874E-4,0,1
0.01288907035823368,0.002179831204006805,0,1
0.012519953744616967,0.0018628425001795054,0,1
0.014637315905199268,0.0029815049309266273,0,1
0.01458586899874515,0.0023151512717795343,0,1
0.017374621174574466,0.001542383925310016,0,1
0.015162723576181118,0.003608983511934857,0,1
0.014035442036014575,0.0028735779231735888,0,1
0.012385862411411597,0.0021470644055558703,0,1
0.013254731788414765,0.0016162989860897792,0,1
0.013995593710623613,2.9485658641771514E-4,0,1
0.011646836362033194,0.0016902200497892841,0,1
0.012247085793682458,0.0033142754422154776,0,1
0.010933843829610287,0.002427549017432634,0,1
0.01486482190381432,0.002249129313308583,0,1
0.012850134995611833,0.0030564335701232814,0,1
0.015177356813661594,0.001176464193509518,0,1
0.014637987859536027,0.0017827751591790262,0,1
0.014134449635215441,1.5140566713699692E-4,0,1
0.013787591812632751,0.002087086269410859,0,1
0.01346698369176077,0.002020789666231786,0,1
0.014587767716980542,7.61407785631042E-4,0,1
0.012402711593632834,0.0022919932453071843,0,1
0.01248916116522213,5.964703229700179E-4,0,1
0.014758765341520423,0.0022777697920161703,0,1
0.01262183112240016,0.002072958775055869,0,1
0.012882595063658905,0.002434089340561752,0,1
0.013428282125643225,0.001971856164998041,0,1
0.013768167858329017,0.0021229896957164784,0,1
0.01479651411359907,0.005239240924947437,0,1
0.013266146038720027,0.002013829840954944,0,1
0.014692124041766732,0.002747120689155505,0,1
0.012019771154997602,-9.489076372741349E-5,0,1
0.01199737984239008,0.0013590549351344301,0,1
0.012129813482129043,0.0020923111879524673,0,1
0.01482797855798873,0.0022084307685708805,0,1
0.014456738078891624,0.0024487931324279166,0,1
0.013360157291019586,0.0021849579334648622,0,1
0.014823748245433057,0.001225422589284781,0,1
0.01396746532772113,0.002686188173613852,0,1
0.010662517461699507,9.426408987062623E-4,0,1
0.012212807719498096,0.0016448080041341101,0,1
0.013969544093459272,0.002225178273702478,0,1
0.012878403439754188,0.0011406542181814673,0,1
0.017021522811759008,0.0026118089308443206,0,1
0.014797112413653762,0.002577378082520445,0,1
0.016304625129543567,0.00198562810919334,0,1
0.014754603087935482,0.002461686039863722,0,1
0.014375091978199705,0.003346923787412087,0,1
0.013261800267560953,0.002720125944681123,0,1
0.013841234932926726,0.0015342644510320266,0,1
0.014400542326442379,0.0029948730637838865,0,1
0.012688306394774114,0.004480433620685659,0,1
0.01391312228418547,0.002313717446335327,0,1
0.014360410703020146,0.0021001896303426736,0,1
0.01350340732085976,0.0037225340147545257,0,1
0.014878849369316978,0.0032413505816657816,0,1
0.014822643440126008,0.0028155919659044793,0,1
0.012949902477256772,0.0022168491554161304,0,1
0.014255809509004645,0.0021983016741171165,0,1
0.013138169530568778,0.0024555766718601752,0,1
0.012921815450912573,0.0029079739889515768,0,1
0.01592826528314722,0.0027196224572388124,0,1
0.010811125215466193,0.0017314210539399635,0,1
0.01429859145943534,0.0036866623092129303,0,1
0.014579660467818657,0.002177119289472298,0,1
0.013208629966285957,0.0016785071065720482,0,1
0.012395883390526993,-5.407058180264326E-4,0,1
0.013064267865890336,0.0028375614561956886,0,1
0.011930187804048989,0.0017303746589774208,0,1
0.01453196487723984,0.0029594847981930716,0,1
0.014476927046848402,0.0027380074633966177,0,1
0.013850286744881084,0.0011324008207931756,0,1
0.014307691293940893,0.0030229050141164795,0,1
0.013319459767085751,0.0015254056308256312,0,1
0.014080900001588442,-0.0012379965365788817,0,1
0.012564165356688339,0.00559566219210539,0,1
0.01553880327427141,0.0014999594103878224,0,1
0.014649469625787538,0.0028456489005878396,0,1
0.01425785424921745,0.002982488971087545,0,1
0.014101757829637665,0.0021119044941140413,0,1
0.013610210596182906,0.0019186406730533389,0,1
0.012122106702522588,1.8860723124644843E-4,0,1
0.01443342883856861,0.006137899278666594,0,1
0.012948739009300748,0.0018755697853804537,0,1
0.014282227374276387,0.0027549937784518167,0,1
0.013644932942174762,0.003305873316492693,0,1
0.013898460669360211,0.0035614335541832424,0,1
0.01389387263854852,0.0027615210661234486,0,1
0.015333246860477807,0.003689439447023737,0,1
0.013555470303709098,3.530559156976816E-4,0,1
0.012488547093361524,0.0015094476384176212,0,1
0.013798423104112847,0.0017551463314291829,0,1
0.014014626924662852,0.0029086725698076964,0,1
0.0154986824788073,0.0035845238650142933,0,1
0.012280489156414354,0.0031992847013710968,0,1
0.012203326629343493,0.0038220437240435935,0,1
0.01453000240008694,0.0025764084486198068,0,1
0.013912440083987744,0.0037723707584124836,0,1
0.016379286018797463,0.0033258372942153195,0,1
0.015150161322894427,0.002216159274814728,0,1
0.013192487671537072,0.002947298451315879,0,1
0.012544163929257916,0.002482754445358779,0,1
0.013112828866423388,0.0019815459564334775,0,1
0.014515159325005066,-2.4532574233800385E-4,0,1
0.014153626437578722,0.0015791117619873838,0,1
0.01444307030136846,0.003253884807860361,0,1
0.012893915401160617,0.0025816334824444493,0,1
0.012780389161923596,0.003790289830113755,0,1
0.014639829872448362,0.0020523924109484694,0,1
0.014224327283121407,0.002396148155304446,0,1
0.014478787535121999,0.0036528924163722644,0,1
0.012821308828137791,0.0020421729093429417,0,1
0.014134124936952578,0.0018464503628890143,0,1
0.013789110449663433,0.002920909242251826,0,1
0.014432509014699842,0.0035056224690936254,0,1
0.013982977188717428,0.0040902575336607865,0,1
0.014800679817163728,0.001998473836642824,0,1
0.013384204232818052,0.003390563416840921,0,1
0.014905349745590239,0.0018351429769844524,0,1
0.01368479213317277,0.002801400027052567,0,1
0.011553378684953871,0.0036877520678352924,0,1
0.01459509548125792,0.0019172419520763048,0,1
0.013383819507771285,0.002678251652720622,0,1
0.01494551363239824,0.002634858006852066,0,1
0.013317305500209327,0.004608977920667393,0,1
0.01487058861264283,0.005626569161507358,0,1
0.01632832539999251,0.0028107572925195516,0,1
0.013659780492506565,0.003671274149965883,0,1
0.016733480923656393,0.003051060916897801,0,1
0.014610179067066974,0.003434475882513722,0,1
0.014406203481995939,0.0023867336064647554,0,1
0.014103888690170095,0.0033075546365671287,0,1
0.015515559201741457,0.004043917697079795,0,1
0.01429027229796331,0.004276089237931532,0,1
0.01325389487393046,0.0035422594744937376,0,1
0.014256217291180408,0.003802988474052985,0,1
0.01389100186511095,-0.0014527751113879634,0,1
0.014805606037435998,-0.001047166090566095,0,1
0.014716636192813087,-0.0019888459358331006,0,1
0.014214706245965568,-0.0023189077341775562,0,1
0.014556746060896963,-0.0022222930630526353,0,1
0.015674047873791817,-3.9279668942282194E-4,0,1
0.013874737130928367,-0.0022951437935323513,0,1
0.014441426640256222,-0.001660981464568819,0,1
0.013019293555766413,-0.0031115749634159995,0,1
0.01348372406029456,-0.003001284052282979,0,1
0.012941893770728316,-0.00260367906641215,0,1
0.014107669872942121,-0.004661200446530035,0,1
0.01257683112581066,-0.002547604418416855,0,1
0.011334452582833337,-0.0034405748117330368,0,1
0.012296870605286031,-0.003613529857361842,0,1
0.01133787170535005,-0.003658882939611178,0,1
0.012131510385424812,-0.0033312983874724017,0,1
0.01117695803231209,-0.0037786803374271517,0,1
0.014324875688853987,-0.0017715238495020352,0,1
0.011841726370838326,-0.004135019355282001,0,1
0.014640071209548054,-0.0027871190704773763,0,1
0.013106647262072226,-0.0014833101690949445,0,1
0.012932470826415183,-0.001724782451570134,0,1
0.013524531939622785,-0.0021829902112969666,0,1
0.014697564047987709,-0.0019239586573125901,0,1
0.0153770741756279,-0.0027600479565697876,0,1
0.013928667334929187,-0.0037675723981052405,0,1
0.012912553187359987,-0.0026039285624642632,0,1
0.012311506535079281,-0.0017669721338456552,0,1
0.010414084295268794,-0.004289059928293338,0,1
0.011523853443644174,-0.002581415202339733,0,1
0.012412933645493148,-0.002897226842960976,0,1
0.014902639877376363,-0.0030202814975738637,0,1
0.012470452798750349,-0.003947558873535353,0,1
0.011610258881130086,-0.0026521158141429844,0,1
0.014545540250518917,-0.0017561507706692204,0,1
0.014915962219833928,-0.002464928094938366,0,1
0.014363838870058775,-0.0017606164578198205,0,1
0.014072388087394425,-0.0017503782942644513,0,1
0.013785628182976444,-5.590760543150691E-4,0,1
0.015496612898472081,-0.0035738270894206665,0,1
0.015403404940284884,-0.0018800494626872517,0,1
0.013269642027023191,-0.0023217914710566894,0,1
0.013226454597277662,-0.0022878760664952124,0,1
0.014115729813115407,-0.0028267434970502335,0,1
0.012668524961984123,-0.005525402490087083,0,1
0.01158277589479499,-0.003247480863391587,0,1
0.01355657756002816,-0.0019482724650566978,0,1
0.012025987373379794,-0.002102000267749759,0,1
0.012376466963390568,-0.0020667185100496743,0,1
0.011231641151948553,-2.2830137222017047E-4,0,1
0.011998249122516997,-0.003230683744894571,0,1
0.013291914742856228,-5.392476359875551E-4,0,1
0.013119507526575676,-0.0021254466481084753,0,1
0.01454672376611331,-0.0018426273435533879,0,1
0.014848204288160818,-0.0014133177276146856,0,1
0.016418577926497785,-0.002752137186496649,0,1
0.014338173253845647,-0.00348677483947053,0,1
0.012560725451247194,-0.004119944232676862,0,1
0.011452086575515325,-4.004073716983498E-4,0,1
0.014036238610772373,-0.002264002167531512,0,1
0.013055798487390635,-0.0024940157072315,0,1
0.013136503285532043,-0.002306512143155098,0,1
0.01295659137660809,-0.0026063547398571985,0,1
0.01262434525058157,-0.002671352593222959,0,1
0.010641839665687608,-0.002423304350166987,0,1
0.01196598843308308,-0.00307877346366414,0,1
0.012946117949401988,-0.002783682737502979,0,1
0.014845007378964804,-0.0011335644397347515,0,1
0.015568521412220787,-9.113368431031713E-4,0,1
0.014031764597568252,-0.001963181883732529,0,1
0.010510247613116221,-4.3110137344426225E-4,0,1
0.012216598718113997,0.0011099289635632674,0,1
0.013689604466696054,-0.0020509063515244596,0,1
0.01319410181156604,-0.0019597001837271194,0,1
0.013643097896273498,-0.0026253110625154043,0,1
0.013636341076835846,-0.0027401468156045684,0,1
0.012885410694062445,-0.0024547255629053357,0,1
0.011836272361991765,-0.0015357494695208012,0,1
0.012767520104483572,-7.745114892672926E-4,0,1
0.012550636125318372,-0.0032078635428446846,0,1
0.01217091310901189,-0.002850576336092627,0,1
0.013844414340402185,-0.00507997503751178,0,1
0.011171097306430207,-0.0027390448065010595,0,1
0.014102975634057557,-0.0014669671987530138,0,1
0.013691045617989304,-4.111474259699103E-4,0,1
0.015576028720125246,-0.0020612226234311857,0,1
0.014038729380778126,-7.944256226696696E-4,0,1
0.01312619067445401,-0.0018687596010951452,0,1
0.012782544763798205,-0.002468399416987878,0,1
0.013237235531003939,-0.0016191733863695618,0,1
0.011601065644981,-0.0011944423501327305,0,1
0.010149836402452933,-0.0013240253318319377,0,1
0.012441718577103925,-0.0018317460321599934,0,1
0.012892063148108538,-0.002229630247046883,0,1
0.013958702813399622,-0.002967237261112884,0,1
0.01215237146114148,-0.002096651605849305,0,1
0.010867544202501942,-0.0028840570298873237,0,1
0.012389065497243536,-0.0012772257971678622,0,1
0.012927058819177953,-0.0014601413534381237,0,1
0.013903212261494262,-0.0018440872215762464,0,1
0.01337175164895157,-0.002150840169253034,0,1
0.012270081837663562,-0.001034497244141883,0,1
0.014334452973327812,8.503136739314319E-4,0,1
0.012847003344215579,-9.797740938725231E-4,0,1
0.012851121546958345,-0.0023045073577619753,0,1
0.013483945696180165,-0.0012634595594009164,0,1
0.011133719237692602,-0.002106733379113638,0,1
0.01316390775568087,-0.00391011826832905,0,1
0.01252259932478587,-0.0022846838692827036,0,1
0.012857761044769935,-0.002567538022740336,0,1
0.012091541788652753,-0.002595490299721271,0,1
0.01163595728724105,-0.0025885516009556647,0,1
0.011389803480671718,-0.003500483500359894,0,1
0.014542290864009204,-0.0012903075791783568,0,1
0.013902454393344327,-4.1650765385627526E-4,0,1
0.013962947169839006,-0.0027543144847545055,0,1
0.013528523569958973,-0.0013811942900129781,0,1
0.01314780008285053,-0.0019636070387942495,0,1
0.013208878501866982,-0.0018131650458390494,0,1
0.012269233235680127,-3.467422275329789E-5,0,1
0.013158608455348763,-0.001930840116420939,0,1
0.012781889237372451,-0.003100092392172542,0,1
0.012163533105743562,-0.0013112056005047433,0,1
0.012129214175885885,-0.0027149919888942884,0,1
0.011834995845655245,-9.65505695708059E-4,0,1
0.011839538893100151,-0.0021891228046818827,0,1
0.011268841791353077,-0.0039003611779250547,0,1
0.013529853299049965,-0.002182249021363758,0,1
0.0159692281630705,-0.0014266963340160996,0,1
0.013722896489752879,-0.0013507029319658813,0,1
0.011667482795700427,-0.0017827039409778216,0,1
0.013007389386054185,-0.0016657269712109532,0,1
0.01235423308362852,-0.001798998620085194,0,1
0.011776221024946026,-0.002883728689514872,0,1
0.012611756063477973,-0.00197222034547677,0,1
0.011254972198331395,-0.0025046637620540733,0,1
0.012123897103724857,-0.00242695352859661,0,1
0.012597824612271068,-0.0026121375957688505,0,1
0.012286380957972262,-0.003216209256720944,0,1
0.010937897350914697,-0.0021715093767232328,0,1
0.012185871824125007,-0.003150807462689697,0,1
0.014253254285931034,-0.001494532144209713,0,1
0.01397734134614977,-0.0016678158508028821,0,1
0.012521723909174609,-0.001410012288007834,0,1
0.013449717953485372,-0.001990372961216859,0,1
0.013253691034307933,-0.0015467417485050688,0,1
0.012965500681640563,-0.001756357471268864,0,1
0.012846984441957907,-0.002409345505380208,0,1
0.014053808751131667,-0.002167682237549291,0,1
0.015074436508034927,-0.003608885812479269,0,1
0.012599734746025578,7.796537678718204E-4,0,1
0.012146235428095974,-0.0020488501725417223,0,1
0.010689712690833304,-0.0011764288512624238,0,1
0.010470670472568422,-0.00238582008068352,0,1
0.01448797775692231,-0.0019606655820656274,0,1
0.013416618092199881,-0.001257532229233126,0,1
0.014726189477278271,0.0011768302865388129,0,1
0.01164873846819298,-0.0027638758535973324,0,1
0.013332617620620692,-0.002173944873604201,0,1
0.011881988378290256,-3.9204522486831434E-4,0,1
0.012430009666866951,-1.1882609477177244E-4,0,1
0.012855372284609506,-7.514853958491911E-4,0,1
0.013469988056612146,-0.002883532309958896,0,1
0.012564676966882082,-9.540822836177113E-4,0,1
0.014962905459590435,-0.0024634586230480554,0,1
0.013956957567968562,-0.002668345833925551,0,1
0.01004238389666361,-0.004854776949922985,0,1
0.014337716877603416,6.86217428545823E-5,0,1
0.013885343261977746,-4.3241328920226645E-4,0,1
0.013289834430431769,-0.0010775500439426844,0,1
0.012259239754272148,-0.0031879855937900067,0,1
0.012965907250329933,-0.0013491520835589262,0,1
0.013307902216823151,-0.0021237490583088598,0,1
0.015335178889537195,-0.004526970679375071,0,1
0.012393540218375703,-0.001611067695888622,0,1
0.011553171789036601,-0.0010729846692735853,0,1
0.011964912540042403,-0.0019649100706623595,0,1
0.01174738603182147,-0.0017297842046990711,0,1
0.011714309121681024,-0.0017712311183138206,0,1
0.013315254829209788,-0.001676867794761536,0,1
0.011037507597915735,-4.916422244636644E-5,0,1
0.01340955512158542,-0.0018435926704316679,0,1
0.013071710434040647,-0.001162957469635244,0,1
0.013784616809260651,-0.0026328132431777717,0,1
0.012952787682158498,-0.0018062717124754258,0,1
0.012665460603235246,-0.001648248859583754,0,1
0.011741771886963914,-7.474840760250659E-4,0,1
0.011396994059783248,-0.0010200294607795035,0,1
0.012243964086086504,-0.001791027381230171,0,1
0.010789616891329177,-0.0026167913950537586,0,1
0.011653029347558776,-0.002326780672359224,0,1
0.0134354556374571,-7.883316018356423E-4,0,1
0.012036545831750829,-0.0033873671706532503,0,1
0.012538377609015449,-4.372763841128188E-5,0,1
0.01472777021230752,-0.0013568448145752528,0,1
0.014585230541385311,1.9419178604919885E-4,0,1
0.012756870130313243,-0.0011121749631220557,0,1
0.012865249577162738,-1.2608641150255043E-4,0,1
0.012437084238870246,-0.0012304263964007627,0,1
0.011975137876020175,-0.002418257943642873,0,1
0.012915379447602963,-6.151258623714452E-4,0,1
0.011823943239213033,-5.645179097404937E-4,0,1
0.013744534703839814,-0.0012896907326716753,0,1
0.013507306158596796,-0.002781545501026782,0,1
0.012854774449347496,-8.332727176830555E-4,0,1
0.01518319235018537,-0.0017771685725833733,0,1
0.014039182312794834,-0.0010001496110115594,0,1
0.012522315856030766,-0.001870968473979092,0,1
0.012168570365868834,-0.0031183378014859923,0,1
0.012818925888603647,-0.0018568582400488145,0,1
0.011655294476705338,-1.430016576423221E-4,0,1
0.011956159817958391,-0.0015763889414417837,0,1
0.010686468246233231,-0.0020356022862627037,0,1
0.013595570710097364,-0.0016489708668015824,0,1
0.011932644672778034,-9.166502153682356E-4,0,1
0.012785917018145737,-0.001246024085297642,0,1
0.013032743709884548,-0.0017892288269855876,0,1
0.013616062376494738,-2.4350580467718134E-4,0,1
0.011675370614518512,-0.0012919907816746662,0,1
0.011230533772868355,-0.0018203043337270569,0,1
0.012072333371415903,-0.0014778073800087422,0,1
0.012804979452579905,-0.001460930355091259,0,1
0.009015086115342645,-0.002003771532002715,0,1
0.013603028556489705,-1.5120396045093104E-4,0,1
0.012776234565961627,-7.669002365198001E-4,0,1
0.013085325192599204,-3.758857770040287E-4,0,1
0.012493322574373463,-3.214530498761603E-4,0,1
0.0127747204376764,5.909064321501987E-4,0,1
0.014186151446184516,5.167574097052453E-4,0,1
0.013032483334801719,0.0012176894495339956,0,1
0.01340412475013583,1.8458341207140187E-4,0,1
0.012182035433532891,-8.388903025582879E-4,0,1
0.011302449272544628,-0.002459749625056288,0,1
0.012943398249594382,3.230767394659266E-4,0,1
0.0141796974118906,-3.529875537779032E-4,0,1
0.012350637657374259,-5.588169971392182E-5,0,1
0.012729728637714544,-0.0010554571911021967,0,1
0.011998764690179145,-0.0011328481480875824,0,1
0.011849221984538234,-0.0015314554090898492,0,1
0.01116560193464693,-7.285366916547586E-4,0,1
0.012109265739439925,-6.209261312113452E-4,0,1
0.009943420450552607,-0.0018016548990717014,0,1
0.012997355132202204,9.573573286837252E-6,0,1
0.013118667384623575,-9.801539075788377E-4,0,1
0.012644015049987635,-0.0015860074967438478,0,1
0.013043539301820855,-0.001719613725940969,0,1
0.012420346824767468,-8.490979502965806E-4,0,1
0.012320904005175071,-9.142560609719139E-4,0,1
0.012370273327119931,4.557648251426268E-4,0,1
0.011595486649322355,-0.001158937322269489,0,1
0.011146417754361928,-4.646440208299276E-6,0,1
0.013391766369798141,-8.3174867645569E-4,0,1
0.012650328700383115,-0.0011756653756351844,0,1
0.01228312146104205,-5.402267810867083E-4,0,1
0.0121848468422972,-9.272103416685583E-4,0,1
0.013539928694628616,0.0017559690230225546,0,1
0.010925145679175418,-0.0034917300995485462,0,1
0.012467181299406268,-1.2199582578857478E-4,0,1
0.012727425564529812,-0.0028610579367608817,0,1
0.012748557523450789,-0.0014609067430468507,0,1
0.012941290324397213,4.033685315996439E-5,0,1
0.012694931713187705,-6.60562572202652E-4,0,1
0.011556112438163105,-1.6144497875940873E-4,0,1
0.010464769285433197,0.0018851244820903593,0,1
0.012772584180582117,7.52446306281675E-5,0,1
0.011562193593459991,-5.985070814392375E-4,0,1
0.01080860262736922,-0.0019364788576628229,0,1
0.012583894541376834,-0.0011336703976232237,0,1
0.013538251147907382,-9.948493345952071E-4,0,1
0.013082639530100481,-7.355816130368151E-4,0,1
0.012893018701981417,-8.776028561923566E-4,0,1
0.01116513324080364,-3.8167162933658606E-5,0,1
0.011482531608857632,-0.001412577454652357,0,1
0.011442051108923062,-0.0023051388214839264,0,1
0.012861658500148337,-8.904995706112247E-4,0,1
0.012625304195527362,-4.234103021317026E-4,0,1
0.012865401509866417,-0.0015012361936182351,0,1
0.012410206522857766,-0.002591027360421981,0,1
0.01107238961215102,-7.000007507106592E-4,0,1
0.011906128836168843,-6.307764168695023E-4,0,1
0.009139357605788396,-0.0027771576941492356,0,1
0.012774703788908135,-5.559185255352835E-5,0,1
0.011217257174351309,-7.920984647562607E-4,0,1
0.011723420506769245,-5.767318951988288E-4,0,1
0.012466290629720522,-8.837744147880968E-4,0,1
0.011610744091853666,-6.326120698653458E-4,0,1
0.011437252965480083,-0.0034319571725297386,0,1
0.012017645407239146,1.53217128096386E-4,0,1
0.012970216301217495,-2.982453178428985E-4,0,1
0.01119836416363628,5.556015544639237E-4,0,1
0.010780123885271576,-8.389582647634162E-5,0,1
0.012000943397749956,-4.1914100630183014E-4,0,1
0.012106908652251513,-9.663184282628257E-4,0,1
0.012853642512762468,-5.428016543037241E-4,0,1
0.012289293391541192,0.0012131717326781047,0,1
0.010413403003665722,-0.003083830294267842,0,1
0.012343174457959103,2.7818583135178604E-4,0,1
0.011455357679213738,-0.0013962797888633415,0,1
0.012419617115418459,-7.378648169351441E-4,0,1
0.012156586706961943,7.608583071216461E-4,0,1
0.012299585876412032,-0.0016034082130612344,0,1
0.011424872045694662,-0.0011203878217982766,0,1
0.011349270808446029,-3.7552722115628286E-4,0,1
0.012495871899150158,3.6741614254270276E-4,0,1
0.012200948919266822,-2.645519252067326E-4,0,1
0.012708627119822076,-9.526586873341792E-4,0,1
0.010902681633728028,0.002002337941468527,0,1
0.012484042468713657,-2.5948614044841566E-4,0,1
0.012199802861767335,2.1336237625460962E-4,0,1
0.011725673485118113,3.1234276598790913E-4,0,1
0.0120397876059175,1.3634141461412748E-4,0,1
0.010788062867582953,-0.0020343009253511145,0,1
0.011777495430366646,-3.2677746548001943E-4,0,1
0.011660119739949504,3.3788424711031284E-4,0,1
0.011212072919358296,4.150612546350351E-4,0,1
0.011926109286191476,3.496817900267754E-4,0,1
0.011996544484039444,-3.6453030596096865E-4,0,1
0.01262763094100388,-1.182706464344714E-5,0,1
0.011828983622795561,-0.001347835266648207,0,1
0.012141282893933961,7.115709599211156E-4,0,1
0.012568127874354618,3.3131185542119E-4,0,1
0.012468748406920372,-7.774625079618652E-5,0,1
-0.012706342884638108,0.010455933505570293,0,1
-0.011520177546771614,0.011355396273556483,0,1
-0.011192796299859309,0.012434865280071658,0,1
-0.012123535054793612,0.010756944264647844,0,1
-0.01117521891837114,0.012489399905446908,0,1
-0.012324868607567813,0.01105441489546054,0,1
-0.012421121270405898,0.01089320564876267,0,1
-0.014300464278946469,0.01180928434575826,0,1
-0.012184279521647481,0.011605979764692272,0,1
-0.011744506170863481,0.010791454587342807,0,1
-0.011808611900608761,0.012689523616495745,0,1
-0.013727832928604479,0.014018234411402092,0,1
-0.012105311401075822,0.012534936939452271,0,1
-0.010088390478784199,0.012215723549369489,0,1
-0.012362205921095626,0.012898155415702274,0,1
-0.00878114492589871,0.010797080722493697,0,1
-0.011690647611717574,0.010382408669892134,0,1
-0.011506037870992665,0.008820117669641588,0,1
-0.01186141207801705,0.011034823201230136,0,1
-0.011569031040485615,0.011469052818677035,0,1
-0.011424655292546498,0.014328408873143975,0,1
-0.012610107556492771,0.0114478213024957,0,1
-0.011832468271542176,0.010678063496161013,0,1
-0.011587270197551736,0.012847352296098223,0,1
-0.013066548885543074,0.0119288478196897,0,1
-0.011831938709052693,0.011911999549758533,0,1
-0.011953604522184753,0.012522561177196181,0,1
-0.012227735170829817,0.01280028914888469,0,1
-0.011625273991795259,0.009750029842211126,0,1
-0.012128651196169687,0.008872232879190969,0,1
-0.011988659495885953,0.011123877590792138,0,1
-0.01158966978801567,0.013435649082225542,0,1
-0.011887620992306556,0.00999808324877833,0,1
-0.012723704384768327,0.010281605328663294,0,1
-0.011400789427388642,0.011721288441972023,0,1
-0.012319634747598321,0.01127835989635536,0,1
-0.011348588275994461,0.011640976265711407,0,1
-0.011739768448040545,0.012954307768885353,0,1
-0.015050433625625723,0.012423238561070148,0,1
-0.014486784916047338,0.009317278090601124,0,1
-0.013169061829249453,0.011853971495244241,0,1
-0.012768747857578068,0.010997996970023165,0,1
-0.011663783105885235,0.010264760909407583,0,1
-0.011551068782547406,0.010583291143408695,0,1
-0.01223634608501478,0.011273283421441363,0,1
-0.013233555602899025,0.007168919091511038,0,1
-0.01218693029145312,0.009757484759452588,0,1
-0.012835926255602688,0.010365730570307562,0,1
-0.01246180347121245,0.01139263545288063,0,1
-0.010980291617544645,0.011056307625258744,0,1
-0.011741108246442668,0.010579480824515219,0,1
-0.011417241254851185,0.011871519483019968,0,1
-0.013358059840975324,0.013159680353416792,0,1
-0.011004107337933113,0.012428964064040872,0,1
-0.011842254663737945,0.010755837261462103,0,1
-0.011440891355307308,0.009729167761962827,0,1
-0.012200692716854427,0.012722634423924102,0,1
-0.014390868615972071,0.011092477121236875,0,1
-0.010850237379192036,0.01018641721486211,0,1
-0.011891866864274969,0.011531013032972383,0,1
-0.010984267475800148,0.011437997751689383,0,1
-0.012263681307405025,0.012497312379068357,0,1
-0.01177969382725296,0.011167888407117528,0,1
-0.010453119929432488,0.010812950329081045,0,1
-0.012765131087614519,0.013224224850456805,0,1
-0.012289385706473291,0.012622114740306344,0,1
-0.011502900150853932,0.00955518816699973,0,1
-0.012405839646705271,0.00994763989835477,0,1
-0.011458315970886994,0.010747304049007284,0,1
-0.012996562118617118,0.010151012632585039,0,1
-0.012377881635335018,0.010067191543874652,0,1
-0.011628553548012356,0.009914976974126787,0,1
-0.011414339585711468,0.011607987946454075,0,1
-0.010622755596611555,0.01285768463976501,0,1
-0.011321654797422014,0.011561933956194282,0,1
-0.012146481403810503,0.011781770501027702,0,1
-0.012860173688470622,0.011695665102460479,0,1
-0.010606656548136629,0.009126220030974389,0,1
-0.012789671372649133,0.013531212014903973,0,1
-0.012185331510453753,0.010918205754290693,0,1
-0.012194966244385978,0.010488946338010657,0,1
-0.012024578355484688,0.009882732196778635,0,1
-0.011120153697238152,0.011547836025439746,0,1
-0.011804215511771,0.011399169949483015,0,1
-0.011685260862110766,0.011528630717117771,0,1
-0.010155774152497167,0.010351062034263163,0,1
-0.011805066602797067,0.011701191569929385,0,1
-0.010854398830326437,0.012280140756598057,0,1
-0.012519987295369357,0.011743859336757954,0,1
-0.011844649409494094,0.010393415982478848,0,1
-0.01298569855533545,0.013279466686425873,0,1
-0.011146113395603476,0.011892263715560278,0,1
-0.011498028882740822,0.011170532207531432,0,1
-0.012351212351204448,0.011739112284569642,0,1
-0.01171495450206799,0.010949767430274518,0,1
-0.011550024932605584,0.011621634182707263,0,1
-0.011045103658790204,0.011963022373634035,0,1
-0.015086828416995508,0.013650985494103015,0,1
-0.009882946870767625,0.012893107050309178,0,1
-0.010340877769554068,0.011014417523778925,0,1
-0.012689404481631486,0.010588872526765497,0,1
-0.010523412826061987,0.010538586622491599,0,1
-0.011954978819629156,0.010888206884820836,0,1
-0.011418231602817765,0.012201439487601334,0,1
-0.011514202749084913,0.011612974309739099,0,1
-0.010543822794035483,0.010775067604718665,0,1
-0.011721203726990563,0.012652019199060822,0,1
-0.012188166598310837,0.012452785245904638,0,1
-0.010784421664501349,0.011380044561349053,0,1
-0.011495196745972212,0.010597233520535519,0,1
-0.01250126985033963,0.010031228720945376,0,1
-0.012482121859850693,0.010593086771578346,0,1
-0.010947361638564614,0.01032770483819767,0,1
-0.012246019418571438,0.010642254167180738,0,1
-0.011315442789224793,0.011059273282410928,0,1
-0.011570377774524196,0.011178771117789149,0,1
-0.012018042645070134,0.010255877699325185,0,1
-0.009702634132462556,0.014603864539862321,0,1
-0.011477244760050964,0.0116988574014011,0,1
-0.010819845493408605,0.010649407006550801,0,1
-0.010397192376564092,0.010532634011347174,0,1
-0.011158626079856055,0.012049788939567945,0,1
-0.010925567621752825,0.010498980325937633,0,1
-0.01199287143256041,0.009881196418680571,0,1
-0.01254769033184063,0.011078688255150232,0,1
-0.010983599706361436,0.008382774360994683,0,1
-0.011359302614728254,0.00973873945085294,0,1
-0.010736563166395695,0.011967653385717177,0,1
-0.010877023152531024,0.010543736237117301,0,1
-0.013094003706457268,0.008135374004419712,0,1
-0.011031958604233697,0.012147811089600509,0,1
-0.011049014453302156,0.010986271383080845,0,1
-0.01112415751737804,0.0119519552657945,0,1
-0.009123686526169834,0.01118763628337335,0,1
-0.012501347866828893,0.010516293921398672,0,1
-0.011746436654492926,0.012240608540458792,0,1
-0.011424879399653112,0.012032702473459556,0,1
-0.013259702824220797,0.007949492029862736,0,1
-0.01333191041452022,0.010587537731394918,0,1
-0.010771493812483974,0.010414906257423055,0,1
-0.012518438488684615,0.010999033942515704,0,1
-0.010023716535484322,0.010893136346547847,0,1
-0.011204585073975764,0.011550568052337465,0,1
-0.013072147025134633,0.011812100431331844,0,1
-0.011343162894828675,0.011608700843600517,0,1
-0.011471234676552372,0.010560208863713798,0,1
-0.010555531899176934,0.011027250815731202,0,1
-0.010388217580190625,0.009968688676553426,0,1
-0.010444879443903304,0.011350984131757811,0,1
-0.01166266563252452,0.011559919429304262,0,1
-0.011722393113352542,0.011884413533800979,0,1
-0.01107716733249886,0.011860662130273189,0,1
-0.009946656283436054,0.010702986249034038,0,1
-0.012256675245777473,0.010023114958160962,0,1
-0.010104897349553617,0.011655039324127321,0,1
-0.011127487503155556,0.009487559199763122,0,1
-0.010253150888343542,0.010074004946836641,0,1
-0.010834145289717672,0.010922371472378371,0,1
-0.010102877168227307,0.008612769093625532,0,1
-0.010181510696440702,0.011665535928519034,0,1
-0.01098692364731093,0.011387744606205652,0,1
-0.009871115236307659,0.01167369569121888,0,1
-0.010804836043429404,0.01132973932622775,0,1
-0.011101578832572631,0.01080709610403092,0,1
-0.01085615949168688,0.01155145978681785,0,1
-0.010854361105933142,0.011161721939885622,0,1
-0.009727347368938799,0.010693342462623937,0,1
-0.011066290061803456,0.011098469031824187,0,1
-0.00964922542981613,0.01185975196051166,0,1
-0.010736570878238042,0.011012620539676136,0,1
-0.012272259725794014,0.01156442849431615,0,1
-0.0108116939750632,0.011395402545780703,0,1
-0.012178565096532474,0.011597465853195585,0,1
-0.008611432119239475,0.01198116915365138,0,1
-0.00736078008361763,0.012279085654148272,0,1
-0.006576242987237056,0.010940759903691493,0,1
-0.010463786800530247,0.011237470811742095,0,1
-0.011452029668084378,0.014378061704725761,0,1
-0.007937344167666715,0.012122826628086917,0,1
-0.010233391484159873,0.011176207235255352,0,1
-0.010316597102239904,0.011311037062244008,0,1
-0.01151815760919678,0.014263396320637759,0,1
-0.0108916751677008,0.01142406869033487,0,1
-0.009594935390267853,0.012345669140454471,0,1
-0.011012283542754023,0.015339591224978934,0,1
-0.010225631947838465,0.010772751886572797,0,1
-0.010633671131060018,0.011986425489311827,0,1
-0.010687026010811914,0.01222219986267833,0,1
-0.009800962773061604,0.010643363773248003,0,1
-0.011361727678917518,0.011057941721973448,0,1
-0.01019785174032151,0.010448602611148699,0,1
-0.010098090209121068,0.011811734893360267,0,1
-0.009987246917865568,0.01124826659601682,0,1
-0.00968290924953463,0.010787073934278179,0,1
-0.007998695158702253,0.013037008249902813,0,1
-0.01023835209369439,0.011860132669575509,0,1
-0.01110932214111226,0.010306017208646177,0,1
-0.009564054017970306,0.014056111792040464,0,1
-0.009481335651981743,0.011015574714217994,0,1
-0.010327657620578893,0.010849949161069943,0,1
-0.011233817314203882,0.01495001973789042,0,1
-0.010088483379187538,0.011293847231959572,0,1
-0.010568801730378418,0.010952205707074239,0,1
-0.011015132142227527,0.011526859020290424,0,1
-0.010523917035862945,0.015108811082192043,0,1
-0.00941604731298488,0.010671688599846766,0,1
-0.01042451980554971,0.011232645119816462,0,1
-0.01164475867364457,0.010441625476166713,0,1
-0.010017530337717318,0.011151246274736954,0,1
-0.0099216772528808,0.010976587451658462,0,1
-0.010888436339018962,0.01204286640784754,0,1
-0.008630550055296433,0.011958955905944492,0,1
-0.009124057069921065,0.010636513518481511,0,1
-0.006574647809524114,0.012703776092112743,0,1
-0.007894325752105455,0.01455117559310976,0,1
-0.007332222138946989,0.013732568025474859,0,1
-0.006132264835127233,0.01314899049649569,0,1
-0.006193767267301417,0.014471684247634264,0,1
-0.007634888664871513,0.014961285197588823,0,1
-0.007346854371357098,0.0152186812529198,0,1
-0.00663262014444704,0.014731094782022117,0,1
-0.006930747373739151,0.015056621768916709,0,1
-0.007470734311931312,0.01563700957995534,0,1
-0.0069349823768936345,0.015763988615489038,0,1
-0.006517390869283308,0.01594946805552319,0,1
-0.007621953044549101,0.013435897684790388,0,1
-0.0054451630155446995,0.015909574814571018,0,1
-0.007050928474474439,0.01692994828780881,0,1
-0.007691815205027956,0.015666181205159738,0,1
-0.0075023917980070794,0.012831538864794222,0,1
-0.004661863394348578,0.01545219711050859,0,1
-0.006823309290829176,0.014121793689204866,0,1
-0.006880360529288023,0.014261953139172428,0,1
-0.0069418285575987915,0.014664419313917435,0,1
-0.009466634295283344,0.012986830673760634,0,1
-0.009005623187608542,0.01709425049225046,0,1
-0.007344895336835477,0.015019297782751708,0,1
-0.007325561746550918,0.015515959142451038,0,1
-0.005458085480057419,0.01603413850065625,0,1
-0.006681642552514763,0.015530813436851745,0,1
-0.0070004181187484395,0.016379851818366552,0,1
-0.0055697125523228195,0.013664982627304038,0,1
-0.007475447928329279,0.013344136007921743,0,1
-0.006711382135387044,0.01394897141093693,0,1
-0.005101613421718903,0.013385550296033222,0,1
-0.006756057952646644,0.014215514551264224,0,1
-0.005440624033114898,0.013080859282296032,0,1
-0.007347848166197173,0.015861300208873167,0,1
-0.0069970143475361155,0.014430705656169518,0,1
-0.007713821409047212,0.014902925657104351,0,1
-0.005900132385678419,0.015126555264460764,0,1
-0.006649705595851158,0.01564261912242941,0,1
-0.004691159350149437,0.015159946236910894,0,1
-0.0077372822090308446,0.01638524396186135,0,1
-0.006497694211616839,0.016529664584932515,0,1
-0.006232651996481866,0.01356678835875117,0,1
-0.006454906285322968,0.014099708252561384,0,1
-0.006287083546016201,0.012866074752250628,0,1
-0.0063686398767668585,0.013586797514145309,0,1
-0.007662170096775343,0.014670466176606566,0,1
-0.005772240364024098,0.013579900542674467,0,1
-0.0076607614786372005,0.01303150316833691,0,1
-0.006043029755512763,0.013019294836201591,0,1
-0.006461330171301993,0.015544574139963342,0,1
-0.007340729108775002,0.014998661446461125,0,1
-0.006620101485941902,0.015930158643432134,0,1
-0.006758703150772282,0.016367681615820095,0,1
-0.006602264353183978,0.014029876618149785,0,1
-0.007472373463147554,0.012270223126365271,0,1
-0.006088979105490472,0.014325352178320108,0,1
-0.006558944105191295,0.01349545219163213,0,1
-0.006682660459571349,0.01447722745658832,0,1
-0.006496649555494425,0.013479684791676315,0,1
-0.00633354879067201,0.015400930040830619,0,1
-0.006240644719016071,0.014734819778928288,0,1
-0.008332149737860554,0.014596373584042614,0,1
-0.006069619372026239,0.016415190868630247,0,1
-0.0063844796926549536,0.015402350853227177,0,1
-0.0064229078855058425,0.01417765708178481,0,1
-0.008385185323674703,0.01738312359085442,0,1
-0.005764669331082821,0.014480575606698779,0,1
-0.006166162103405826,0.013853698605552271,0,1
-0.006393001160453074,0.014211791880352487,0,1
-0.006618870199285119,0.013983269755064223,0,1
-0.006560297374544478,0.0144453457733186,0,1
-0.005694645929090651,0.015477499567775976,0,1
-0.005754957130808457,0.01564071122237224,0,1
-0.0056447690168570435,0.015530851301833855,0,1
-0.006116590872806718,0.014850197452705646,0,1
-0.006827418061236063,0.01699224039278047,0,1
-0.005697478031242795,0.016581836518894503,0,1
-0.0066218029360906264,0.01374009928780467,0,1
-0.006374524531291806,0.013639520143948902,0,1
-0.006183620560573029,0.014251038476091733,0,1
-0.006798321773474698,0.013666407479447737,0,1
-0.00740349782366169,0.013447426526296904,0,1
-0.006372689705645284,0.014660084122440433,0,1
-0.006281066780499401,0.014699066549193325,0,1
-0.006580912466698028,0.014954387163148184,0,1
-0.006328516418555493,0.016041164507289086,0,1
-0.007671081181521623,0.014983253753753478,0,1
-0.006179096478437084,0.01607981886307352,0,1
-0.005412448302512956,0.016430848622163277,0,1
-0.005946437657232139,0.013912390435224829,0,1
-0.007859955146008391,0.01413002820184481,0,1
-0.005249869890574584,0.012698293900344002,0,1
-0.006673692638265206,0.013436401301435731,0,1
-0.006235107576770307,0.01504274588672468,0,1
-0.006783389485342099,0.015294222931582988,0,1
-0.00655866322502296,0.01577639555541888,0,1
-0.007328472025744933,0.016098122146282628,0,1
-0.0059254831284085,0.016234800035617367,0,1
-0.006010075253807028,0.016184087266122315,0,1
-0.008358385473608154,0.011033378303908343,0,1
-0.00610418651307759,0.014425294186606544,0,1
-0.004478981874948532,0.01462230167809118,0,1
-0.00779531937941685,0.011529720605970677,0,1
-0.0062645235989912075,0.014347127248419555,0,1
-0.003377621109740489,0.012483232572936749,0,1
-0.005292924155787083,0.014828617997371943,0,1
-0.007384478489391662,0.014585756364056615,0,1
-0.008188280733325405,0.017006001705030874,0,1
-0.006037720727464597,0.01565471897380201,0,1
-0.005226685463607618,0.015300728741610887,0,1
-0.0057330897660129955,0.012720678626984894,0,1
-0.006124300110855029,0.013950939893866053,0,1
-0.006678301285407639,0.014477244161348789,0,1
-0.005856784779539706,0.014721988780334684,0,1
-0.005164067517565757,0.014692888835602184,0,1
-0.005571446359939791,0.01524284873576048,0,1
-0.0060733814997326555,0.014292552385734092,0,1
-0.006298487513743686,0.014683642307697817,0,1
-0.006174080599830335,0.014972976874660128,0,1
-0.006869455280797178,0.014569383041478631,0,1
-0.0051161404723188844,0.013411221718968908,0,1
-0.00899319191447983,0.01282286806674603,0,1
-0.00543538613791777,0.015033699640178992,0,1
-0.00871000180903004,0.014326503010278685,0,1
-0.006823151828103737,0.01415664903755336,0,1
-0.005715028507567686,0.014693315991813626,0,1
-0.006226333313097033,0.014913564053395572,0,1
-0.0038353920616046146,0.013520799116762777,0,1
-0.006259230589444495,0.015883303872751477,0,1
-0.005923316933461957,0.013539060165932357,0,1
-0.005695024799882927,0.013978950706525524,0,1
-0.00813964930943902,0.014581378049396585,0,1
-0.009071750812058181,0.014812894744661886,0,1
-0.006343913603712748,0.013520186041457738,0,1
-0.007146340245248316,0.015484859358826084,0,1
-0.005685783194106355,0.015095645339193905,0,1
-0.005765552569111524,0.015018762406376663,0,1
-0.0059604663390085254,0.019279097488961918,0,1
-0.00418940192893052,0.013823369197470408,0,1
-0.006801741079712045,0.013578774431404664,0,1
-0.0040244579650167,0.01486912547775699,0,1
-0.0036790444918909987,0.015620683003557687,0,1
-0.005993255728900781,0.015662990798673695,0,1
-0.004709568191193045,0.015146095429789633,0,1
-0.006551307869775248,0.014940316646245563,0,1
-0.005952133286703596,0.014859026454132902,0,1
-0.0047531724157995085,0.014118393549028635,0,1
-0.005227973365605091,0.013770281699531131,0,1
-0.005642971741480137,0.014390494831304865,0,1
-0.006538992098449073,0.014892280479679589,0,1
-0.006008137364686557,0.013270183115323327,0,1
-0.006284327193462448,0.01563163649845872,0,1
-0.0031793512522281693,0.015355718915282982,0,1
-0.006075981165198414,0.015231042863682511,0,1
-0.005732065496336403,0.013778660017521562,0,1
-0.005753277137175073,0.014006531897741217,0,1
-0.0063953743062955945,0.013907980008912737,0,1
-0.006566468085961912,0.014109191063979174,0,1
-0.005776528941112382,0.0145091057106295,0,1
-0.006715286285299101,0.015768085097655305,0,1
-0.005593522333414842,0.013078300439925116,0,1
-0.004042671313746742,0.015511792437451526,0,1
-0.005334998099765242,0.012954091895533926,0,1
-0.005229094763245798,0.014739058643148461,0,1
-0.006899868311537034,0.014181894149505537,0,1
-0.007673805699267286,0.014258667903252179,0,1
-0.003409794406028134,0.016147224566566164,0,1
-0.006150161564777994,0.014800820562741984,0,1
-0.005805317199321949,0.013366766419510045,0,1
-0.008001674159150447,0.016849495097586605,0,1
-0.004964465146472627,0.014776303607102205,0,1
-0.005498478605272652,0.010979712068409062,0,1
-0.008210564320034548,0.01629172827270383,0,1
-0.00875486550473462,0.014033605745753552,0,1
-0.005191019880135181,0.014494733039882576,0,1
-0.0058816709385468525,0.013384313380963263,0,1
-0.006022729143736493,0.014168614517026844,0,1
-0.005305631209840099,0.014471967193526164,0,1
-0.004102536649404905,0.013533608078088415,0,1
-0.005498149058301065,0.012742025860049678,0,1
-0.0055823262136980405,0.015083214297504153,0,1
-0.004273203426813885,0.013069565372347812,0,1
-0.007464559676333492,0.01716723605170408,0,1
-0.006115180146725848,0.014449490871569434,0,1
-0.004237793686339023,0.014195441219891256,0,1
-0.00411574747772939,0.011158378656832356,0,1
-0.004445719605051397,0.015208428060518444,0,1
-0.0042700857911721225,0.013764565029210777,0,1
-0.004605425514895363,0.015435397803088596,0,1
-0.005260802130154755,0.014426489021038269,0,1
-0.0036742968140189994,0.014592933042162278,0,1
-0.004970669437517923,0.012841490886380048,0,1
-0.00358077636732219,0.015241004220568897,0,1
-0.005771105721828999,0.013920196735346377,0,1
-0.004765990084318223,0.014499231988238239,0,1
-0.0031210011812958273,0.016086127263704186,0,1
-0.0036432574293643384,0.014985824828469104,0,1
-0.007988771710725139,0.01288167722794662,0,1
-0.004768374656506601,0.01239304908603918,0,1
-0.0038885724994905703,0.013804038726244187,0,1
-0.0037408833010394824,0.01537304075557392,0,1
-0.004629794090661771,0.013569545976105383,0,1
-0.0049927767889341714,0.014729795262600265,0,1
-0.004867052891646622,0.014161152518679604,0,1
-0.0034704246698708838,0.015034841611235705,0,1
-0.004400169421934368,0.01386073678061932,0,1
-0.00459882226042555,0.014400708469795246,0,1
-0.005937647305939617,0.01345725511706291,0,1
-0.00441135016177463,0.013543034514687248,0,1
-0.0038760148443207584,0.012529979003417555,0,1
-0.004082928164015822,0.014116750790669364,0,1
-0.0056622717959096324,0.014513830095729593,0,1
-0.0034942560078254285,0.012825888506904057,0,1
-0.0032357085613325775,0.014312888797172954,0,1
-0.004268265879641415,0.013631616708136582,0,1
-0.004967324214540984,0.015090547637915855,0,1
-0.008301377811790514,0.01394846668090099,0,1
-0.00749799677608293,0.01346983309165506,0,1
-0.007416035387097402,0.013429177486277843,0,1
-0.007222152642545292,0.013087380589521079,0,1
-0.010197151259092483,0.011936838629956665,0,1
-0.007843824876024537,0.012734157425697872,0,1
-0.009514781499273492,0.010426574165710712,0,1
-0.006864451100481198,0.012831166165383538,0,1
-0.008321354589298988,0.015468786859359995,0,1
-0.007527985599105621,0.010398211697576768,0,1
-0.011061712199760612,0.010551302540297701,0,1
-0.008893708365876489,0.011898374390083136,0,1
-0.009956925619905818,0.011872779000307965,0,1
-0.009217978094059548,0.011798825132755486,0,1
-0.009701991089426307,0.011592271893111107,0,1
-0.008650754920186703,0.013246319710882255,0,1
-0.006312097302702288,0.013566487923490902,0,1
-0.00792522077031493,0.012158952485144994,0,1
-0.00882319128417082,0.013130025425199024,0,1
-0.00695218133063651,0.013366536667258223,0,1
-0.0065851871726309566,0.012633009313328383,0,1
-0.008162788872233255,0.013103775496616305,0,1
-0.010069258117509137,0.009926378249865513,0,1
-0.007130801508589162,0.01275497844880365,0,1
-0.009497453098111314,0.013294405118906406,0,1
-0.007833147019936098,0.011469999196219023,0,1
-0.009664318374596819,0.011946675726973124,0,1
-0.008937479054957754,0.01163353400094893,0,1
-0.007967671881205717,0.012960816810316907,0,1
-0.00913790905292702,0.011283953368644802,0,1
-0.00633219902349908,0.013601839402487355,0,1
-0.005776450195318468,0.01388908126975017,0,1
-0.00789959099957193,0.01499829363832748,0,1
-0.010264259101504358,0.014142875601215812,0,1
-0.009276746143252572,0.013406693161430122,0,1
-0.008218681571795733,0.014122581968069568,0,1
-0.007756806493872,0.013286220916589256,0,1
-0.008201159114058516,0.013190903031372242,0,1
-0.008353098485834756,0.012164735129969803,0,1
-0.008195964285014998,0.013148766977578238,0,1
-0.009124494785949648,0.011566376965492502,0,1
-0.008335515170473826,0.010797905789271641,0,1
-0.010621895490083254,0.014030454000681038,0,1
-0.00931858091322628,0.011552954679537224,0,1
-0.00908367526512121,0.01173906677916231,0,1
-0.006344361848294424,0.01527039959340377,0,1
-0.007726291270044748,0.013882500293807023,0,1
-0.00774658432910046,0.014748483316397134,0,1
-0.00792923297174163,0.015188782750598859,0,1
-0.006617556099333609,0.013589518866499669,0,1
-0.008309087807682672,0.011559013637492744,0,1
-0.00810579947092424,0.012151972394624986,0,1
-0.008094990987000877,0.012727286925405453,0,1
-0.008449553065258896,0.012231837220256838,0,1
-0.010339875852801028,0.01366591658272262,0,1
-0.009567312235111735,0.013234005244574803,0,1
-0.008719270504894747,0.01004484274835093,0,1
-0.008819035518944366,0.010070307372567975,0,1
-0.00844658287096622,0.012409363493328513,0,1
-0.007418264270231283,0.013927944866666452,0,1
-0.007783269834971797,0.013535674131725104,0,1
-0.006787505624131512,0.011250604105614513,0,1
-0.007693498907496238,0.013076280928683404,0,1
-0.00796372266944035,0.013084509827377359,0,1
-0.007349474885161494,0.013311534385062919,0,1
-0.00837394352782862,0.012850414299220075,0,1
-0.008752679968972497,0.012951350456041582,0,1
-0.009425815332189714,0.0125445143662534,0,1
-0.00953316812230525,0.013077053068803097,0,1
-0.009252798900041326,0.012278009243865417,0,1
-0.009035798845009149,0.011993601488343265,0,1
-0.008934018691316175,0.012633842573741998,0,1
-0.009624522617468954,0.011795838186334123,0,1
-0.005479522700380618,0.014847441769566537,0,1
-0.0077143684867584635,0.01380133686594903,0,1
-0.00762293460546107,0.012871477904773124,0,1
-0.010158775394666019,0.013570117134197462,0,1
-0.008259312562076702,0.013484191592135507,0,1
-0.007868383348788402,0.013091314898056556,0,1
-0.008429801483847853,0.01271630959319516,0,1
-0.006948188543117261,0.012661665821893826,0,1
-0.010109990069597934,0.01307474406029241,0,1
-0.010017826587613247,0.012844058663845585,0,1
-0.008718322692151685,0.012285479542599901,0,1
-0.010218740501330094,0.01293253573367229,0,1
-0.008392461386661767,0.01322462655447074,0,1
-0.0075978625447565,0.013467504209471237,0,1
-0.005863437084667294,0.016188855577113314,0,1
-0.008295015143744233,0.013798339807647695,0,1
-0.008608624731948407,0.01414843873415214,0,1
-0.007926386365878772,0.01308122983800727,0,1
-0.009138695099669575,0.010976677019624516,0,1
-0.008751915885919372,0.013244861670090155,0,1
-0.00855543911793651,0.012424992976501426,0,1
-0.00903882001643603,0.013220244771015327,0,1
-0.011208011046306835,0.010918278472836706,0,1
-0.00942701821769258,0.012439992144060868,0,1
-0.009536080735464452,0.013308891100028121,0,1
-0.01182833001154592,0.00908609730543292,0,1
-0.008027590777532309,0.01353692850467616,0,1
-0.007810932060018397,0.012325327366032283,0,1
-0.00997935419996249,0.013299343791169909,0,1
-0.007691130702361564,0.013065283956412961,0,1
-0.010217313466475898,0.011382995972547529,0,1
-0.008881641466916874,0.013812511678378483,0,1
-0.009160415160011976,0.013491717316979268,0,1
-0.010254393342910539,0.010790141969556064,0,1
-0.008343817653462449,0.012900529301446657,0,1
-0.008777501983573554,0.013061204705472148,0,1
-0.009196142473840114,0.012036739346050308,0,1
-0.009046802890438103,0.012821297726382555,0,1
-0.007679446296694115,0.01385240342145236,0,1
-0.008059956546909715,0.014869681968380897,0,1
-0.008432586924212707,0.013780996797850076,0,1
-0.011147775693859672,0.012181334104331974,0,1
-0.008714580776811146,0.013393823753385284,0,1
-0.008597067980017359,0.013085416631283315,0,1
-0.007843502740286654,0.013181425043580273,0,1
-0.008061473252976438,0.013359589896804762,0,1
-0.008461445435442652,0.012157351760820678,0,1
-0.009076916768457328,0.012576333016370586,0,1
-0.009980156684476677,0.012221099370297125,0,1
-0.009503821696742134,0.012480724398128282,0,1
-0.008441780548300732,0.012743461651310324,0,1
-0.006555135553037299,0.015070209733259005,0,1
-0.008843470348659909,0.014534671252271971,0,1
-0.007475268288557927,0.012514933504310434,0,1
-0.0075847527500251775,0.015102426032703117,0,1
-0.008454896356486564,0.012157216559937237,0,1
-0.008329382632044207,0.015002335936318905,0,1
-0.009843790206747942,0.011522301506953655,0,1
-0.00956631625287716,0.012990595565518943,0,1
-0.009950818410112822,0.011693391196509523,0,1
-0.008658787968796974,0.014763098855857935,0,1
-0.00795821030186462,0.012843489885326345,0,1
-0.009047869374299121,0.013057289922727715,0,1
-0.007813234919014358,0.014264806989146117,0,1
-0.00875887794548106,0.013508772843090482,0,1
-0.00916424483155259,0.012819026569574893,0,1
-0.009215630862452605,0.013091023781677598,0,1
-0.008484972340156688,0.01159671566386237,0,1
-0.009012449176029658,0.012503139744244397,0,1
-0.00921732437784012,0.013124431432206684,0,1
-0.009428461555667518,0.012742549445346321,0,1
-0.007973261842661018,0.013673332920729812,0,1
-0.008627520961230857,0.014614719996149883,0,1
-0.00845069475999856,0.013446375402526701,0,1
-0.007960736339885019,0.013426545807914855,0,1
-0.008511257425451146,0.012811393939241184,0,1
-0.008851977696867167,0.013143411816497362,0,1
-0.010452877932051024,0.016625994521611977,0,1
-0.008741449140051137,0.01252036069977816,0,1
-0.009737564616443664,0.012450090848196772,0,1
-0.010105678666745426,0.011701911949163878,0,1
-0.007055705199704835,0.01369238771297277,0,1
-0.009569874834742455,0.012406347498267427,0,1
-0.007977173183757427,0.013635130482560081,0,1
-0.00883434923137642,0.012327145899831811,0,1
-0.007788409131226684,0.013641003298301316,0,1
-0.008776823282854545,0.014315492352137351,0,1
-0.009944560268562285,0.014454135271752724,0,1
-0.009353225112869153,0.011969140250918784,0,1
-0.007396833969829902,0.016146013134881156,0,1
-0.009563212522309886,0.0127740580470439,0,1
-0.008285999728649348,0.014100235763291703,0,1
-0.009124577449022937,0.014502747608691491,0,1
-0.010549276847783087,0.013278101083721027,0,1
-0.009568873771283983,0.012802905245136073,0,1
-0.00872987157513965,0.014936621204109326,0,1
-0.01185789965697828,0.013249589195064096,0,1
-0.009172175285569389,0.013207433030596174,0,1
-0.010087933897301051,0.012948246503335436,0,1
-0.010959929651066791,0.013320701122148724,0,1
-0.007902109967663258,0.013471666298542621,0,1
-0.008029131431686147,0.017360233892891833,0,1
-0.010713880068832669,0.012592206734785385,0,1
-0.007643477780066356,0.013172256390460135,0,1
-0.008496336084958742,0.014618734535764212,0,1
-0.008812712515068925,0.014003943529158307,0,1
-0.008915298019753846,0.014439804690735561,0,1
-0.010346537401799463,0.014004337643884774,0,1
-0.010615841794872924,0.012920491753319625,0,1
-0.010331490750465452,0.015433096619489299,0,1
-0.008444629022889696,0.01518056315113302,0,1
-0.009822558712545115,0.01524416692290535,0,1
-0.008521958261555622,0.012680266827542972,0,1
-0.008037650452432323,0.013095649566997079,0,1
-0.008694976211098245,0.0167300724987076,0,1
-0.009225758333035761,0.012584550644824947,0,1
-0.010130547435773789,0.012863342659694613,0,1
-0.008018611526064938,0.011377249230100618,0,1
-0.009189568661602377,0.012832528278961332,0,1
-0.010189011964448356,0.013511801820100878,0,1
-0.00904482684422936,0.014434026068855799,0,1
-0.0075412638432202075,0.0145025057967307,0,1
-0.008205522675647836,0.012457353324313783,0,1
-0.009424315727830784,0.01362296644586923,0,1
-0.009561423938472513,0.011560531988778667,0,1
-0.008261017113562136,0.013544478926841238,0,1
-0.007620884816470452,0.014408631069150895,0,1
-0.009319426930487791,0.013974607809471414,0,1
-0.009469050818258993,0.012588824649896121,0,1
-0.009362797507276834,0.013171952163750783,0,1
-0.006014402172425966,0.0118838058001214,0,1
-0.009507375911639413,0.013501668890222253,0,1
-0.00814489110345486,0.01582578152291661,0,1
-0.008187745494411479,0.016018313943915376,0,1
-0.007860322061240228,0.01406416333747622,0,1
-0.009110743383027338,0.013963005587343279,0,1
-0.009854364858295462,0.01309173557614395,0,1
-0.009374118014326686,0.013739077255010366,0,1
-0.008346640569344484,0.013323182840946858,0,1
-0.0088699585981351,0.014372223997054446,0,1
-0.008974434615358897,0.013681648349604263,0,1
-0.008908023208754546,0.013983326310096881,0,1
-0.009508674481525616,0.013996592822070804,0,1
-0.00883276349846867,0.015594149484796113,0,1
-0.009462209062863833,0.013237374983159848,0,1
-0.008225443369145505,0.01405963793588376,0,1
-0.008919479688943426,0.01444062651530242,0,1
-0.008281023014121345,0.013227047937291032,0,1
-0.009091546438092107,0.012593811628019915,0,1
-0.010106945228458576,0.014565407376215821,0,1
-0.011095443051765613,0.012848628836992372,0,1
-0.008982339923506999,0.014362087621938602,0,1
-0.010379537287312026,0.014338003676057087,0,1
-0.010076346455220094,0.014737793115708513,0,1
-0.010343886806982039,0.014514076737740793,0,1
-0.009818336358979166,0.013962803568511388,0,1
-0.008081412671365853,0.01455272192993548,0,1
-0.009065987935495078,0.014559508091200421,0,1
-0.01034823781972164,0.01309107707778279,0,1
-0.011787624881370418,0.013719472925789664,0,1
-0.011573391560498797,0.01585878098375421,0,1
-0.009149037481248668,0.01540046345081889,0,1
-0.010543609227077297,0.015199457335261509,0,1
-0.009400525101824483,0.015771342794817535,0,1
-0.010748809624341079,0.010638801321792566,0,1
-0.00924640581533693,0.018157064574054787,0,1
-0.00890077294142821,0.013387503970260764,0,1
-0.009882884773845722,0.014357301945511523,0,1
-0.009996086618482562,0.013272625426218133,0,1
-0.009634877557227983,0.014798649058286525,0,1
-0.009622297642792509,0.01521373241989848,0,1
-0.00987004045950458,0.014794631526911914,0,1
-0.008201577407965892,0.014426529291036832,0,1
-0.009561937482559157,0.014491901364592084,0,1
-0.009180902283061884,0.015451948152081422,0,1
-0.010180185781940614,0.014786988230709938,0,1
-0.009823758788374588,0.014427839432275921,0,1
-0.008535352650001791,0.01575581948361133,0,1
-0.008681980860046398,0.013774833931477742,0,1
-0.009784657980568089,0.014853157765323883,0,1
-0.010362418553748483,0.010066075295621675,0,1
-0.011775218028922443,0.01299631366351816,0,1
-0.011309419079087979,0.010006961310316434,0,1
-0.01078412999792471,0.010332445585044888,0,1
-0.01126340112204225,0.010292348531768284,0,1
-0.010898909945009064,0.009945815211183836,0,1
-0.010916728510792945,0.009937649025386752,0,1
-0.010885530539062067,0.011533580055167376,0,1
-0.010581319519400492,0.010583428141883578,0,1
-0.010080202379733954,0.010049070025596327,0,1
-0.01104819356577976,0.011904816453376304,0,1
-0.010462867197804216,0.01155167585194951,0,1
-0.00830343951690882,0.012787823481437106,0,1
-0.011113702272683277,0.011491001992155234,0,1
-0.009305219678455986,0.011285054712174029,0,1
-0.009279100703482673,0.01115027520851084,0,1
-0.011193082868998443,0.00907711382827679,0,1
-0.011148024248320983,0.009438873135359769,0,1
-0.010890660828439482,0.009726017296245107,0,1
-0.012281525417824365,0.011312600377376341,0,1
-0.01240505407079267,0.009625997095461618,0,1
-0.011686846380355134,0.00927524818915006,0,1
-0.011455221415086642,0.0096617603800908,0,1
-0.011812671873626257,0.01034985595172752,0,1
-0.01137824070567171,0.01063754219880177,0,1
-0.00857558208207809,0.013960268791984063,0,1
-0.009463984157166054,0.010799257158040703,0,1
-0.010184953438076117,0.01118234435755792,0,1
-0.009008778109493338,0.011095315124270463,0,1
-0.010659149280424215,0.011995639184445111,0,1
-0.00862477638292011,0.011265282469390445,0,1
-0.011974447982705088,0.008092741135565767,0,1
-0.010232790131557888,0.009761605998006176,0,1
-0.012110090802266748,0.009978200049243964,0,1
-0.01135979807933544,0.009598592354955613,0,1
-0.008772650448216153,0.012881216295437564,0,1
-0.010657239842569806,0.00962681768911081,0,1
-0.010210130814973168,0.009921643170236895,0,1
-0.011878998418622267,0.010314704189402113,0,1
-0.010310611224640715,0.009788742772956029,0,1
-0.010551756225488361,0.012660140526399747,0,1
-0.011858963836715827,0.01061732652684141,0,1
-0.008602576767872327,0.012100387614389124,0,1
-0.009697032881058582,0.010355221361994233,0,1
-0.006025953248665914,0.009034704696942432,0,1
-0.009350628520946404,0.01173604414974625,0,1
-0.011521287029754601,0.00976034287831265,0,1
-0.012262594244430249,0.010689873055345819,0,1
-0.010737641126804654,0.010595321349479589,0,1
-0.010712956305131397,0.011515940988864977,0,1
-0.01022811947960016,0.009918108476022723,0,1
-0.01105769294459685,0.010189150848445037,0,1
-0.010374128432742418,0.010352885021587379,0,1
-0.009885231398198628,0.010809081810174514,0,1
-0.011091855948944906,0.008444758437217158,0,1
-0.010192706677234039,0.009987664951769884,0,1
-0.009261725608380197,0.013408106798789949,0,1
-0.008792799049498147,0.011202603653554204,0,1
-0.008930741657556326,0.010405849838000272,0,1
-0.010703152903051022,0.009435560561579443,0,1
-0.010039731054433546,0.010344671993471896,0,1
-0.012610494505045722,0.008443537591379485,0,1
-0.01095606321168332,0.00980533368757286,0,1
-0.011537496334158326,0.009845523721534273,0,1
-0.011125763489209718,0.010171688411725199,0,1
-0.009143484873534544,0.009993464189641045,0,1
-0.011806084909036707,0.01179585309599506,0,1
-0.009885862675681702,0.009865088629385026,0,1
-0.01019097703408921,0.010263490093361315,0,1
-0.009878935961668682,0.010478428785840516,0,1
-0.009581132597689532,0.010143037068528747,0,1
-0.009064236495101241,0.012922950940125594,0,1
-0.00924437060917772,0.009350095242737602,0,1
-0.010490898421874293,0.00951665566659928,0,1
-0.011671688069731099,0.009652493154466979,0,1
-0.010909428605785823,0.009963287458954913,0,1
-0.010751276848553426,0.009761853237828095,0,1
-0.014403082215188224,0.01127741879421673,0,1
-0.010943237731384819,0.007004295431634675,0,1
-0.011651373445834164,0.011506006174912726,0,1
-0.008886668417559739,0.009299702824186695,0,1
-0.010760178542309162,0.009750271311964015,0,1
-0.008788617016566547,0.010878660526515696,0,1
-0.008671306741967878,0.009105692578105456,0,1
-0.010886302299921496,0.01090969076428616,0,1
-0.009499047255751718,0.01068296001726128,0,1
-0.010802770542390304,0.010060053432473235,0,1
-0.011185027268056024,0.012711644559831535,0,1
-0.012042922720745504,0.010264018733393306,0,1
-0.010928904235822118,0.009315424095638805,0,1
-0.011085379362431903,0.00894064712939852,0,1
-0.008840202081409343,0.00980731557556663,0,1
-0.010100138347423081,0.00965780996067759,0,1
-0.010938925639253166,0.01088840220528688,0,1
-0.008851423526176112,0.010138354575694834,0,1
-0.009839583663124016,0.009717941523251498,0,1
-0.011438120702136064,0.007154406287435061,0,1
-0.009592769319404615,0.010490624112578287,0,1
-0.01066035266810973,0.009309465025768881,0,1
-0.010963417864307897,0.009327467763661345,0,1
-0.01107414548193407,0.010694779211139201,0,1
-0.01099377875813349,0.010376268535908265,0,1
-0.01091106867904155,0.00912380839228631,0,1
-0.009684155453409383,0.009393059075680913,0,1
-0.011297447822770753,0.010429767666728585,0,1
-0.009341810184763653,0.009286631001305194,0,1
-0.009241828583883695,0.009910746858009738,0,1
-0.01082220045000457,0.010668286844718563,0,1
-0.007091994016952419,0.00890651743590726,0,1
-0.009494205039189251,0.010306148733096716,0,1
-0.009532999648339216,0.010269565813759592,0,1
-0.01164197124458912,0.009022347636662757,0,1
-0.01131870503461891,0.009253761342491658,0,1
-0.010683280178000765,0.01171683209649366,0,1
-0.009593396808035982,0.008966069649682442,0,1
-0.009637458799290562,0.01038316998903903,0,1
-0.012222816936718083,0.0075886349528279514,0,1
-0.012154145858744383,0.011179897689079475,0,1
-0.010146380701163317,0.013045988581883765,0,1
-0.009603160877640288,0.010126070569262525,0,1
-0.008430827819195783,0.009592244513026614,0,1
-0.0087921303979935,0.010059825294217761,0,1
-0.00955196951641277,0.010564658392636633,0,1
-0.011494402599371192,0.009353669566204445,0,1
-0.007726430961105389,0.010525490904653755,0,1
-0.010539455536882703,0.009028984953666268,0,1
-0.010953337936070177,0.009203346737497406,0,1
-0.010929824448271067,0.00914132690623158,0,1
-0.010132832156110065,0.009730712099813927,0,1
-0.010741527178235422,0.007606398421228657,0,1
-0.009507860893033558,0.00949981392773272,0,1
-0.011622427394279976,0.010458319813124957,0,1
-0.008815624383756248,0.010603890881463844,0,1
-0.008184545620000332,0.008919990319504287,0,1
-0.010230831415248502,0.01019332580774341,0,1
-0.012168094949585768,0.012364893515665717,0,1
-0.01077327069025229,0.009067985736882,0,1
-0.013501102169107429,0.010164491078622016,0,1
-0.010538321824511627,0.010304789761744633,0,1
-0.011151705732548086,0.009163872535451891,0,1
-0.010197992987957072,0.00999656208015093,0,1
-0.008284265527233877,0.010494989211305608,0,1
-0.009587116663809053,0.009175230815657569,0,1
-0.008769801148589258,0.009730069439779745,0,1
-0.008389934705114527,0.010148746417307529,0,1
-0.009798565764851459,0.008702555122843542,0,1
-0.011070535882099834,0.00903115601397341,0,1
-0.01041966887044109,0.00961058210646156,0,1
-0.010859946915611639,0.011286408570109043,0,1
-0.010843323787661632,0.006046609144542042,0,1
-0.009909768099689676,0.008714245845892454,0,1
-0.00981201439465472,0.009660894760470388,0,1
-0.009943453107577617,0.009632115076043649,0,1
-0.009271078352609817,0.009265835141522417,0,1
-0.009220796294205337,0.00948282276531878,0,1
-0.01249663059916419,0.009134738228279354,0,1
-0.011160628940607957,0.009427703050992327,0,1
-0.012826650422168127,0.007370374898917627,0,1
-0.010384939037398311,0.009566775272384406,0,1
-0.00901855671086689,0.008715763038293276,0,1
-0.007055663615326414,0.008353769115988147,0,1
-0.008567848504682604,0.009423413344390471,0,1
-0.009320327133383497,0.00881275274319837,0,1
-0.009436859237774015,0.009819140543279117,0,1
-0.008065043959222017,0.010639493825750827,0,1
-0.007559764054269079,0.009521617548535234,0,1
-0.009378058300004936,0.00818273348227764,0,1
-0.010263171833479946,0.009102706637728669,0,1
-0.01246900948819916,0.011677068190507667,0,1
-0.009819658338236118,0.009915009231520682,0,1
-0.0098490789425871,0.009014100551978616,0,1
-0.00824931052936571,0.011993689703779146,0,1
-0.009384968732073907,0.010428938296525577,0,1
-0.009595044981104589,0.008215820305803862,0,1
-0.011992331206735532,0.008082790122056186,0,1
-0.010970803318457492,0.008884246825531105,0,1
-0.010117644724451015,0.009941950370242477,0,1
-0.009552525390628733,0.010646822695477344,0,1
-0.009657676614785168,0.009700946230495685,0,1
-0.008242628949492193,0.00689535297845665,0,1
-0.009658344123551436,0.008314271788529878,0,1
-0.008508368433583303,0.009652597873758339,0,1
-0.008098480821896266,0.00963194432388322,0,1
-0.009033416923724924,0.009611279470685012,0,1
-0.01083728846428185,0.008752691854331904,0,1
-0.008764061561274687,0.011188800106311608,0,1
-0.00945182648174042,0.009353286943948111,0,1
-0.011354092818630946,0.011771061906620682,0,1
-0.010065204248116503,0.0088072928682041,0,1
-0.00956756791672959,0.009037608476242184,0,1
-0.008650135578810881,0.007953686000158266,0,1
-0.009977383696426513,0.009183552029100504,0,1
-0.010224445577811906,0.008382083495246398,0,1
-0.011484524667429706,0.009748229590161493,0,1
-0.011047529202415264,0.01191109068874102,0,1
-0.00979230003191624,0.008451335629315705,0,1
-0.008989666814258073,0.009482164715744996,0,1
-0.009442106665325429,0.009844454825431692,0,1
-0.009423791148423902,0.010096211939112604,0,1
-0.00761492063786768,0.011331092218265207,0,1
-0.01023808502302678,0.008618295742222396,0,1
-0.010605453252516325,0.007697577636140431,0,1
-0.007749652152743891,0.011677339039776212,0,1
-0.009471332172857345,0.00802712614707146,0,1
-0.00941809039804479,0.009740355094728315,0,1
-0.008205170146457115,0.008052700879760163,0,1
-0.008422685538260994,0.008003738398309911,0,1
-0.009575999067918261,0.009486390347265969,0,1
-0.0097846334520843,0.008971632504117071,0,1
-0.00913522388477829,0.008735926121685318,0,1
-0.009800584713514015,0.008808740241760888,0,1
-0.008603187690726986,0.009766075659995207,0,1
-0.008889014307325496,0.00922210986632571,0,1
-0.00950108611587741,0.009102798183444139,0,1
-0.009638211495459013,0.008749744301292462,0,1
-0.008261280464382386,0.01078043835539391,0,1
-0.009791635283364295,0.010177219081497515,0,1
-0.009440975117151229,0.009107205927094117,0,1
-0.008937600001270515,0.008978838529659227,0,1
-0.009282113332295727,0.007860368916341058,0,1
-0.009239295889384597,0.009206828344418133,0,1
-0.009502439862133153,0.009853014076359135,0,1
-0.010008740704627959,0.008819732290562534,0,1
-0.010352619673780023,0.004854947070919778,0,1
-0.010344531241344953,0.01005543247157865,0,1
-0.009445436947825306,0.007788876366382253,0,1
-0.009015250035586545,0.008314818340791964,0,1
-0.009434201533127845,0.008530198474855201,0,1
-0.0069132826497268155,0.010285388584863987,0,1
-0.012380135733930285,0.007794266209749135,0,1
-0.00994656213325488,0.009557068768082037,0,1
-0.008729842316723304,0.009158990191904701,0,1
-0.008916862995187165,0.008823154559982714,0,1
-0.008457657002494746,0.00774998668224482,0,1
-0.009733378758001896,0.007611233963916118,0,1
-0.008173764340726903,0.005847227828258852,0,1
-0.00642807863332172,0.00789062852047743,0,1
-0.008654573455690536,0.008724105231502341,0,1
-0.0064770199694616235,0.00864369450492541,0,1
-0.009604775970027263,0.008147413142574332,0,1
-0.009502992935901435,0.008424155894042776,0,1
-0.011012133225763915,0.010316422482286263,0,1
-0.008665917847627254,0.008479842319301678,0,1
-0.009691360355926226,0.008280399131845882,0,1
-0.010704110223267387,0.008404560489627646,0,1
-0.009468650374928505,0.00726558625440079,0,1
-0.009041554370010987,0.008345503182221064,0,1
-0.00906148055707059,0.008503521468575644,0,1
-0.0105025926710837,0.009717838318275092,0,1
-0.009833538588621633,0.008063856203922585,0,1
-0.009521837966379395,0.00980044491946153,0,1
-0.008970709214316369,0.008076023246179892,0,1
-0.010334227399745892,0.009009490093987426,0,1
-0.009472994118676964,0.0077792446607597545,0,1
-0.008369816290781835,0.008027061506828349,0,1
-0.010554194825363194,0.006791991409980373,0,1
-0.009201157766599825,0.007190415066814241,0,1
-0.00976390105008827,0.008545125633973407,0,1
-0.010179691466731677,0.007598928698239642,0,1
-0.00991529899552172,0.008276724703313726,0,1
-0.008919225533197296,0.007530131054570932,0,1
-0.009366416819119221,0.007672081766407066,0,1
-0.010125762586645696,0.0077776455254296925,0,1
-0.009819104972179237,0.006383346776422494,0,1
-0.008674111267876239,0.008887783486261671,0,1
-0.011424687670774546,0.004498966491912261,0,1
-0.01214404588648434,0.010555574357579886,0,1
-0.012953268899213184,0.008308852904127851,0,1
-0.009331138125911067,0.011796003970033431,0,1
-0.012103140301403597,0.012416944258147612,0,1
-0.0110321671818798,0.008307861561846819,0,1
-0.011534573216703545,0.009052476683889319,0,1
-0.010801686263004137,0.008846383520581818,0,1
-0.009766328088536027,0.00882933555492125,0,1
-0.010492218346077128,0.008786747946499572,0,1
-0.009952922553287627,0.008333041542773182,0,1
-0.009080777418382199,0.00778733114958789,0,1
-0.010728203877258306,0.007637852573232435,0,1
-0.009004592925600198,0.007102232490157747,0,1
-0.010857402372863366,0.007577977390535007,0,1
-0.009119278620936587,0.00721836825738677,0,1
-0.011629117971091526,0.007337437930849182,0,1
-0.010194723280424024,0.007015770812124288,0,1
-0.011942614728692938,0.009723731402344282,0,1
-0.011441223756389604,0.009380723842326188,0,1
-0.010083878117460372,0.009191075237665816,0,1
-0.010675531523249447,0.009308350868099868,0,1
-0.01122092391312465,0.009250290657544272,0,1
-0.012075213635583417,0.008078573398590244,0,1
-0.011006748563147751,0.009044023631871848,0,1
-0.00939762387127479,0.008228258947052512,0,1
-0.010231362094444144,0.008475425194261045,0,1
-0.010745382107125773,0.0065485880152788885,0,1
-0.0077065380828459954,0.0077291473911319806,0,1
-0.012400296093452116,0.005788664433266098,0,1
-0.00956172923745392,0.007032746485292132,0,1
-0.009505874867200852,0.006422998706943863,0,1
-0.01007362795611147,0.008242832783948092,0,1
-0.008943213048014874,0.0041869703220038254,0,1
-0.012789966141231008,0.009989346314190125,0,1
-0.011055884881670596,0.009309135174646302,0,1
-0.012256343330143337,0.009501038048440056,0,1
-0.011371587612355342,0.009218774666481985,0,1
-0.011005563478100576,0.00863779039407612,0,1
-0.012779948913295282,0.006239207648479296,0,1
-0.011117139076030682,0.007860606718812594,0,1
-0.011123538690802792,0.008226696188042596,0,1
-0.011490705279481985,0.008078265598933937,0,1
-0.010521392193021475,0.004785447201661012,0,1
-0.00960943267264812,0.007780537367008371,0,1
-0.010084451216251473,0.0077768737635242075,0,1
-0.009494431936708795,0.007969919094880734,0,1
-0.009492613196906407,0.008297596427799264,0,1
-0.008167911190579894,0.010626721816316466,0,1
-0.00648656316422931,0.008292682424227966,0,1
-0.008837661161836726,0.007325562708725098,0,1
-0.011703809341250745,0.009182037115878084,0,1
-0.010807956899021715,0.008463321079468967,0,1
-0.00877801196846095,0.012519961307769573,0,1
-0.009662394901481608,0.007549869861647925,0,1
-0.013197761664131606,0.009746024694762706,0,1
-0.00886592690505692,0.00947818506326584,0,1
-0.010908839489877064,0.00910703146530717,0,1
-0.010926093578541352,0.00816094550034581,0,1
-0.009144998186359625,0.00747270546708757,0,1
-0.00870267837838054,0.00728107490899202,0,1
-0.010297436510409598,0.006841595441373892,0,1
-0.00905491729153587,0.007220125967650119,0,1
-0.008365821478418543,0.00735001897160103,0,1
-0.010828944440663364,0.009615783636991802,0,1
-0.01285771387800108,0.012234403049987741,0,1
-0.011577363084308784,0.009744571523052145,0,1
-0.011485372750159763,0.007587500075801934,0,1
-0.011596761745512192,0.009067578952604419,0,1
-0.010592454041048003,0.00866426496518012,0,1
-0.009635073143803276,0.011098727099461006,0,1
-0.008834397659155717,0.01099798671037572,0,1
-0.010866726658791154,0.008079515765206827,0,1
-0.010723660150156468,0.009028180148181962,0,1
-0.009797954163944309,0.007696253314890953,0,1
-0.010580486006842813,0.007394269245612268,0,1
-0.010373321083453403,0.007879274081840406,0,1
-0.010327969087385822,0.006518044186957916,0,1
-0.009642797183659306,0.0071175541457827885,0,1
-0.012307949927152721,0.009103236508727333,0,1
-0.011998009749793448,0.0097593048680991,0,1
-0.012265375321583399,0.00856914165807413,0,1
-0.011323960707388918,0.008411872439000542,0,1
-0.011461374043191181,0.00874742677940416,0,1
-0.012125637331940515,0.00890165017506297,0,1
-0.008020930676594377,0.009489395947970557,0,1
-0.009614068011744373,0.007768549888787395,0,1
-0.010780387370946361,0.008685436146099271,0,1
-0.010741140717321141,0.009120615849753884,0,1
-0.00753586979682883,0.005498604687385722,0,1
-0.00996275890031023,0.007680696607161459,0,1
-0.00778421337623509,0.004138623329780019,0,1
-0.00921307302466415,0.00639959603427864,0,1
-0.010079352582563234,0.008183125478134967,0,1
-0.01074593456884887,0.00965965310080704,0,1
-0.012638846633070298,0.008740020613822426,0,1
-0.012533543053376828,0.011461232397341193,0,1
-0.012493301717984054,0.00783892425317072,0,1
-0.012085161863342925,0.009571314564792486,0,1
-0.010876948937053172,0.008404468897769182,0,1
-0.010551629733025258,0.007320739854858725,0,1
-0.011440701305678922,0.007076491757642036,0,1
-0.011167692757728413,0.008397981904324295,0,1
-0.01084189933985873,0.007959935181662443,0,1
-0.010181397275567916,0.007404262147473527,0,1
-0.011633028044660175,0.006698613098288477,0,1
-0.010870809509153393,0.00890560049976881,0,1
-0.012616511002269098,0.009555890872159122,0,1
-0.011818957667475986,0.009057347263944797,0,1
-0.012108554535736574,0.009759105217074087,0,1
-0.01158529321542139,0.00829364651444569,0,1
-0.011205527622533969,0.008468253206989977,0,1
-0.010856732673204833,0.009157790646732975,0,1
-0.010521283801180132,0.008655253691581382,0,1
-0.013061210904640136,0.006544933710913104,0,1
-0.011938044466679404,0.00928127342562562,0,1
-0.010370290170651338,0.007682849440776153,0,1
-0.010138006455166593,0.007572076897977963,0,1
-0.008671030042367668,0.007170915246857122,0,1
-0.01159422229633298,0.008887918250853518,0,1
-0.011920413342653934,0.009167412584551107,0,1
-0.012922287617525204,0.009034941081348545,0,1
-0.012801004822443049,0.00900402007156427,0,1
-0.011365910925467754,0.007800765532657226,0,1
-0.011688933276870917,0.008140311332099385,0,1
-0.011552560653530252,0.007864375363717636,0,1
-0.011826058794932896,0.00893386454498741,0,1
-0.010609913190884408,0.007939524819666787,0,1
-0.010103124779248403,0.007549587001346622,0,1
-0.01080921639879452,0.007589407173222417,0,1
-0.011403918374547156,0.007227770213406847,0,1
-0.009926500567664809,0.00706111979889322,0,1
-0.011598647100712923,0.009009817763105466,0,1
-0.011882539873301725,0.00869424989347853,0,1
-0.01026138341062563,0.00838164922541325,0,1
-0.011832868967610499,0.008390315048535268,0,1
-0.011667468271001704,0.008563683125171116,0,1
-0.011040168963940927,0.007717637099685918,0,1
-0.011027938704919514,0.007842166952482715,0,1
-0.011734682094439673,0.007506704856338654,0,1
-0.01199536968297953,0.005483996236865919,0,1
-0.009269508257097084,0.007254657203922936,0,1
-0.010429065735823827,0.007447226169773824,0,1
-0.010722816551631712,0.007550901749499245,0,1
-0.010919522244562422,0.010088891264806365,0,1
-0.012164919268041849,0.008998925876916456,0,1
-0.00955794723200402,0.009476112272018116,0,1
-0.011662373435732166,0.0073730186398934285,0,1
-0.012404510486869837,0.00862419020038585,0,1
-0.010343931589677734,0.007772425397181903,0,1
-0.011024700255053298,0.007853846729172257,0,1
-0.010586278141582544,0.008203864247199702,0,1
-0.01033719671971281,0.009128050793445,0,1
-0.009419084583593591,0.005983150683883501,0,1
-0.009941404590210205,0.006374771081778252,0,1
-0.010944711319078336,0.00532031131569276,0,1
-0.01166827564946224,0.008340790439012124,0,1
-0.011867436983063114,0.00870378571993387,0,1
-0.012015980054472237,0.007497451447982585,0,1
-0.011335267149774213,0.008707204118212422,0,1
-0.013456796105399182,0.009492022462501193,0,1
-0.011665391711596806,0.006762022378813845,0,1
-0.010667439831017566,0.007745674664462051,0,1
-0.009699643967771041,0.010963879756144164,0,1
-0.010849554833011057,0.007149671467707723,0,1
-0.010969690078168292,0.006462223792659459,0,1
-0.009910603264620343,0.006982595023513531,0,1
-0.012308144139246984,0.007214105105223604,0,1
-0.010912916791195612,0.009321850664172331,0,1
-0.012311539880008493,0.007237366958240945,0,1
-0.011130312639679283,0.007428424660649528,0,1
-0.01105643055352335,0.009856998023924108,0,1
-0.011108329746731168,0.007703835735067696,0,1
-0.011699300006632373,0.008738414142484737,0,1
-0.013314238895901649,0.0069812094999856305,0,1
-0.011334879746564339,0.011155320602807143,0,1
-0.01082393462235881,0.004293773113406978,0,1
-0.012082904307970386,0.00863531144829687,0,1
-0.012370021466545715,0.00865692867506437,0,1
-0.012356289036332435,0.008889658755288065,0,1
-0.009834928523201818,0.008971923620709355,0,1
-0.011519938359394388,0.007937797015304518,0,1
-0.013216997543175171,0.00876888208948044,0,1
-0.0111637925771557,0.007771077330452756,0,1
-0.010474178279895293,0.0039081799541262445,0,1
-0.010323307917321051,0.007806761874027338,0,1
-0.008501291997118897,0.006215244811655092,0,1
-0.01229520740714841,0.00849079051057534,0,1
-0.011818489487543861,0.006950415937350076,0,1
-0.010371017125416538,0.007890974314592483,0,1
-0.012705889946548223,0.008533839618384035,0,1
-0.01203517421318239,0.007422563543105518,0,1
-0.011722767838585418,0.008275012823116922,0,1
-0.011636886532843454,0.008041096066067295,0,1
-0.010878235085546738,0.007351057067045563,0,1
-0.010923395480969697,0.007412654308528155,0,1
-0.010915487624605404,0.006015904812083041,0,1
-0.011288522699810292,0.009782674065382515,0,1
-0.011627941901080673,0.008374491566941625,0,1
-0.012674580113966103,0.010129820577548996,0,1
-0.010445318692882972,0.006926400766161922,0,1
-0.011502515111990776,0.008161015347255178,0,1
-0.0115223051011172,0.007837156997450159,0,1
-0.010997883961205882,0.007631015940759161,0,1
-0.010764186696428616,0.007831417077840477,0,1
-0.01141342172966518,0.006791609707873975,0,1
-0.011753343995208618,0.009212857937326888,0,1
-0.012856729142581375,0.007538009383135846,0,1
-0.011967256374464559,0.007747882285416794,0,1
-0.012456674957134652,0.007700592962061735,0,1
-0.009984695886158213,0.007531223425391037,0,1
-0.01084969950136414,0.008742831494168981,0,1
-0.009826274946578072,0.006098980699617112,0,1
-0.011022576182400861,0.00796318471559856,0,1
-0.011988021008442325,0.008455611229206602,0,1
-0.011932762696927226,0.009496726619734618,0,1
-0.014710758932376843,0.008975971652465189,0,1
-0.012803073479770994,0.008990629929166062,0,1
-0.01159807035583035,0.0072426627579607545,0,1
-0.010880141556000004,0.008340610667358181,0,1
-0.011700753761507811,0.008081291686407565,0,1
-0.011686920458268977,0.006545579986502144,0,1
-0.010892298660280804,0.00668731551372824,0,1
-0.01260044487400805,0.008029814824827088,0,1
-0.012688827670788357,0.007335749757506339,0,1
-0.014032307096995756,0.008440692494173159,0,1
-0.011060770046038488,0.0076792565976210895,0,1
-0.010043993380893753,0.005195110712277876,0,1
-0.011608386640111967,0.0068974049278843355,0,1
-0.011033269504392455,0.007157780763964454,0,1
-0.012100973657082814,0.008180479583249708,0,1
-0.014370674203740727,0.008258858726919026,0,1
-0.010628420251981645,0.00739606389212365,0,1
-0.011142009217378257,0.007272460715174927,0,1
-0.011679543766929569,0.0074332868012818775,0,1
-0.011520870651068315,0.007359864868208321,0,1
-0.01071849822732198,0.006065406490597691,0,1
-0.012622473691223723,0.00797259932530984,0,1
-0.011580986972139808,0.008519398650934608,0,1
-0.01191201845412887,0.006944058403987289,0,1
-0.014770631471054715,0.006723481892343311,0,1
-0.012019509411201154,0.006903807009404208,0,1
-0.011476700887440166,0.007164009526594079,0,1
-0.012564861685479113,0.0073350916282153514,0,1
-0.011084081265072527,0.007959074564047743,0,1
-0.012773323577737918,0.008178603275751126,0,1
-0.011996136812916456,0.007760417710130164,0,1
-0.012085458849096821,0.007486282192379055,0,1
-0.008896087463889417,0.006798208941103663,0,1
-0.012318917889581152,0.006640402940732462,0,1
-0.012583735490600875,0.00772722706673489,0,1
-0.012686639862803708,0.007948034451458242,0,1
-0.01278785817366775,0.007306354910642381,0,1
-0.012457617164990751,0.007786582644849797,0,1
-0.011918693362569436,0.007216533309790203,0,1
-0.011231772932819292,0.007571358058471415,0,1
-0.013141777965489865,0.005672822025601224,0,1
-0.012475128331741048,0.007625974197505435,0,1
-0.01209902721568178,0.007477522694437526,0,1
-0.012506129246899318,0.008351059943300121,0,1
-0.011634227599998536,0.007432766882709669,0,1
-0.013014876404954833,0.007501117242223752,0,1
-0.012255612705850388,0.007583449599660292,0,1
-0.011657476802978238,0.007780549335494956,0,1
-0.009936645034457398,0.006163226600968003,0,1
-0.011902171795281948,0.00701284708049071,0,1
-0.014414248289134202,0.00620755162081064,0,1
-0.012920276798621854,0.00725675405477979,0,1
-0.01594182298660167,0.006703595525007829,0,1
-0.011707327347224801,0.006174577185926292,0,1
-0.012606897524549838,0.007410662282323474,0,1
-0.011107761073698375,0.004066372308678985,0,1
-0.012163547304991881,0.006446091850205353,0,1
-0.01136911001124068,0.007685044996853673,0,1
-0.013595222037066418,0.007890074325428634,0,1
-0.012951002592115296,0.007157897378883629,0,1
-0.010575669228678171,0.009457754028097422,0,1
-0.01224303267528713,0.010082963240096362,0,1
-0.014013035663811738,0.007597087397244178,0,1
-0.01388701309713099,0.007769321904484039,0,1
-0.014762677918181064,0.007125545669733903,0,1
-0.012828256758638235,0.007621329847749883,0,1
-0.012626222965268339,0.0051155935914784945,0,1
-0.013089335217260932,0.007430145175428197,0,1
-0.013647351628741042,0.007883591389102386,0,1
-0.013082166313809769,0.0066426292178850595,0,1
-0.012513978463248027,0.007169256975437265,0,1
-0.01373181963188056,0.010223556810596307,0,1
-0.012392508763884497,0.007510101878434862,0,1
-0.012154057067911514,0.0068598611960703215,0,1
-0.0121389664639882,0.007955908431337663,0,1
-0.013094891837063008,0.005542237415859549,0,1
-0.010940258883216241,0.006968136692055005,0,1
-0.010792903343598535,0.006475831637787173,0,1
-0.010097587527830123,0.006747745378235742,0,1
-0.010050711826245966,0.0074511344860212795,0,1
-0.012688381241745126,0.0069271464692867045,0,1
-0.011158850322902878,0.006968218931165157,0,1
-0.008239585532210873,0.007436134985457798,0,1
-0.009004478184286227,0.006761793661726146,0,1
-0.009422376021331549,0.0070957093198331924,0,1
-0.008712167049530513,0.005343223628447656,0,1
-0.009680991679215305,0.006912798307373561,0,1
-0.009118249362582778,0.007236575528236366,0,1
-0.012114028221872925,0.0076755803416704545,0,1
-0.01251051092872977,0.008488318864694986,0,1
-0.013071818531028075,0.007033015912489721,0,1
-0.012265439600850697,0.00740324489211526,0,1
-0.011876012493231442,0.006335939769801892,0,1
-0.011607433490932502,0.007390639270672301,0,1
-0.014590006692571569,0.007915759936544626,0,1
-0.008722378334370173,0.004458457117514865,0,1
-0.013740775080817938,0.006332224814741509,0,1
-0.011806844941792483,0.0052200361183220466,0,1
-0.01078278884160101,0.007419376926568892,0,1
-0.009880450281936392,0.007747391045885413,0,1
-0.00921106232401752,0.008827226397887031,0,1
-0.00969159993184996,0.007277809929555621,0,1
-0.008773631709099033,0.00831622457050347,0,1
-0.009497070740788705,0.006537095260092122,0,1
-0.008819069769636721,0.007121422925549256,0,1
-0.013024450791415771,0.006948334579215317,0,1
-0.012822699127925323,0.005523269040786523,0,1
-0.013884631567295958,0.007006365216372022,0,1
-0.012417581484075544,0.006987038874583443,0,1
-0.010300368440495259,0.0037785131501660257,0,1
-0.011773499227943724,0.006748249191687532,0,1
-0.01153957030718178,0.007157314124943622,0,1
-0.010535519490479298,0.008744726002406283,0,1
-0.011777678824869254,0.006635974382513682,0,1
-0.010799310251181641,0.008139158992051409,0,1
-0.011854842378687325,0.006516091821704191,0,1
-0.010872028641370412,0.005925191026570686,0,1
-0.010734740188112773,0.008399477188495427,0,1
-0.01081851352900214,0.007442059958168298,0,1
-0.011306762650789419,0.006364158403302169,0,1
-0.009319481790914382,0.007129001488087559,0,1
-0.00841605109779549,0.006991654110457644,0,1
-0.008564264454230173,0.0072488494363209255,0,1
-0.012590284458148075,0.0066146149301521285,0,1
-0.012079917782598718,0.0063564739189512125,0,1
-0.011269146609366752,0.006528755135161295,0,1
-0.011914316570351566,0.007607906028571378,0,1
-0.009638591570416697,0.007755805476375732,0,1
-0.00988569570645433,0.006226230230809209,0,1
-0.01085680820609064,0.007363473680220583,0,1
-0.011484078479549692,0.0061082969300683305,0,1
-0.01025585376460186,0.007088878082878634,0,1
-0.01344710386132894,0.007383414535491832,0,1
-0.01059677679352733,0.006884200703073179,0,1
-0.00906707008906916,0.005343264861332504,0,1
-0.009520285398501116,0.007037927133887612,0,1
-0.009342406644695687,0.005898197800192261,0,1
-0.009986690191297241,0.00604398918334433,0,1
-0.009322268763995086,0.007046396402572999,0,1
-0.014071135224353774,0.0070066700061789736,0,1
-0.01372391978594593,0.006739133838900155,0,1
-0.012921916570235956,0.006803036278265475,0,1
-0.01283172491868901,0.00606437702990935,0,1
-0.012053239170643736,0.007855859831992669,0,1
-0.012749618107875475,0.007084906214919353,0,1
-0.012043254674394606,0.006602425352321207,0,1
-0.010562524442792409,0.006723484260599244,0,1
-0.011165125114226685,0.006472714682716783,0,1
-0.010558297384641209,0.00559089161390377,0,1
-0.009999329459675696,0.006536737208385147,0,1
-0.010756329383528829,0.006674048061156495,0,1
-0.011034313506220474,0.006210811767102615,0,1
-0.010264648874190924,0.007014571484590881,0,1
-0.009295887588431856,0.006575223449841708,0,1
-0.011086749781773937,0.006876652130818213,0,1
-0.009034487785394,0.0062316972837466724,0,1
-0.014127224114852748,0.005481283504223541,0,1
-0.011776736753727736,0.006369590113770128,0,1
-0.011734328183937819,0.005951461542299971,0,1
-0.012026719155990628,0.006434626754159024,0,1
-0.01423694972160469,0.008118533784092547,0,1
-0.012700164352336325,0.007413739097502146,0,1
-0.009045854426947136,0.00901268354538554,0,1
-0.010775161071191345,0.0067774772481769986,0,1
-0.009771643467466931,0.007747134794426647,0,1
-0.010761545741292258,0.006701230847529363,0,1
-0.012667380385316167,0.008519201223228266,0,1
-0.009673264022299255,0.006478128315825723,0,1
-0.009207616725567993,0.005818452340718272,0,1
-0.01050052475760758,0.0042577990113348875,0,1
-0.010412873109322736,0.00901230083826148,0,1
-0.009223310162787705,0.006869490518170711,0,1
-0.014837357805256305,0.005148875787613382,0,1
-0.012052875625872705,0.00584555457625173,0,1
-0.010831796469289418,0.007223409297818261,0,1
-0.012766797423480247,0.007356454639432803,0,1
-0.011547552700064873,0.006362542643778542,0,1
-0.012613976753378983,0.004005055350953672,0,1
-0.01197488697184393,0.007119474052265308,0,1
-0.011168065696972592,0.00622627746917059,0,1
-0.0108202984555053,0.004764249006732611,0,1
-0.010153027074651736,0.00757493948099327,0,1
-0.010725671976147868,0.008055167298257965,0,1
-0.010122220840894681,0.006544427639861679,0,1
-0.010871594575880232,0.006234562930096378,0,1
-0.00943740493764379,0.006843400321660568,0,1
-0.009411627608432947,0.007148365654828634,0,1
-0.010661775059809676,0.005963373250576821,0,1
-0.011700623836059049,0.0037273837699627575,0,1
-0.011027723998005688,0.005329441238462422,0,1
-0.012446497924463073,0.008072606522017719,0,1
-0.011356771185566638,0.0060958191155219155,0,1
-0.008871428932725616,0.005975099415877375,0,1
-0.011288591426453888,0.006181847236715414,0,1
-0.012419427072162665,0.007143153619810781,0,1
-0.010841176620379827,0.0064864881353249425,0,1
-0.011346014025064962,0.00725249370092214,0,1
-0.009809113681288388,0.006709543936610473,0,1
-0.010801710604362861,0.006515046729314949,0,1
-0.009361356075325207,0.00561316200061064,0,1
-0.010677382611124091,0.009828845407826447,0,1
-0.009456907663003793,0.006724611525948532,0,1
-0.010745500906914023,0.003294244890080386,0,1
-0.010686541340347622,0.004971820674497066,0,1
-0.01076875717852647,0.005066164417785655,0,1
-0.011343642466105109,0.005850744226186627,0,1
-0.011438022601779285,0.007229421011625267,0,1
-0.011185162573012365,0.006596018759219888,0,1
-0.012330192139969852,0.004707856766606557,0,1
-0.011024613209323226,0.006295637903736626,0,1
-0.011846397890549419,0.006624877926742012,0,1
-0.010703940001241969,0.005766958955686134,0,1
-0.01120693988948019,0.008617735357570783,0,1
-0.008156743027609041,0.00929759606932812,0,1
-0.010095570991864849,0.005981944453629025,0,1
-0.010113722509656826,0.004630130633649081,0,1
-0.009298783291992373,0.00695506837752588,0,1
-0.012475406039557041,0.006152183933832337,0,1
-0.012690338537850211,0.005579378819117284,0,1
-0.01144705092142097,0.00681628842261821,0,1
-0.008404613960184508,0.008443879168355371,0,1
-0.011277885881774872,0.006253337550166163,0,1
-0.01114713072036155,0.006021529634939627,0,1
-0.012315183079106833,0.005675315105535667,0,1
-0.010434885278497109,0.008631812587992243,0,1
-0.009494350715272317,0.005136806982262104,0,1
-0.010440127837908424,0.0064292642815591845,0,1
-0.009104933220856759,0.005650690868216238,0,1
-0.00965831451596264,0.006386980664059733,0,1
-0.010033307911614246,0.007634600879476213,0,1
-0.010884902151685784,0.006730584589083962,0,1
-0.01160828308776264,0.005514066501651952,0,1
-0.011972840142393897,0.005706807109425752,0,1
-0.010919098927055457,0.007124549514264666,0,1
-0.012000252373911767,0.005792105116141628,0,1
-0.010708809453303285,0.005781184704323305,0,1
-0.010456495392147281,0.00690516063759783,0,1
-0.00878587201846187,0.007673886179720668,0,1
-0.010415722016984666,0.005587617447056659,0,1
-0.009143894350338364,0.0065844990596984,0,1
-0.009325157547727924,0.006192526337899765,0,1
-0.0101623679182346,0.006032594523699855,0,1
-0.008863573069891453,0.0070842021782437275,0,1
-0.013243996134298299,0.007264588383479915,0,1
-0.012815328427308422,0.006629864741893183,0,1
-0.011934558144814903,0.005882590047681344,0,1
-0.011858268274900245,0.006077645537841421,0,1
-0.0110343286786753,0.006301124563929083,0,1
-0.011922756119729138,0.006528588243533765,0,1
-0.011446572438512811,0.0026975406488509673,0,1
-0.011440144953280953,0.006739395793318627,0,1
-0.010274353575307937,0.0072606186956728005,0,1
-0.010496249679968829,0.007213243712461837,0,1
-0.01033307454063268,0.006223820390584871,0,1
-0.010601563221142576,0.00574303896342423,0,1
-0.01175821321299156,0.005646843672088328,0,1
-0.009791389391469521,0.006376653512424904,0,1
-0.012291055870881074,0.00470712816250571,0,1
-0.010121207893117642,0.0049113896622827195,0,1
-0.011318779867458268,0.0035885502467092835,0,1
-0.011401833259869144,0.007074426830106504,0,1
-0.0118487550827389,0.004967392983210621,0,1
-0.010501886708896969,0.005611039331880365,0,1
-0.011193868385849121,0.0033927739613854964,0,1
-0.011221110766209444,0.0051730644398332365,0,1
-0.011223455292829773,0.008433608804515215,0,1
-0.010108811681958478,0.0061080401117200095,0,1
-0.010780477023456145,0.006494976736850923,0,1
-0.01027078403263341,0.007361049090214861,0,1
-0.00901323887619993,0.0065612305500604646,0,1
-0.011742745060977127,0.005954915321313388,0,1
-0.011938157704972842,0.005498006855451416,0,1
-0.011614167674166457,0.005762300075054913,0,1
-0.01166283784557962,0.007233990274999223,0,1
-0.012642089980900486,0.006536205499561407,0,1
-0.009612805285920081,0.007681115486349698,0,1
-0.010848020994691544,0.006129965719315635,0,1
-0.01034131851181391,0.006152609757036727,0,1
-0.01061744331889655,0.005092800123634308,0,1
-0.009470367966165176,0.00613931248320037,0,1
-0.011386525350738141,0.0067420376811378165,0,1
-0.010284448851388196,0.0058220504910835,0,1
-0.01197588375046243,0.005645479203608998,0,1
-0.011688809138664002,0.004623274529790349,0,1
-0.012164050517580599,0.006421195196476667,0,1
-0.011550784369601151,0.004984187125368924,0,1
-0.009436186477133967,0.007751211650983677,0,1
-0.011723707711199266,0.005725136790974833,0,1
-0.010818929807283705,0.005943897034596168,0,1
-0.010536175492486963,0.005271514488456227,0,1
-0.010928914832456154,0.005314975937723588,0,1
-0.008709300966550237,0.006288529315121473,0,1
-0.0062549801602287385,0.0052787380845624645,0,1
-0.009880153172580905,0.00517836623014187,0,1
-0.012010121467931161,0.005091988482443105,0,1
-0.010276766004020993,0.006124779110335106,0,1
-0.011823258929228852,0.005869672330332065,0,1
-0.011122208194264212,0.008943197156007205,0,1
-0.011689652758149623,0.006841418820448531,0,1
-0.011162934351313976,0.005497122668051352,0,1
-0.012342401783389407,0.0026914830204980015,0,1
-0.011491819343568724,0.005158375073302069,0,1
-0.009877803053155276,0.005720442829539695,0,1
-0.010112645035095656,0.005904254749612972,0,1
-0.009643911137320908,0.004734020124169509,0,1
-0.01156905390552471,0.004772884145635695,0,1
-0.0102351243866686,0.005480020449948739,0,1
-0.012085687541528802,0.004284569096776484,0,1
-0.012839987377724637,0.006360132352678883,0,1
-0.011372948036990533,0.005524775754913783,0,1
-0.011164752791265683,0.005513295123991094,0,1
-0.010705054412885032,0.005245644809815799,0,1
-0.010448613600283397,0.0056102515556311254,0,1
-0.00887416794915452,0.005585804648806232,0,1
-0.010029669000969419,0.005802583473396757,0,1
-0.009544678497717363,0.0057510558779096015,0,1
-0.011512383769598492,0.006264079158746192,0,1
-0.012185199363193226,0.00470897932224909,0,1
-0.010337174153694508,0.005010396481348101,0,1
-0.011301828264584432,0.00429312977067204,0,1
-0.011195445608682162,0.005760081479138171,0,1
-0.00938250804463119,0.005230699582830263,0,1
-0.011271215118967401,0.007030393194229418,0,1
-0.010538744598096061,0.006280882728995538,0,1
-0.010040847624636815,0.005607142136440125,0,1
-0.007567924497835582,0.00699681662211496,0,1
-0.012309446891619672,0.006029323798108304,0,1
-0.01257213306386942,0.005387970962710025,0,1
-0.011938601172560933,0.005943422764237373,0,1
-0.009607431560248512,0.002858273917919262,0,1
-0.011368698112667223,0.005417504609712205,0,1
-0.012588234274586309,0.005400858562090343,0,1
-0.012769471466219566,0.006379971606738189,0,1
-0.012403010833066585,0.006248410470308406,0,1
-0.010322509510788554,0.005200808529018517,0,1
-0.011989784254660508,0.006928387001981612,0,1
-0.012294672343557238,0.005395625232994904,0,1
-0.011142454629254738,0.006872150503731906,0,1
-0.011384600972951808,0.006381713249336867,0,1
-0.011728616438529378,0.005431009610376147,0,1
-0.010728181546175107,0.005078565791720105,0,1
-0.010574620709511092,0.00411343621557346,0,1
-0.010689239193446888,0.005458932722063254,0,1
-0.01052159270196648,0.007402515639040799,0,1
-0.00956733094987537,0.004997444548033109,0,1
-0.010815959955460218,0.0053568290417614645,0,1
-0.012233905819466914,0.005502406067494049,0,1
-0.011311532995406458,0.004939616816804335,0,1
-0.01238805569246752,0.004917475937993854,0,1
-0.010934303289646435,0.005128190308655683,0,1
-0.011250343057252069,0.004697298314210892,0,1
-0.009481641471010492,0.006693045848997812,0,1
-0.009854392639484065,0.005183570124159846,0,1
-0.010364985085648874,0.005428858631491526,0,1
-0.012833050874357564,0.0055578528849715685,0,1
-0.012623119820392086,0.008247894939650459,0,1
-0.011593282278691979,0.004871236060886176,0,1
-0.011293999179815179,0.00508036660691344,0,1
-0.009633134317475556,0.005242427024055124,0,1
-0.011324272542991152,0.004715450253633086,0,1
-0.010169725049029837,0.0043317620086235735,0,1
-0.01003927731997693,0.005565647285646959,0,1
-0.01040488099785329,0.006008797330737394,0,1
-0.012743519264681171,0.007448063043432991,0,1
-0.010557429516783873,0.005146142495815155,0,1
-0.010867200837659474,0.0036304606909169632,0,1
-0.011070336766229804,0.005082676872890228,0,1
-0.00959209735597205,0.005510243525527427,0,1
-0.010854015561777118,0.002597271395107731,0,1
-0.009324809883030381,0.006749549256717067,0,1
-0.009847511572642425,0.005018148377054057,0,1
-0.01199539255640651,0.00492378633752969,0,1
-0.011569068389049711,0.004048408524200097,0,1
-0.01177075897453533,0.005181341954872257,0,1
-0.01096444637074352,0.004001638705125681,0,1
-0.010194940464995235,0.0055217560564764,0,1
-0.010532650890080146,0.00551430217230951,0,1
-0.010242897853768383,0.005246599679898538,0,1
-0.010616174060519203,0.0041742457332383616,0,1
-0.010296455109899948,0.0048524282727783275,0,1
-0.01273299980169711,0.002305452825074566,0,1
-0.010990514574999926,0.004783592552728305,0,1
-0.011070536430193805,0.004005421424229339,0,1
-0.010078609492250092,0.0055930820089291145,0,1
-0.010470839658762898,0.006049229810171791,0,1
-0.010273207595237277,0.005556992219394739,0,1
-0.011306605595157932,0.004671584468000337,0,1
-0.013570766753983905,0.0044969564967619995,0,1
-0.010373975789915696,0.005180656892261544,0,1
-0.0115191687491072,0.0049639964938956475,0,1
-0.010931696245862363,0.004183682594256536,0,1
-0.00970430511799566,0.005360089563206136,0,1
-0.011530651234275451,0.0045951382345175125,0,1
-0.011405266879904901,0.004335705389927628,0,1
-0.01122204083595361,0.004199724704262196,0,1
-0.01148816165454994,0.0018339175023637806,0,1
-0.010158629971827867,0.004783667818809089,0,1
-0.010875403600970881,0.00488713049929224,0,1
-0.010234892386985531,0.0047632329936254745,0,1
-0.012370105748344499,0.004562452079106686,0,1
-0.011121303555195063,0.005532702289002666,0,1
-0.010891662147356396,0.004234385381098675,0,1
-0.01091584341820491,0.00487797151348371,0,1
-0.010497554796313723,0.0046841198301233716,0,1
-0.012260249486686674,0.004469190921162995,0,1
-0.01098539566689965,0.004610164190972037,0,1
-0.012058373638193528,0.004437631157727045,0,1
-0.010817393108994707,0.003833152759852996,0,1
-0.01172468698372237,0.004737889134319865,0,1
-0.009708503868103475,0.004924313155649459,0,1
-0.010118392781431186,0.005357786990180669,0,1
-0.011176476107455377,0.004547314632240179,0,1
-0.010336711794975757,0.0035294452099460926,0,1
-0.012221875774986042,0.006105725036489088,0,1
-0.009532666456897773,0.00594553306464675,0,1
-0.008944661521106493,0.004451196221340161,0,1
-0.010755361957819223,0.003941746035883191,0,1
-0.00950645649970347,0.003698534962498621,0,1
-0.011259823016841758,0.004112627593502211,0,1
-0.011869253469442537,0.005077545790917767,0,1
-0.011062113781695311,0.003742874153985804,0,1
-0.010387784993420104,0.0037717382987654214,0,1
-0.010598018902917599,0.005002919126662882,0,1
-0.012740516123475942,0.001774740756670007,0,1
-0.013754185888839188,0.0045507691233289925,0,1
-0.012210458046459743,0.003341714116750066,0,1
-0.01049906937418244,0.004925478653366807,0,1
-0.009854656191202783,0.0036545570689881864,0,1
-0.00927065461069605,0.004349060516416921,0,1
-0.011173371715389043,0.0038430505779983057,0,1
-0.010988619513581648,0.0036396489436468474,0,1
-0.012403638537338522,0.00456795509646361,0,1
-0.012597986370217966,0.002162644671677391,0,1
-0.008057460967287043,0.004368597295922371,0,1
-0.01222155557182447,0.004630583006820776,0,1
-0.012313969839132388,0.0018480740653434935,0,1
-0.010457010452456533,0.003914814488719814,0,1
-0.007969629039440153,0.015973735252635714,0,1
-0.009070181119917739,0.01019132891450034,0,1
-0.007273601597482119,0.012056804739262334,0,1
-0.005682015481773164,0.01507109011345257,0,1
-0.007347840662848062,0.017347812974745434,0,1
-0.006240964852946537,0.012491681601926092,0,1
-0.005402225679971515,0.013907011296437996,0,1
-0.005573540592167209,0.014360615996859399,0,1
-0.0043756390847940925,0.013999443109009186,0,1
-0.005139460990797965,0.015201484260824223,0,1
-0.00484162434341863,0.012675763397405011,0,1
-0.0051079184155428175,0.013050404981660853,0,1
-0.0048424466055938505,0.014279722710502435,0,1
-0.005273872752070393,0.015320222296691636,0,1
-0.005242181482084511,0.0149422989995781,0,1
-0.0051327119459118175,0.014370725688328947,0,1
-0.006681842630385405,0.013214167748060586,0,1
-0.003261587393986705,0.013048883181370373,0,1
-0.006607570164067754,0.013201992392626491,0,1
-0.005817483132269979,0.013030481289628523,0,1
-0.005339663742719632,0.015391207163618153,0,1
-0.005858291621159542,0.01423170097368639,0,1
-0.007983322774637525,0.01363172790956395,0,1
-0.006667788807718952,0.014475116510575554,0,1
-0.004511885731892181,0.015371395569132928,0,1
-0.004986058124537422,0.013499332706020306,0,1
-0.005674655919247031,0.01462882741844791,0,1
-0.005216173709505288,0.012548997821853458,0,1
-0.0038144436868856597,0.013950262924522434,0,1
-0.004203825410736288,0.013893238089599082,0,1
-0.005390770310103863,0.013726354170034823,0,1
-0.006812784777672316,0.013948758938064897,0,1
-0.006216653498101579,0.01330905323294553,0,1
-0.003750102333727515,0.015353485741942792,0,1
-0.004356601742486471,0.015409979984247176,0,1
-0.0057540493211275835,0.013450487317584426,0,1
-0.005635247756678039,0.013553951247738234,0,1
-0.005718514103921565,0.01379232603208642,0,1
-0.006578418710030132,0.012536050071592524,0,1
-0.002749273615299451,0.012845572695385906,0,1
-0.0057701463744277825,0.014152889136905902,0,1
-0.003859422094111636,0.013477523471596321,0,1
-0.0049273430421998285,0.014408419518928253,0,1
-0.003046159008290131,0.0138475977988574,0,1
-0.0064135260603127905,0.011617082821160802,0,1
-0.007089222658677648,0.014160258471631798,0,1
-0.006277971302538083,0.01307018500228198,0,1
-0.004355476466887904,0.013816489093069529,0,1
-0.005278670344416239,0.013882439187341951,0,1
-0.004345071237845463,0.01423820941274382,0,1
-0.005334135249524666,0.013332180740686565,0,1
-0.005250239354480637,0.01628971438847905,0,1
-0.0045545127971713464,0.01352319405607052,0,1
-0.004946924760894008,0.013627900770022298,0,1
-0.0036220351594816046,0.012181946255157715,0,1
-0.0040816116149012364,0.012337915627711468,0,1
-0.005092386300047582,0.015001824331502673,0,1
-0.006491382506182655,0.01300471593819807,0,1
-0.007802755662751021,0.01369273805937706,0,1
-0.005952479868593908,0.012540665833951765,0,1
-0.006213390897690177,0.013619882340686005,0,1
-0.0071709979816983755,0.014083798528215527,0,1
-0.005324156390791833,0.013297439018674804,0,1
-0.004738016240233719,0.01235305205140059,0,1
-0.0036578968770903443,0.010408355670699884,0,1
-0.0034765571837406615,0.013563755319707646,0,1
-0.005490663287730777,0.012951462785711167,0,1
-0.004868696106649932,0.01345282969035401,0,1
-0.003710459115255486,0.01360636892115293,0,1
-0.002299993338152389,0.01196144294599394,0,1
-0.004779250949148565,0.01368655273667394,0,1
-0.006967923161593245,0.012389840594527553,0,1
-0.006788581796345599,0.015074480846416936,0,1
-0.007586506716384425,0.012832813168999441,0,1
-0.006516977761544982,0.013494773105597165,0,1
-0.005291452654024021,0.01294737122548433,0,1
-0.006554114303128318,0.012678128662200736,0,1
-0.004241749958813233,0.013379619494830079,0,1
-0.004887993881147792,0.014489091790662987,0,1
-0.005057753904705176,0.013279355198291806,0,1
-0.006087020397656174,0.012529297518626177,0,1
-0.004448777165252217,0.013661297638906368,0,1
-0.0037800996060883612,0.013467449718519611,0,1
-0.006654225682855474,0.01270334225991443,0,1
-0.005545824136874128,0.012737949079665262,0,1
-0.007393290654625958,0.012220136130607857,0,1
-0.006339477624604387,0.012989856521429075,0,1
-0.00440396437517936,0.011204863723404464,0,1
-0.005631956887504402,0.012881927069648814,0,1
-0.005365848213041321,0.013254676388962746,0,1
-0.005902779072153643,0.012584906044144419,0,1
-0.005564766878262403,0.013729592208144499,0,1
-0.0024529724475642676,0.01433537325964777,0,1
-0.004044120336394182,0.013040087876193922,0,1
-0.004300206032661585,0.012843228721991489,0,1
-0.0035221014844260233,0.012761533986025218,0,1
-0.0063805850302656895,0.012709575828524307,0,1
-0.005679353678931904,0.01298639669623246,0,1
-0.0038564381791891546,0.015739493698856744,0,1
-0.007210634984872667,0.012666933642458836,0,1
-0.005578469439481285,0.0133660441734406,0,1
-0.00601061461029959,0.013511899175770446,0,1
-0.004801954480858798,0.012323840763295462,0,1
-0.003583680869046803,0.01351892614344984,0,1
-0.004807124846487715,0.012758237912740814,0,1
-0.006202299174926538,0.01459575326981025,0,1
-0.0024975273005449763,0.015913631590137776,0,1
-0.006898823265629584,0.01054136040905037,0,1
-0.005116658772163513,0.013898528541100873,0,1
-0.006956797523035855,0.010276497802182337,0,1
-0.005883723042310419,0.012706430987471132,0,1
-0.005992964788517212,0.013384503218321275,0,1
-0.005537394072396668,0.012797874111820932,0,1
-0.0052534915273254705,0.01295810073948501,0,1
-0.006285527701173304,0.011434197859303665,0,1
-0.0051277859233868515,0.013236807153853966,0,1
-0.005889307760285318,0.012677461729612493,0,1
-0.004525231153259238,0.012990307424804831,0,1
-0.004422513416834151,0.0145528643077917,0,1
-0.005696004107672936,0.013437280277451696,0,1
-0.007112976615149755,0.013638580763427333,0,1
-0.006385647936993557,0.012300176055848905,0,1
-0.0057516503878692685,0.01220740736078494,0,1
-0.0055485473845410275,0.012860324941447343,0,1
-0.005071228018324009,0.0117858388850998,0,1
-0.006715628787039896,0.01546478441361087,0,1
-0.0046592447641857415,0.01286575363690909,0,1
-0.005109645391687859,0.015115409354031967,0,1
-0.003435549161657296,0.01326778661374646,0,1
-0.005626085079212023,0.010930320234656059,0,1
-0.007054035663079293,0.01276470424318487,0,1
-0.0063927986059838975,0.011989695765414029,0,1
-0.004325542248675873,0.013173533064795979,0,1
-0.0074188049129210116,0.014408984729654038,0,1
-0.005723847970704874,0.012468472120996147,0,1
-0.005130748085617495,0.012731645258025587,0,1
-0.006724730801019733,0.014175230144490911,0,1
-0.0018534241463427606,0.01061307364463063,0,1
-0.005286846488579109,0.012351031350707399,0,1
-0.004233250229432412,0.012894610376625811,0,1
-0.005946398587431062,0.012351892080789278,0,1
-0.006846347665159699,0.012614361232934579,0,1
-0.005966459813449635,0.01287685819732425,0,1
-0.0056885925066274805,0.012616897391400568,0,1
-0.0065644944900513525,0.012799494684469366,0,1
-0.005307627679290642,0.013999548486274108,0,1
-0.004794400520407419,0.010327992040782573,0,1
-0.004543383663680346,0.014086300550256076,0,1
-0.005484987925562981,0.012845611782715965,0,1
-0.004587579465853687,0.01504397348295548,0,1
-0.003032050381883191,0.014895680426387644,0,1
-0.004329723079376804,0.013702812779878303,0,1
-0.004243845204444608,0.016133089156029436,0,1
-0.005339651364387243,0.012954845212053626,0,1
-0.005096257456969181,0.012700964159587295,0,1
-0.005256237744216966,0.012148572945147929,0,1
-0.005279660618026104,0.01234378460523495,0,1
-0.004906261826690585,0.012581788080520977,0,1
-0.0029961397338409625,0.013837254504504085,0,1
-0.004899835873910493,0.012685819827807582,0,1
-0.005844171917141632,0.010353277627835812,0,1
-0.005758421457077882,0.012285822887266469,0,1
-0.00465321751478728,0.011161389893681177,0,1
-0.005301937997706714,0.012208487887208163,0,1
-0.004648402347970166,0.01534441036547372,0,1
-0.008984218755991919,0.012087637807923764,0,1
-0.004829925294988372,0.012494028669861473,0,1
-0.003685962001037859,0.013801222748827904,0,1
-0.0048548828855534435,0.012951647833597311,0,1
-0.006107996763439217,0.013348897749916726,0,1
-0.005892288030871501,0.010960441105457287,0,1
-0.0031877341494624236,0.012541606602295493,0,1
-0.0036078104622505806,0.014720165486629952,0,1
-0.00478625413054287,0.01217219383627386,0,1
-0.00653073539785677,0.012710071435991713,0,1
-0.005273293027180524,0.01229449194785812,0,1
-0.004255546769772911,0.013751196267623948,0,1
-0.008410660436930076,0.012287602802595632,0,1
-0.006210481463814254,0.012153168183322807,0,1
-0.005351534893544622,0.011316896778290817,0,1
-0.005646845773704835,0.01145593327734421,0,1
-0.00592752951220754,0.012699777409307288,0,1
-0.0044853161123748755,0.01290133514956718,0,1
-0.004237194600755401,0.01209153497381938,0,1
-0.004610458500044274,0.012625695548061663,0,1
-0.005878270522928191,0.011995352465775185,0,1
-0.00605303879922477,0.011821280158418105,0,1
-0.00473748527267339,0.012627050097079375,0,1
-0.006915684991968662,0.012410451989115358,0,1
-0.005794421725782601,0.012314403678607335,0,1
-0.00411409097230203,0.013117333325036389,0,1
-0.005127619352161835,0.012475682328481633,0,1
-0.004765901908109654,0.013384452952539615,0,1
-0.006182078067156082,0.01169468421681731,0,1
-0.005769428234162137,0.013068884722881402,0,1
-0.005613302363952377,0.011357471219936023,0,1
-0.00404534732665312,0.011787809813989811,0,1
-0.0048512921590340595,0.011904456775442267,0,1
-0.00508820773639917,0.011988076330444408,0,1
-0.00574205342826642,0.013924608750865836,0,1
-0.004482929888803229,0.012730736932404688,0,1
-0.00600512186656677,0.011092195432073973,0,1
-0.0063119383102887595,0.012118918209063603,0,1
-0.006059141097387282,0.01108491318522252,0,1
-0.005520242362175623,0.01091895517577661,0,1
-0.0038889516991211914,0.012622031127075996,0,1
-0.004803252021759917,0.011940280703354388,0,1
-0.0021092142095634242,0.011290699515020194,0,1
-0.006811233434895191,0.010831056247028964,0,1
-0.006841467020452843,0.013068408439044086,0,1
-0.00391183825521986,0.011219135181975965,0,1
-0.005014417940426011,0.012060024559224282,0,1
-0.004005366847230459,0.012527767908361421,0,1
-0.004725852381343204,0.012662421349578824,0,1
-0.005427993045109605,0.010438573791875072,0,1
-0.006815923851413906,0.011709730653598108,0,1
-0.006195230306351962,0.011901333692778907,0,1
-0.005693624505234383,0.011862772191540612,0,1
-0.0036440120764031,0.011512536282185216,0,1
-0.004075206366114771,0.010625970746729538,0,1
-0.005044888096393943,0.011953312941297152,0,1
-0.005556240609004228,0.011656605251100204,0,1
-0.005572844520094391,0.011742490620105125,0,1
-0.0035109237243697708,0.013869876697074233,0,1
-0.005507614910107748,0.009115664846981668,0,1
-0.005390212170439783,0.012451847040318681,0,1
-0.006268896811734778,0.012360237384955916,0,1
-0.004450089711723994,0.0104189051813736,0,1
-0.0058991009617383695,0.01291724187360903,0,1
-0.005632806706581176,0.01034713869805997,0,1
-0.006203650337020918,0.011487363191540116,0,1
-0.00541236046517527,0.01231849693339535,0,1
-0.0047582807023363516,0.011288044579727817,0,1
-0.00410295123787568,0.010647173587106009,0,1
-0.00595134528006633,0.011220399419557155,0,1
-0.006329551443413962,0.012211335972227181,0,1
-0.007863750639615693,0.012238542822356632,0,1
-0.005911637065776505,0.01058604048978238,0,1
-0.008175984579585138,0.01258663017805009,0,1
-0.005572241676538944,0.011680754836550037,0,1
-0.005346609858243865,0.01156192685447454,0,1
-0.005252703759760599,0.009891286406337888,0,1
-0.005976947237234671,0.012045606079242594,0,1
-0.0060802243866847575,0.012253318862191052,0,1
-0.005061985542212722,0.010460616210523393,0,1
-0.004393541597014714,0.011528328098678561,0,1
-0.003937391814805861,0.011985063598198011,0,1
-0.004669621731756053,0.01058398689517406,0,1
-0.0032624056755909776,0.011277832653674212,0,1
-0.004974635491216224,0.010733469308308811,0,1
-0.007534818592451363,0.012518172282637819,0,1
-0.002817307585873735,0.009835596310204947,0,1
-0.005066914598800235,0.012389502170579046,0,1
-0.005173071928145056,0.009869417486338412,0,1
-0.004928888098056103,0.010452922107818638,0,1
-0.004622280763574956,0.011104047119653893,0,1
-0.002489602455509763,0.009161110508883212,0,1
-0.006493317749916958,0.013696457383613211,0,1
-0.0061002895752274465,0.01235051214238786,0,1
-0.0061919559907358925,0.012203885188144038,0,1
-0.007011912101874792,0.012599218694208747,0,1
-0.005567801617448275,0.011200931091748863,0,1
-0.006401151861016131,0.01264816788153585,0,1
-0.009161366741502449,0.015271195577057028,0,1
-0.007042012936806552,0.013241992711654603,0,1
-0.006740766482979462,0.012650029118380922,0,1
-0.006137856132294156,0.010550296823883228,0,1
-0.005928706415055703,0.011640584867277965,0,1
-0.0057475374318681875,0.011081252895921028,0,1
-0.00543596442065602,0.009566932530577466,0,1
-0.00546779047100998,0.01151703551255119,0,1
-0.006144451023516129,0.009231166565736902,0,1
-0.006040353122667554,0.009071226806340938,0,1
-0.005324043535573147,0.008665615947686667,0,1
-0.006825529755406744,0.013030860397986111,0,1
-0.008062451582266227,0.011325395943443221,0,1
-0.00667586293194728,0.013881836682076567,0,1
-0.006824782408243167,0.011835005763258697,0,1
-0.006369036038144229,0.012162601304841964,0,1
-0.006682469067641135,0.01271704784129851,0,1
-0.007313729092154401,0.011963521528427817,0,1
-0.006074368649044327,0.013023073320135822,0,1
-0.005741547611367183,0.012688728626241597,0,1
-0.005270471043187086,0.01280160450828721,0,1
-0.005737723999923939,0.011486810405590549,0,1
-0.006500815340133488,0.011388462854901216,0,1
-0.004588923575125439,0.010138295652097964,0,1
-0.005377675966346097,0.01010956356968014,0,1
-0.006091545976561576,0.009041547279731648,0,1
-0.006237499099880916,0.012163099471435623,0,1
-0.005902374244875325,0.011939611057805156,0,1
-0.006780627590813435,0.01305063093964871,0,1
-0.005901620408702406,0.013450069906738535,0,1
-0.006112526815008588,0.012320030713741367,0,1
-0.00677457402102068,0.011846507074640647,0,1
-0.0059240110708414775,0.01138391209411197,0,1
-0.0064698531018898275,0.010208915303333916,0,1
-0.004729736396227499,0.011439515930431372,0,1
-0.006371702344397197,0.011407637656846045,0,1
-0.004801169600471754,0.01148747789631023,0,1
-0.005348723369248327,0.01092813245892561,0,1
-0.005332284322918776,0.009704420286596994,0,1
-0.0073464344745399176,0.01054019661943677,0,1
-0.005731438579980394,0.01084743057475107,0,1
-0.007276190249570567,0.008930399292529133,0,1
-0.0075030432004139095,0.013602024877077179,0,1
-0.006736305711175699,0.014356425569370796,0,1
-0.007562470406076915,0.012209329585477414,0,1
-0.006561618947615939,0.011706264177448364,0,1
-0.0074176279332257575,0.011178362357465627,0,1
-0.006405918829055193,0.01211125609327456,0,1
-0.006116989681500714,0.010584170018413273,0,1
-0.0066340300927586185,0.012391491811312381,0,1
-0.0020528818406205422,0.011367211522429779,0,1
-0.006578787768114181,0.011742671602006493,0,1
-0.00521392470944639,0.01018801024147885,0,1
-0.00610334786444841,0.00975166352610583,0,1
-0.004486351514639202,0.011189067818761077,0,1
-0.0065883904066375894,0.010233035624184919,0,1
-0.007130598073809951,0.01289102190817294,0,1
-0.006399053607375577,0.011267731622807151,0,1
-0.006559808131309757,0.01248829645211219,0,1
-0.005656653335515637,0.012248961824992324,0,1
-0.009270532180266964,0.013707261593868729,0,1
-0.0065997321670957,0.01223750227122117,0,1
-0.006014234457528205,0.01231935206225703,0,1
-0.007103085679702311,0.011800949833192246,0,1
-0.006112533245511272,0.012981413193309407,0,1
-0.005762647864019282,0.01187426989728056,0,1
-0.0073658372285003125,0.011255310425991101,0,1
-0.006455444593952447,0.010493491688762385,0,1
-0.005641678627028099,0.009980307781452844,0,1
-0.0075832200669427524,0.010345335854994754,0,1
-0.0055307685551094195,0.00966380672012946,0,1
-0.007986992342205852,0.012013558867160823,0,1
-0.00949865259471676,0.012448000101408061,0,1
-0.008888934386023959,0.013228541740215037,0,1
-0.007080418650893631,0.012827761116558483,0,1
-0.005635706194197559,0.01228616835534484,0,1
-0.008161894028219074,0.011255389423316255,0,1
-0.006722959948414943,0.009849219361216811,0,1
-0.006741081555428966,0.013855994964511497,0,1
-0.006980424280221769,0.011626081401057005,0,1
-0.005589106893473306,0.010545131615082252,0,1
-0.0056997413049680425,0.013540528761787464,0,1
-0.006091788862200582,0.011046270734322046,0,1
-0.0063794953138053365,0.010126641089272555,0,1
-0.007286610065907267,0.010200805011341638,0,1
-0.006729610593804829,0.011084184301822198,0,1
-0.007318345664188212,0.012507393115686832,0,1
-0.006943029164878961,0.011347398796269115,0,1
-0.006434805353417882,0.013224978997722382,0,1
-0.006850123032375392,0.012124025166435577,0,1
-0.0069606123352798565,0.0120226298260654,0,1
-0.007658122830506074,0.011742077173256052,0,1
-0.006471781815835591,0.011009082378275744,0,1
-0.006319860300518932,0.012559358658339449,0,1
-0.007183236130267957,0.012254202708223836,0,1
-0.0031394625533327654,0.01082155663207226,0,1
-0.005128183996815259,0.009583162476171749,0,1
-0.006452327931345758,0.011112576386982109,0,1
-0.009175911100659297,0.013504148390036693,0,1
-0.006916042293049849,0.01357076342611981,0,1
-0.006619415809140231,0.01236863253257507,0,1
-0.00522946709245272,0.011538347505878826,0,1
-0.007444596545311656,0.012571843402052111,0,1
-0.007743355173351029,0.011526898967332578,0,1
-0.006566733447741753,0.013033971178381497,0,1
-0.007413088659999238,0.011333724766017954,0,1
-0.00711042634987067,0.01074727139659658,0,1
-0.006121310864778089,0.009676927532319845,0,1
-0.00623726906945564,0.010922595850778247,0,1
-0.006284904819193243,0.011377319032879743,0,1
-0.007482194440653086,0.01092646296640351,0,1
-0.008337998779392581,0.012821630674053227,0,1
-0.007126299746749047,0.012233459806452771,0,1
-0.0064957529912645145,0.013073607032968148,0,1
-0.006600851509637572,0.013171465671520152,0,1
-0.006162829442196715,0.011808811732463974,0,1
-0.007382237380506515,0.01141083616581758,0,1
-0.008553079331071155,0.011461982850309955,0,1
-0.00590371428875216,0.011031673011920462,0,1
-0.004421757461094576,0.014157330296677598,0,1
-0.007818654282206568,0.010517021311168918,0,1
-0.00609232101004332,0.010623349378005794,0,1
-0.007105334509550272,0.010140603489365395,0,1
-0.005828987943380033,0.01062605548913709,0,1
-0.007546695448496994,0.01313553472380233,0,1
-0.00672413024835325,0.013371601260365256,0,1
-0.007754719761946546,0.012229425608099418,0,1
-0.007133773462663646,0.012062116979345313,0,1
-0.0070521526334310376,0.011872630379345214,0,1
-0.006221001814184761,0.011997140674925407,0,1
-0.0066521757953119645,0.011701722461279516,0,1
-0.0073047874302954565,0.010554521303197941,0,1
-0.0059579556299013976,0.010923607014976544,0,1
-0.006774152034046318,0.011023639640005677,0,1
-0.007697466618985593,0.013695110677760162,0,1
-0.005572243346582121,0.013400427187906102,0,1
-0.008032469250865112,0.01270936604230934,0,1
-0.004061518911703866,0.01430151941958047,0,1
-0.007932310195920382,0.01197985290123238,0,1
-0.008082003655763436,0.01230338429604112,0,1
-0.0066924205089999925,0.010286867956000059,0,1
-0.006770346288184077,0.011639160380737496,0,1
-0.005837382002546678,0.011320830325971847,0,1
-0.007581699728082775,0.009578936282593348,0,1
-0.005626723385147915,0.012231151819516985,0,1
-0.006681319617909659,0.010917445915667527,0,1
-0.0066757888788585296,0.010667839667061719,0,1
-0.007470036790200947,0.012638624351341495,0,1
-0.006736392640223177,0.011412587110500434,0,1
-0.00754575172555487,0.012731858594888724,0,1
-0.007522753646827187,0.012386896161403746,0,1
-0.007154241925714392,0.011790682585227566,0,1
-0.006328832691107019,0.011590057734726019,0,1
-0.007267777114533898,0.01163231557441014,0,1
-0.007758549409735639,0.011675943634019527,0,1
-0.006732197874721734,0.010152910410201537,0,1
-0.00631707583552388,0.011171668147102787,0,1
-0.005658423199111687,0.011206061410060137,0,1
-0.009107690415232602,0.01271023995618244,0,1
-0.007862050617470213,0.012767681187920236,0,1
-0.007520626927611041,0.012243676608135154,0,1
-0.006060430252494624,0.010083806958416378,0,1
-0.00706590304613963,0.012809030348009016,0,1
-0.007258921462492109,0.011867467978444736,0,1
-0.007264354028854922,0.011483282460365191,0,1
-0.0068762139678601245,0.010741011165751175,0,1
-0.008146649928639945,0.012121013993707495,0,1
-0.006681027949757685,0.01104119256162882,0,1
-0.007104877418946754,0.011109618522770337,0,1
-0.010746305977580134,0.013893156481030944,0,1
-0.00714429341076145,0.01276782831471649,0,1
-0.005929738752147318,0.011935088660521502,0,1
-0.007010646957191925,0.011621971309432124,0,1
-0.007386624130811484,0.011879891328518789,0,1
-0.007053938414501795,0.011200126940704594,0,1
-0.007435408281488886,0.012828114355885467,0,1
-0.007447920930998607,0.011103749191310804,0,1
-0.006063731804781989,0.010614596491197819,0,1
-0.007056817602263884,0.012084645565004179,0,1
-0.00749656367375714,0.012071025382980846,0,1
-0.007557782956542003,0.01280497136598814,0,1
-0.0077738972457390325,0.010665379327972856,0,1
-0.007524235951405916,0.010871315395993378,0,1
-0.0061178486320445065,0.013033574530752547,0,1
-0.007392330978052898,0.011562642551608989,0,1
-0.007289996597989341,0.011220351528784481,0,1
-0.006913943376801286,0.01041737452918842,0,1
-0.00863742359714221,0.00953786850845186,0,1
-0.005333965667290718,0.011807483313961654,0,1
-0.007920848280023223,0.012999501234989346,0,1
-0.007711204086116799,0.012273419341817719,0,1
-0.009657169942267868,0.009218664160179788,0,1
-0.006944353596777157,0.012730181991834769,0,1
-0.0075783231157011705,0.011673764453266759,0,1
-0.00784698429172419,0.011564222801662827,0,1
-0.0061839626265144994,0.010798256810674535,0,1
-0.007198100887930072,0.009867821764567311,0,1
-0.006743750923485882,0.010213651775579197,0,1
-0.005122023956211737,0.012798927319446938,0,1
-0.007883440993929269,0.012840562653706655,0,1
-0.008581066707478473,0.012156609160451942,0,1
-0.009763688582903721,0.012285221782910923,0,1
-0.011608829146166188,0.012234584281082005,0,1
-0.007377340993870239,0.011434844967817112,0,1
-0.007346586044393846,0.011474272508669461,0,1
-0.007110168192404968,0.013309095638883892,0,1
-0.0071469522517452685,0.011661905648557031,0,1
-0.007664838564435922,0.011486406538175334,0,1
-0.00744177771929188,0.012655959245367913,0,1
-0.00828027832085145,0.010497530836396,0,1
-0.007441057479488481,0.012110837413841445,0,1
-0.0075621430745026206,0.011459071056160388,0,1
-0.007074267888431946,0.011300164816433277,0,1
-0.006853186138217998,0.01128912363317046,0,1
-0.007634899043603824,0.010906033515453408,0,1
-0.005307298041159038,0.01112223191584787,0,1
-0.006617134554122053,0.012038574071158884,0,1
-0.008816391649964268,0.012226891960176206,0,1
-0.00792662330613024,0.010810616650336087,0,1
-0.007299597272781273,0.01144794840068855,0,1
-0.00766267566941236,0.010850431817066188,0,1
-0.007540863237528249,0.011198172939145972,0,1
-0.00854593864257056,0.01172158938748144,0,1
-0.008055468169997122,0.010074536851071165,0,1
-0.007290924254746459,0.011576846611675367,0,1
-0.008758658055440821,0.013027811397581383,0,1
-0.009728290499276223,0.013086491380487928,0,1
-0.006116377579148167,0.009994398191248576,0,1
-0.008046821856665842,0.011606113867992806,0,1
-0.008510750905554658,0.009014015852763296,0,1
-0.0068306603564668965,0.009996282813747781,0,1
-0.006724950853708761,0.012994237658580257,0,1
-0.008397252533194755,0.013370561949512581,0,1
-0.008410965082676495,0.014633372852887216,0,1
-0.007257486895100144,0.012555197351907466,0,1
-0.007882917428844435,0.014166631002682758,0,1
-0.005257339785883501,0.010230609463289842,0,1
-0.008806924394615528,0.010984676930551026,0,1
-0.007332742302220913,0.011208406000743382,0,1
-0.009970373997045364,0.012399412821570947,0,1
-0.007898559201913999,0.008667588795481239,0,1
-0.00784160419307609,0.012186253112969874,0,1
-0.007091254837439744,0.011106190130603957,0,1
-0.0075126777050286316,0.011076067968038596,0,1
-0.007063700412895656,0.009980731938022775,0,1
-0.008618797027471356,0.012117801206311046,0,1
-0.007912178627078176,0.012221508590018587,0,1
-0.007129040555242356,0.01113587785093086,0,1
-0.008582733901280669,0.011081340515786374,0,1
-0.007562967440336177,0.012075958920407172,0,1
-0.007247826159916975,0.011417732818687186,0,1
-0.009753147188208806,0.012630088536388055,0,1
-0.008359729334972322,0.011964625028714723,0,1
-0.010144644138078092,0.009270169157903069,0,1
-0.007058685513121814,0.010603806179467046,0,1
-0.008441806894866226,0.01220855805240082,0,1
-0.006996965480942698,0.01043049477965732,0,1
-0.00868993120659618,0.011769608529282289,0,1
-0.008062763325623673,0.012248795839945021,0,1
-0.008483262468707752,0.01256737961382767,0,1
-0.008302501600850266,0.010059140268984107,0,1
-0.007922828553722554,0.010306632330688568,0,1
-0.006950732381830659,0.009648647502499599,0,1
-0.00974585186121096,0.012586440225541073,0,1
-0.00819753507346174,0.011793502059338245,0,1
-0.008530703182454939,0.010189968096597122,0,1
-0.007148634611353467,0.011864054213174572,0,1
-0.007407586106001692,0.009542680877093571,0,1
-0.007420956441769066,0.011636700702888882,0,1
-0.007404078943407988,0.01192943076162605,0,1
-0.007659867803516536,0.013392575059267654,0,1
-0.008629897052790641,0.011598789097273366,0,1
-0.00962779730462386,0.01160160078794279,0,1
-0.008499637143371097,0.011268363397195101,0,1
-0.00851109413403607,0.008099346105543373,0,1
-0.009856863783441775,0.01147302046810149,0,1
-0.00918401868999721,0.01010097420343658,0,1
-0.00871867815133448,0.011291589014114043,0,1
-0.008830406754730472,0.011045662841554177,0,1
-0.00883496094478932,0.011714049174760488,0,1
-0.00827964817570517,0.007991403383027314,0,1
-0.008849006440834431,0.009699953087070666,0,1
-0.01151059154205926,0.010822705642239137,0,1
-0.008051749804256606,0.011186047649616216,0,1
-0.008781621184769736,0.010889818634144786,0,1
-0.008855684175781777,0.011857880957745353,0,1
-0.012322119248059779,0.011142953962927951,0,1
-0.009253274652339117,0.009013508037009312,0,1
-0.010515801635465397,0.011219337177443701,0,1
-0.009275243611508539,0.011790959935841972,0,1
-0.009673934558476843,0.013159273384659876,0,1
-0.00889975470074862,0.011218721225790094,0,1
-0.007477579209327272,0.011366691544367782,0,1
-0.008966188630250236,0.011235534654436895,0,1
-0.008391137515098339,0.01025944182422112,0,1
-0.008133095591262931,0.010741005980128396,0,1
-0.008198059304312241,0.009537672218161842,0,1
-0.00809512837162721,0.010970814225361308,0,1
-0.009830699533327858,0.010412172262252403,0,1
-0.007071063735292152,0.01220698322044081,0,1
-0.00692110610107501,0.01016667464405922,0,1
-0.007181727460812106,0.01003383556855043,0,1
-0.00651258959881361,0.010647645324060638,0,1
-0.007211390039649402,0.010654529108114532,0,1
-0.0070089320379055475,0.00831304296050711,0,1
-0.005848505845545179,0.010568665789483097,0,1
-0.007628627205437615,0.008613323765270724,0,1
-0.005377346639282222,0.010403759983172932,0,1
-0.005104053787881885,0.010339283793688939,0,1
-0.009868421669673959,0.011751055941645728,0,1
-0.00927202660863887,0.010461338461711874,0,1
-0.008235824959596641,0.010659604742175791,0,1
-0.008340949522576918,0.011130664363487443,0,1
-0.006987800850900795,0.010571262392823041,0,1
-0.008202088581142374,0.010830348923868131,0,1
-0.007952437867881334,0.010198191214382969,0,1
-0.0076555162043342746,0.01078312207131489,0,1
-0.00669165468697444,0.010405403912370326,0,1
-0.006814271139883651,0.010560585955644691,0,1
-0.007621545818084548,0.008232749629952994,0,1
-0.005842196508021225,0.011782255060932332,0,1
-0.006371043871619638,0.009854280901676208,0,1
-0.006460808651814842,0.010425544786090493,0,1
-0.007153131932360674,0.009761870240524688,0,1
-0.0055129990486758,0.010896074098377126,0,1
-0.00532620146817106,0.010069778125597693,0,1
-0.006906697065969634,0.009844921931904707,0,1
-0.009051493090605163,0.010492357717484174,0,1
-0.00895107613115245,0.009107509778089167,0,1
-0.008528354303084799,0.010397025438141316,0,1
-0.008672019054118974,0.012130330119612676,0,1
-0.007373182613655438,0.010014686438848177,0,1
-0.008664462619426667,0.011575080274176284,0,1
-0.00816660087268337,0.008610893242406313,0,1
-0.007834137829333308,0.011019443248984417,0,1
-0.007814284825178848,0.010215039588789847,0,1
-0.007867796637192013,0.010043387091154992,0,1
-0.00866950877759889,0.009510904307612133,0,1
-0.005614950564568632,0.013596201502566744,0,1
-0.0075821574611041245,0.008916366989544816,0,1
-0.006875205093797269,0.01087818616667587,0,1
-0.007349357873734395,0.0106131152410717,0,1
-0.006814253951885336,0.009997034748782845,0,1
-0.006121789539594591,0.009712550039069541,0,1
-0.005344833323234459,0.009501933726277889,0,1
-0.003936534991299534,0.008144441130241296,0,1
-0.009371402744442094,0.011637996768956991,0,1
-0.00829223491775523,0.0075404017706355375,0,1
-0.008251602195969926,0.01253429088428144,0,1
-0.007083574978167309,0.01069763461454964,0,1
-0.007499442228475931,0.010684959427124796,0,1
-0.009042255638907454,0.00978816309210425,0,1
-0.007551391436850908,0.009036032719982004,0,1
-0.007252401077228476,0.010152829197026095,0,1
-0.007028981279481605,0.010049374186679243,0,1
-0.006825721442036387,0.010798044893005005,0,1
-0.007871772322872839,0.009346232385135319,0,1
-0.006023329743546087,0.010107201386103042,0,1
-0.006781881190963529,0.010704641344461186,0,1
-0.009297632951326903,0.010016427479845331,0,1
-0.004461885665161906,0.00884374112265219,0,1
-0.0062745285271526875,0.009749265669698049,0,1
-0.004249775845478932,0.009177079649651409,0,1
-0.00949995637853896,0.011263804985549122,0,1
-0.009182561953602552,0.010183527746970818,0,1
-0.009175260237460752,0.01044315309399007,0,1
-0.008511610978545664,0.010241001055717373,0,1
-0.008611548088637464,0.011979710392204648,0,1
-0.007132266164293996,0.010818931005181312,0,1
-0.0073946252616690945,0.00937695880662988,0,1
-0.007912465298489877,0.010638392829029295,0,1
-0.0075822183362204984,0.010957824129140124,0,1
-0.007350815783708033,0.010686118535032551,0,1
-0.007600545183428631,0.010396838982144392,0,1
-0.006682546482446501,0.010207563083130053,0,1
-0.0064371633877653165,0.010403199324990769,0,1
-0.007607026384097559,0.009993132502844209,0,1
-0.005658335969900785,0.010356965843613649,0,1
-0.006160557727358648,0.010325720600916343,0,1
-0.005746924188421579,0.01112772879591647,0,1
-0.007790364403850208,0.011158921234662375,0,1
-0.008598581522723622,0.01086078601297998,0,1
-0.008715055623886036,0.009794640348957086,0,1
-0.009893525174510268,0.010446381235280876,0,1
-0.00839807763877215,0.010389320146834247,0,1
-0.008149716583553398,0.01013720984964113,0,1
-0.008464073505895156,0.010742901577117776,0,1
-0.009841608260312594,0.011891852916369029,0,1
-0.007261238282168531,0.010100648167240682,0,1
-0.007259006042711848,0.010785359199581207,0,1
-0.007514670078524719,0.00991711037719447,0,1
-0.006197809749649361,0.010405096186187372,0,1
-0.006958527206765969,0.010618919202153241,0,1
-0.008161129205838785,0.008670949955226931,0,1
-0.007128048213326268,0.01208573632466615,0,1
-0.006055018310735183,0.009680673251896782,0,1
-0.005936610051571031,0.009924253828537666,0,1
-0.009275716708724483,0.009959310543861944,0,1
-0.008012928967687944,0.012644568548478884,0,1
-0.00938282324305467,0.010993354164801017,0,1
-0.007802752645546385,0.010727766180995385,0,1
-0.008315928676514957,0.010120002686191365,0,1
-0.007594217152967426,0.011339431569138546,0,1
-0.00822604756378401,0.010182325845388408,0,1
-0.008116861352754289,0.010083479076202816,0,1
-0.006325586973474609,0.01089918762711772,0,1
-0.007851976870268127,0.012469367261480142,0,1
-0.006755817881764003,0.011102154798727015,0,1
-0.007995753092492676,0.01053156663660955,0,1
-0.006756051619703902,0.007875704222413108,0,1
-0.006323822425273121,0.00989949299767528,0,1
-0.007158800173116575,0.011098891775425494,0,1
-0.0055357130448919125,0.010412400989975961,0,1
-0.004535221627144799,0.012887608788192164,0,1
-0.009030124862001583,0.010472522238243498,0,1
-0.010355122416150313,0.010289627473649728,0,1
-0.008421338134405754,0.01206353592137261,0,1
-0.007731621655698166,0.00852373216325596,0,1
-0.007713829622347612,0.010301090089321705,0,1
-0.008577553101787136,0.010934827917233067,0,1
-0.007972151746140833,0.010154704856657879,0,1
-0.007410532283040257,0.010109301630335174,0,1
-0.006003911807903952,0.010641891447570152,0,1
-0.00772664400361481,0.010375609809426036,0,1
-0.00664009483713872,0.009111432281452978,0,1
-0.007800089578388961,0.00788360485534469,0,1
-0.007459141113510802,0.008872841105329798,0,1
-0.0069129697667622975,0.009203536981501382,0,1
-0.010091320519688128,0.009780241827951243,0,1
-0.00706844681646433,0.01038588186289334,0,1
-0.007144413646433012,0.013288804265739012,0,1
-0.00916164514585751,0.010824023479947601,0,1
-0.007770666240133912,0.011109723484108472,0,1
-0.00856644699063933,0.008018097153054958,0,1
-0.009101930053522353,0.009676829035527532,0,1
-0.006745050243796819,0.007372893077234128,0,1
-0.007495483410575521,0.010887837895786293,0,1
-0.007424265582409006,0.010200385018047283,0,1
-0.006481860144412098,0.013797755844201199,0,1
-0.006074313334196331,0.007735754410155733,0,1
-0.00673428692346948,0.009372358058728143,0,1
-0.006750909671817417,0.009998040192244026,0,1
-0.007540131144027701,0.00942357398350419,0,1
-0.008141703384923989,0.010347394115243814,0,1
-0.005968711903005974,0.008861269277744563,0,1
-0.008891948775808707,0.010856754118636642,0,1
-0.008888445930467666,0.010282137434233703,0,1
-0.00849523678333725,0.010371121526578476,0,1
-0.008411111560313423,0.010402486429768893,0,1
-0.0070508255892287154,0.012085702944058392,0,1
-0.01089810907062305,0.010723282851128852,0,1
-0.007796883971206094,0.009643912932458153,0,1
-0.009033726207630386,0.010021600117115375,0,1
-0.006966971949333119,0.007709023218164198,0,1
-0.007651967832755183,0.008846277981289032,0,1
-0.007112920302400084,0.010598589909283957,0,1
-0.008559705574111093,0.012282841574417686,0,1
-0.008523587211100721,0.010868639689254854,0,1
-0.0030393061804817744,0.007987343407118406,0,1
-0.006242812008102088,0.009569322370103234,0,1
-0.008100689174287818,0.006700824808670821,0,1
-0.009650604662210736,0.010249354718713292,0,1
-0.009266767670961495,0.010150478463901108,0,1
-0.009016450650874959,0.009576022613489192,0,1
-0.008787409170716711,0.010377831794043673,0,1
-0.005476447144142616,0.008012050514196846,0,1
-0.00863019214456683,0.009095042332389452,0,1
-0.010374887513264703,0.011224279888011956,0,1
-0.008965541883940534,0.013687287872776559,0,1
-0.007356593595351844,0.010876328979756704,0,1
-0.007585997732321538,0.008570057959093429,0,1
-0.007597941720664852,0.00825098603296611,0,1
-0.007760848750236196,0.009492671908402334,0,1
-0.005432055912768659,0.009264859227604725,0,1
-0.00615484727925694,0.009219428362856108,0,1
-0.009310731894156193,0.010115963588198936,0,1
-0.011337475607041177,0.01093842579902725,0,1
-0.00865243195622882,0.010013790982202338,0,1
-0.007986777228683887,0.0088048836433221,0,1
-0.007035536231685602,0.009791319429946627,0,1
-0.009994200913255697,0.006462096553483836,0,1
-0.0077695399560380055,0.009147402005721894,0,1
-0.008754245081754012,0.00932666550234221,0,1
-0.007106611511429236,0.009830208032419028,0,1
-0.007861026272915744,0.00976721124875852,0,1
-0.008284648044015748,0.009768217486486255,0,1
-0.006804437638620071,0.009851496526886707,0,1
-0.005731571135880707,0.008325360637899046,0,1
-0.006144452637539037,0.009287423130511058,0,1
-0.008579263480746715,0.010193114355566281,0,1
-0.008963052222706309,0.009623684858142008,0,1
-0.009298064449523274,0.009089414186817885,0,1
-0.008251563667284014,0.009610886147447699,0,1
-0.008506399699199802,0.009568689913315295,0,1
-0.008781474953936066,0.009670057971979546,0,1
-0.010874303618281681,0.008565622417397386,0,1
-0.007668274322368445,0.010241263885324722,0,1
-0.007494581931126432,0.010401068789682593,0,1
-0.0069011583649705105,0.00822287825870842,0,1
-0.008315650524395722,0.009476593907268186,0,1
-0.006721223328866635,0.009384414585628924,0,1
-0.0070477567690796685,0.010080244635162161,0,1
-0.006333221022660027,0.009610701651224506,0,1
-0.007953360624362039,0.010621574824741374,0,1
-0.009211904254465268,0.009724412211767623,0,1
-0.009801694334577563,0.010763188890293632,0,1
-0.008420097075084945,0.01008969776516,0,1
-0.00797162074856035,0.009808841291389675,0,1
-0.008510294234845655,0.01032918877368816,0,1
-0.007786884036533525,0.010768774771376914,0,1
-0.006572144206394902,0.01049621006704393,0,1
-0.006843169724008844,0.009589158704891972,0,1
-0.007622101358898113,0.008640140246752,0,1
-0.007387015650707779,0.010831200281628987,0,1
-0.00674432231299247,0.008736224384598501,0,1
-0.006642682659973519,0.010328325045567993,0,1
-0.009063692292490851,0.009736734856410708,0,1
-0.008720764020163507,0.00983611252359628,0,1
-0.008488035028597064,0.009825041838058029,0,1
-0.008236429614274888,0.01130704493913544,0,1
-0.00963356649370514,0.010802808457849738,0,1
-0.006963247477067256,0.009803779770949293,0,1
-0.009517630259231316,0.009889665437830703,0,1
-0.008438169007002675,0.009560044361662608,0,1
-0.007643525910785359,0.0085898007129873,0,1
-0.007560814776431007,0.007158783634652212,0,1
-0.005698079063180373,0.009532411124535007,0,1
-0.006664997465601966,0.009115117130485215,0,1
-0.006211227874019741,0.007883740464429117,0,1
-0.007479373161040237,0.009042389822006145,0,1
-0.008165941300602218,0.009433404302537758,0,1
-0.01007944257042156,0.008605273973561917,0,1
-0.009314275756352446,0.009276562788638788,0,1
-0.005010121311049504,0.00791394820376859,0,1
-0.008722829128738575,0.008809636883809032,0,1
-0.0075997745768899795,0.00901015644856905,0,1
-0.006111119061969372,0.007144743313236327,0,1
-0.008248907208622177,0.009200287006157722,0,1
-0.007319448341229977,0.010558949703086113,0,1
-0.007264368803151306,0.009401055858731558,0,1
-0.007104731959297961,0.009163157272062928,0,1
-0.010541705246783538,0.008715314680460513,0,1
-0.007723224969205862,0.00954412258924601,0,1
-0.0093087318044766,0.009634833773832749,0,1
-0.008690690126440552,0.010639664348743288,0,1
-0.007651814987480942,0.009307324214564294,0,1
-0.008261177304744344,0.010383681272745127,0,1
-0.007762122431161191,0.00913210357299773,0,1
-0.00737589419796457,0.009110562103543472,0,1
-0.005177061942575833,0.011430672074362028,0,1
-0.007047566928507848,0.010077798015098435,0,1
-0.008198398052481045,0.010667911151253897,0,1
-0.005751082337039783,0.00825045796819753,0,1
-0.008863055360081931,0.009645741401432161,0,1
-0.009023937690710441,0.008991014286818607,0,1
-0.007755526194983475,0.011071250676874343,0,1
-0.00825615988424301,0.009371477873482099,0,1
-0.006565839258484384,0.008781463958730584,0,1
-0.008953191456069622,0.008363126696316451,0,1
-0.006625376773233906,0.009371295289919852,0,1
-0.005653818158893713,0.008288803311698756,0,1
-0.007056999643284718,0.008914808881032762,0,1
-0.008072517660445245,0.008194928521622744,0,1
-0.006091716204019042,0.009643919381996494,0,1
-0.00905430451168281,0.009468477115367725,0,1
-0.00996618035499947,0.01020821759250979,0,1
-0.008949738959379139,0.011720222441359972,0,1
-0.008610151436219167,0.008555620747208333,0,1
-0.00819298134647002,0.009138441881038711,0,1
-0.00824826010360787,0.009311214629848298,0,1
-0.007624618717608747,0.007623348545300401,0,1
-0.008707301857065898,0.008777567100130782,0,1
-0.007320480003723592,0.008854549043653202,0,1
-0.007711661189992188,0.009231297867138817,0,1
-0.0067545593706659765,0.009023046083666211,0,1
-0.006749012401090615,0.012151368258919997,0,1
-0.00869742516714653,0.009350768759635112,0,1
-0.008180663636480694,0.009267376571281431,0,1
-0.008068476180608918,0.009045257972154304,0,1
-0.007746780980245719,0.009040695565946376,0,1
-0.007910709125267024,0.009299122819305223,0,1
-0.010260941673326437,0.010776812589130559,0,1
-0.006049063631094668,0.00856788492171426,0,1
-0.007620965212892333,0.00912531064008736,0,1
-0.0066715684870726774,0.009814873972337258,0,1
-0.009462299364737048,0.009155626389842504,0,1
-0.00689738226322004,0.007493570037258754,0,1
-0.009590059075434301,0.009454845400388845,0,1
-0.008353508107074007,0.007336806221238128,0,1
-0.0065415039937959185,0.009342389358677683,0,1
-0.007499043664203978,0.010101440751194395,0,1
-0.008545813684353273,0.009018139467561446,0,1
-0.006701171299128178,0.007724905801392199,0,1
-0.008528061433350225,0.007873233972611447,0,1
-0.006885165467541821,0.008114336335821244,0,1
-0.009942511465921663,0.010371009868348286,0,1
-0.008964801380489327,0.009273518655389234,0,1
-0.00983006743903013,0.009949034225016378,0,1
-0.009139758510026777,0.009469606174716575,0,1
-0.00943683006184259,0.008166670125222774,0,1
-0.007504856042280897,0.00909694566473416,0,1
-0.008221134814316583,0.00888282756469617,0,1
-0.007249909687827,0.009031569901355159,0,1
-0.0065412619928025256,0.008941859046182714,0,1
-0.009254934374252457,0.010807903001323947,0,1
-0.005408584970058606,0.008598178447034928,0,1
-0.007446123338264276,0.009441558871149934,0,1
-0.007273619774857835,0.008811343937230523,0,1
-0.009478968567197201,0.00832033006792513,0,1
-0.007011123233152742,0.01006643912285202,0,1
-0.006060618053220761,0.00800873628836984,0,1
-0.007543233927672564,0.008727361807336442,0,1
-0.008805519462766852,0.008778763175758085,0,1
-0.008969319286761718,0.009397756602155662,0,1
-0.008582195861122523,0.0084124794252034,0,1
-0.006874579832985811,0.008818281831115044,0,1
-0.008222362183214814,0.007532423931440661,0,1
-0.007817385864597542,0.009747370114217734,0,1
-0.006484917692826815,0.00760211651711555,0,1
-0.007953158919131127,0.008588515018740516,0,1
-0.006995660383008459,0.007954229944602874,0,1
-0.006949958579142054,0.006207822760585131,0,1
-0.007971510300945903,0.007271444786486533,0,1
-0.009556791714887748,0.009061534150434106,0,1
-0.009887003576736818,0.00849599621546771,0,1
-0.009154768942026074,0.008761531577731303,0,1
-0.008457627785342127,0.008876249254854932,0,1
-0.007809509062011091,0.01143161516513963,0,1
-0.0073118144468431396,0.00918189399976344,0,1
-0.007467553106593621,0.008449023057197295,0,1
-0.007053836996619715,0.00788996392697424,0,1
-0.009359927470361233,0.008906203037473642,0,1
-0.008996696157805923,0.009165316360762205,0,1
-0.010372052286353822,0.008315205497956123,0,1
-0.00784280792003904,0.007124592784675463,0,1
-0.007127985448797957,0.009928947059762551,0,1
-0.0074544978179715065,0.009274688030613916,0,1
-0.00996723854251939,0.009369529416610671,0,1
-0.007782434743221214,0.010759689706418694,0,1
-0.008304127362723816,0.00956215821901676,0,1
-0.008124373129032025,0.008402617704943546,0,1
-0.004249654958194182,0.008384429671398547,0,1
-0.008140563057696934,0.009550681219464858,0,1
-0.00772175968410487,0.007358327759474575,0,1
-0.006803297057710748,0.009565338465013897,0,1
-0.0074423727176132345,0.009154793265755573,0,1
-0.009114395101957863,0.005858844214551132,0,1
-0.00971009748181146,0.00900655746894822,0,1
-0.008433138837117554,0.00822253157113098,0,1
-0.009220833717155066,0.008074294836672189,0,1
-0.008872422886519463,0.008333856153919595,0,1
-0.008540000237244008,0.008116571083691723,0,1
-0.007717326733854852,0.008665932737033977,0,1
-0.00833887779772434,0.008770288872620312,0,1
-0.00781581828614055,0.006601807947351328,0,1
-0.008351277858162764,0.007325643322130591,0,1
-0.008164519794499612,0.007886785074864578,0,1
-0.007432038367576188,0.007663800284515672,0,1
-0.00659626219935717,0.007717463169743729,0,1
-0.00852864185028121,0.008135320863932486,0,1
-0.007023064109123277,0.009474281143125613,0,1
-0.00853387583186922,0.008273573879524225,0,1
-0.007909671686958735,0.008495930700097113,0,1
-0.008661711174338876,0.007473309523414462,0,1
-0.008070274296698234,0.00782822635711796,0,1
-0.009101574432814875,0.008242668826001298,0,1
-0.00808198716691292,0.00819628915834596,0,1
-0.006689253543023329,0.008810496569143985,0,1
-0.0091611699418153,0.006914053086872147,0,1
-0.0087996547685368,0.007797094153124148,0,1
-0.010394802836769142,0.007857482056552291,0,1
-0.008381876042865683,0.009030687650328212,0,1
-0.008229554308725271,0.007089821084230085,0,1
-0.009538322600475765,0.0075729826023783016,0,1
-0.008129463293070715,0.007047555550225821,0,1
-0.009021372802962016,0.008011715940816965,0,1
-0.006771593148478463,0.009044219611478341,0,1
-0.0076601573189889775,0.008377518015094839,0,1
-0.008372127548192089,0.00807460283306223,0,1
-0.008402449530441032,0.0077695177768512015,0,1
-0.009846047487859748,0.007603223781984903,0,1
-0.00782120702049522,0.0075144796818358926,0,1
-0.009512978984437183,0.00984749419753777,0,1
-0.00854991101291798,0.008002370322163513,0,1
-0.008335128407294565,0.007605665206537831,0,1
-0.00892751357363335,0.008702121986948206,0,1
-0.008643587749154268,0.007722631487055162,0,1
-0.009772209305424398,0.004734808925951294,0,1
-0.008865313974518096,0.008051559318077403,0,1
-0.009709967506017594,0.0087053819641996,0,1
-0.00832144987933704,0.007530382452826474,0,1
-0.0071587732166821785,0.008090895759547329,0,1
-0.008242270381660253,0.007452145627622543,0,1
-0.009063432793668147,0.007794888451155234,0,1
-0.005294281279289744,0.010034437441210155,0,1
-0.008128062060199524,0.0072316631725047,0,1
-0.00518345098165921,0.006269125317437218,0,1
-0.005601626813686771,0.006222218788525679,0,1
-0.00511739018026824,0.006593694118735368,0,1
-0.004679353625561907,0.005697419312766364,0,1
-0.0037200837959683055,0.007923761721592964,0,1
-0.005839623031294875,0.00687850109229967,0,1
-0.005123108912691011,0.006875963362148255,0,1
-0.006349310908123104,0.006545354278470752,0,1
-0.006934086439451036,0.006138905882115675,0,1
-0.00755642568793704,0.005573204207960344,0,1
-0.007749217535539637,0.006029961936437378,0,1
-0.007450717132294022,0.007098370506920015,0,1
-0.007623618813225599,0.00796717747380185,0,1
-0.007501252653784086,0.007152017453894551,0,1
-0.005359022928451974,0.0077249711962894966,0,1
-0.006588116383994555,0.00676921029333012,0,1
-0.008050984088067838,0.0070746592092590785,0,1
-0.008366725387645914,0.0072091383466349026,0,1
-0.00824617560701056,0.00697130707632265,0,1
-0.007144290925623412,0.00771360675583696,0,1
-0.005905628084436372,0.007815681238356041,0,1
-0.005324094409747085,0.007520967933081467,0,1
-0.005500387248137601,0.006710081779829754,0,1
-0.005729266451542628,0.006573097708380655,0,1
-0.006133091910644327,0.006805035540382152,0,1
-0.005929525354066669,0.006162413190692242,0,1
-0.005792622447654341,0.006185689613809023,0,1
-0.0066732052205274285,0.0070201848008006225,0,1
-0.006178856473877946,0.009162376913956273,0,1
-0.006782345100292077,0.007395802750846424,0,1
-0.007797207992369931,0.007436454756647485,0,1
-0.007628205597157337,0.006708586547901737,0,1
-0.007460105956461967,0.007010873580005535,0,1
-0.007157604921923348,0.008081114143433843,0,1
-0.008086947343579634,0.007208547902290956,0,1
-0.008727515519058707,0.008318510254084109,0,1
-0.008609774444173468,0.007276591329491609,0,1
-0.009691934873082383,0.007047224989161629,0,1
-0.004095130226754662,0.006504921898640547,0,1
-0.0053900434038927116,0.006531330549128598,0,1
-0.005919863377529773,0.007791157389382112,0,1
-0.006720605981734028,0.0072303348647459196,0,1
-0.006749345304507693,0.006842108130874912,0,1
-0.006012897739212402,0.006668763396912322,0,1
-0.005826258388576219,0.0066639782230004585,0,1
-0.006680050239268509,0.00736303067212005,0,1
-0.007602856966933171,0.00785338923614087,0,1
-0.005675397545278881,0.005320635807827476,0,1
-0.007582347714014575,0.006266997157653788,0,1
-0.005452416079566288,0.0056056285235778205,0,1
-0.009590625255970932,0.007044640591499367,0,1
-0.007381783409773775,0.006753257022957077,0,1
-0.006882315110944559,0.004955081492318763,0,1
-0.008861823055160773,0.007648860284611601,0,1
-0.008130873131617262,0.006452571017885345,0,1
-0.00845219653607961,0.008031852101119487,0,1
-0.005029531919956298,0.006701789078048557,0,1
-0.007368759849329497,0.0066226149989698216,0,1
-0.005828945273725474,0.006708373336801555,0,1
-0.005697108194522934,0.006712989747891081,0,1
-0.005921773116215002,0.006896659887031726,0,1
-0.005857745829326454,0.006873536317115524,0,1
-0.005214547010910957,0.0065397575512939786,0,1
-0.0071371595380820526,0.008017940780008491,0,1
-0.005213134224327717,0.0070042326728093265,0,1
-0.008551267512502977,0.00759145018034411,0,1
-0.007157081650300931,0.006481752734432109,0,1
-0.007417596654351108,0.007771780544382453,0,1
-0.007272644415942913,0.007279807876342967,0,1
-0.007981995499352948,0.006519784937188647,0,1
-0.007891770193730819,0.007205235410835299,0,1
-0.007763853001581184,0.007865082590640135,0,1
-0.00848873576036727,0.007483524995505171,0,1
-0.00870151836887395,0.008556700081088369,0,1
-0.004982352541166055,0.006978783252935056,0,1
-0.006241811627140205,0.005523181647682493,0,1
-0.005136401636189475,0.006604855953967562,0,1
-0.007574847714732288,0.005736772924526753,0,1
-0.004721335160396708,0.005109761938912169,0,1
-0.006106630663481144,0.005440642920810127,0,1
-0.006246906981679222,0.0037867859525126833,0,1
-0.0065751197720137185,0.006410473101708801,0,1
-0.006832652597221936,0.007174921589094306,0,1
-0.007968221553823193,0.007334953396769321,0,1
-0.006271374029007929,0.007957821187746864,0,1
-0.007224126957416087,0.006922963229548828,0,1
-0.0075289792599468035,0.007716885447664475,0,1
-0.00775309059086124,0.0079278253854517,0,1
-0.009087378659986938,0.008177465026499393,0,1
-0.007848034737806785,0.007626121823178169,0,1
-0.008129048002789416,0.007541354027332835,0,1
-0.005442024196043896,0.0063334429682735185,0,1
-0.0054168105964584054,0.006863563340067319,0,1
-0.004968044990685483,0.007201872734839977,0,1
-0.005210893574366558,0.004681222237400356,0,1
-0.0054582645503828305,0.0074569187124576995,0,1
-0.006291273505274248,0.007890227145937513,0,1
-0.0027702210237300967,0.007156965067645118,0,1
-0.006269864665902151,0.006770475290917809,0,1
-0.006584668071179025,0.006622884646275361,0,1
-0.007076446532011198,0.007413823346458936,0,1
-0.004835958402322576,0.006710073152328789,0,1
-0.00794185284708358,0.008481418995273129,0,1
-0.008127283065411266,0.008069545854469421,0,1
-0.00859890278098457,0.008731380917223155,0,1
-0.007926955971734527,0.005091714253734045,0,1
-0.008512960227937332,0.00730250375622985,0,1
-0.0054498160666084676,0.006489476027216291,0,1
-0.0054984443363805015,0.006939951426377105,0,1
-0.005275343842237159,0.007273919314687657,0,1
-0.005044755628832058,0.007717014058609034,0,1
-0.005641943076001044,0.007061144539487542,0,1
-0.0067699478467292025,0.008001931266554069,0,1
-0.006179334450461052,0.007229700049213365,0,1
-0.006626042243855766,0.007545405657461019,0,1
-0.006765541112390309,0.007715283878139725,0,1
-0.010162653366660382,0.008777563768972239,0,1
-0.007035446703624931,0.007392472750755106,0,1
-0.007307981079604926,0.00629870013250583,0,1
-0.004801786501110006,0.006784590667529362,0,1
-0.0075010870057028115,0.007523633875686051,0,1
-0.006749230810831391,0.008142947852413426,0,1
-0.008279846725326844,0.008609950240268264,0,1
-0.005072126373718641,0.009862381548140954,0,1
-0.005019643140264826,0.007064939441315122,0,1
-0.006363756982868282,0.00637536005162128,0,1
-0.004280875572500752,0.006763984442931563,0,1
-0.004811140472006846,0.007589159576658711,0,1
-0.0057494764578822945,0.006999874736207037,0,1
-0.006986718296011921,0.006799020659542832,0,1
-0.006290515578020735,0.007256907883289507,0,1
-0.00854224558355731,0.006533429704693333,0,1
-0.008539230054155722,0.007285349980489396,0,1
-0.006418402455104654,0.00939636598820214,0,1
-0.007632298289889534,0.008455930309737875,0,1
-0.0076625840325483235,0.007071679846460153,0,1
-0.005884875829128128,0.008107634919157378,0,1
-0.007078306135988061,0.009080190519980146,0,1
-0.00779363993096918,0.00735426890038338,0,1
-0.004988636329422211,0.007918584577581855,0,1
-0.005725995607658891,0.0074121638440665,0,1
-0.005566473953991009,0.006884711305508173,0,1
-0.007497005091381131,0.005961247136469855,0,1
-0.004843126569986705,0.0066398176844739325,0,1
-0.00624430118357647,0.008727743516858677,0,1
-0.004962172198660467,0.008515987388330756,0,1
-0.006324150662081754,0.010432111988745442,0,1
-0.007265926138937421,0.010071209097565075,0,1
-0.004027048048802275,0.006546706111940295,0,1
-0.006772235182731347,0.008365950326195998,0,1
-0.0058103364459356375,0.00787425070941002,0,1
-0.007567396895850964,0.006306733861615876,0,1
-0.008545699928292615,0.007371063602373409,0,1
-0.00672973304376233,0.007371005558354032,0,1
-0.009172327343757452,0.009672993097034309,0,1
-0.004265865480043617,0.007860737605179545,0,1
-0.0044970990599112045,0.007562695331348436,0,1
-0.005430580163025549,0.007227563131468256,0,1
-0.007964242559156589,0.005784484087405044,0,1
-0.005628779640727748,0.006045602829064893,0,1
-0.007311158544819492,0.007712803997425094,0,1
-0.0061344244594070925,0.00835963239847197,0,1
-0.006651748555096732,0.0078419088832645,0,1
-0.006277038567400808,0.007610543480399149,0,1
-0.006062908233309524,0.008632696382159254,0,1
-0.006533242943932031,0.007014149418101266,0,1
-0.007740098989481939,0.007237664226005914,0,1
-0.008004091762155338,0.007250702093091479,0,1
-0.006213950010550604,0.010652294697600206,0,1
-0.0038684830453126614,0.006606082652432061,0,1
-0.004915716746258323,0.007203019021149039,0,1
-0.00751811949687933,0.006511456336607954,0,1
-0.004818882421648665,0.008105253235917972,0,1
-0.004618469644751819,0.008717333643745304,0,1
-0.005832565967228446,0.00755450933294419,0,1
-0.006608139211868495,0.006119303716033978,0,1
-0.006590420611797642,0.0076175628522503775,0,1
-0.0063152925819707694,0.007892068131212697,0,1
-0.006860696229786461,0.007981152982920379,0,1
-0.0071856130003769576,0.008240270494246754,0,1
-0.007744300923672215,0.00745187348217854,0,1
-0.006928361585162168,0.008566016533039346,0,1
-0.010847996580752335,0.007621347579901062,0,1
-0.00538410092999131,0.009068451948984932,0,1
-0.006355735380599422,0.007036622811395463,0,1
-0.005104806857438075,0.007786670873264386,0,1
-0.003747307106481651,0.0064968303030544135,0,1
-0.004811358609926691,0.007941350128897498,0,1
-0.006074386010497927,0.007635720968614678,0,1
-0.003454813822937091,0.008497042408467385,0,1
-0.006929588220289086,0.00888687599374764,0,1
-0.005480306686242711,0.006362912826484183,0,1
-0.0074717774307658915,0.00861705043631354,0,1
-0.006484030735889606,0.007044894980463435,0,1
-0.0070204508267377045,0.007402015455748541,0,1
-0.007412901508589068,0.008123091814807032,0,1
-0.008245449354605212,0.007369662386515975,0,1
-0.00392235589766355,0.008038937661491483,0,1
-0.005833866063704363,0.008687643747077773,0,1
-0.004265031016171315,0.007571047630346187,0,1
-0.004334953777625489,0.007423140971720126,0,1
-0.0054451350468259834,0.008164218542222374,0,1
-0.005987371632773597,0.0077518393319803616,0,1
-0.00401195890376002,0.00968469876900606,0,1
-0.0072227922272734245,0.008247058243621172,0,1
-0.005483803398038595,0.005776460515123285,0,1
-0.0071763134633229244,0.008459565542564836,0,1
-0.007227046417232183,0.00779243541765657,0,1
-0.007311900717749894,0.00856101865326311,0,1
-0.007709581621104514,0.007939126590710069,0,1
-0.005371740913171825,0.007598951921488915,0,1
-0.005457264561026626,0.007137577329161805,0,1
-0.006580671850627711,0.00843147397282598,0,1
-0.005237419676151123,0.00824659461037535,0,1
-0.006559629107766774,0.00923471087647893,0,1
-0.006704849326333281,0.006973789068879592,0,1
-0.007440927828174801,0.008413292307876873,0,1
-0.005843120950205726,0.008612601344669924,0,1
-0.0064826571150467275,0.008392624177058933,0,1
-0.0069396697274307865,0.008121943405004606,0,1
-0.007315292381492357,0.00816398162887151,0,1
-0.008199758013888662,0.0071746406143594395,0,1
-0.006205261651536903,0.008183183588466782,0,1
-0.004315071986405083,0.009076846598599964,0,1
-0.005513074645231705,0.007924484111361757,0,1
-0.005349737298362946,0.007763671268928888,0,1
-0.004953214104132174,0.008100503372682798,0,1
-0.005856205411634873,0.008416080545661495,0,1
-0.006089620875932419,0.008320539606384058,0,1
-0.005449476262744775,0.010081158917815662,0,1
-0.007924640601590177,0.00877480068475625,0,1
-0.007588073543114444,0.007587027778625822,0,1
-0.007567235357655223,0.008259667574677318,0,1
-0.007968070739877008,0.008753508866318349,0,1
-0.007967474094149217,0.009906781420906152,0,1
-0.004186953039001775,0.007815895469332979,0,1
-0.005047018426424683,0.009210711109984547,0,1
-0.006388644847134278,0.008921879589240978,0,1
-0.005670093375121936,0.008640240811589565,0,1
-0.00636741631342852,0.007259500187183534,0,1
-0.005149282704708318,0.0088976076980705,0,1
-0.006169674182537718,0.007435474427044925,0,1
-0.005887828208747957,0.008577408580967803,0,1
-0.005900735764292682,0.008808346426050342,0,1
-0.008504357801532322,0.008886089679376168,0,1
-0.00706376197596939,0.008134732313904108,0,1
-0.0070730676386133165,0.008388153929249688,0,1
-0.0051296240367838955,0.005387553620375057,0,1
-0.0030341089170402616,0.009853350546018857,0,1
-0.002433818782887024,0.007632881217371334,0,1
-0.004245556911040584,0.009884404717973538,0,1
-0.004745941586679419,0.009624035157870355,0,1
-0.007392830123602404,0.008141469723892047,0,1
-0.00544190712857039,0.008634599481444977,0,1
-0.006671985653536131,0.008310276029626185,0,1
-0.005828173769505371,0.0076383357480877745,0,1
-0.006964941931167827,0.0087458294303615,0,1
-0.006825652526553884,0.008440599899100464,0,1
-0.005266571456142676,0.005192605818322116,0,1
-0.004277387777256487,0.008666025817225557,0,1
-0.005366762937208985,0.008607438029376805,0,1
-0.0041509310761186965,0.00829783111434394,0,1
-0.005377474493864597,0.010460155982401723,0,1
-0.006682030115620782,0.009105241781418548,0,1
-0.006349982796785446,0.008343464330476549,0,1
-0.005549059643072161,0.008387291478554073,0,1
-0.007039838158696634,0.008301386731410267,0,1
-0.007148734005673321,0.007580043920790736,0,1
-0.007448486428631906,0.009956728129209199,0,1
-0.005011162909125107,0.008752517036772316,0,1
-0.005082027317527556,0.00772671390195943,0,1
-0.0054831759055728345,0.008200249278652746,0,1
-0.003954248821155247,0.00512874271878183,0,1
-0.005660605032461518,0.009173464328403838,0,1
-0.006760620203489896,0.008544875034473412,0,1
-0.006101273531023879,0.008506052621259983,0,1
-0.007536984013052847,0.008951595065253724,0,1
-0.005317726877075149,0.00883007048080871,0,1
-0.0075150136504352925,0.0084308383007741,0,1
-0.006849845391461902,0.008192491218534182,0,1
-0.005859278380001412,0.009068368354210429,0,1
-0.0051413645377159445,0.008748870421005474,0,1
-0.007610750493017384,0.010599255314537552,0,1
-0.005327989760889964,0.00844894607200565,0,1
-0.006376464502150175,0.008593774441451317,0,1
-0.006013530176378749,0.008731485870412205,0,1
-0.006357868462126418,0.008560754908773713,0,1
-0.007365506871968933,0.009041241965363702,0,1
-0.006931008609490647,0.007826672010776598,0,1
-0.00491455493225188,0.007983837381912636,0,1
-0.006605747412874031,0.008551685811681094,0,1
-0.0036736932459270843,0.008213834942239649,0,1
-0.006048627832614063,0.008861799714360567,0,1
-0.006256500536726038,0.008906291651790632,0,1
-0.006168820222289717,0.008565198432117711,0,1
-0.005428138193851474,0.007901742021311239,0,1
-0.006413281588601066,0.008595499593596767,0,1
-0.007168661183905748,0.008502602160827958,0,1
-0.006599550093913327,0.008885209587620043,0,1
-0.004387483192258548,0.008962908387646894,0,1
-0.005051128716967961,0.00965038859465619,0,1
-0.007345186772628293,0.008283579275107969,0,1
-0.006113103890923766,0.008083585145116397,0,1
-0.006948807283433751,0.007431837798832041,0,1
-0.004632091152773186,0.008150827147126762,0,1
-0.0063582646271234215,0.008633595193711176,0,1
-0.006629670495919728,0.009233035662454122,0,1
-0.006222804935451543,0.007949751780721475,0,1
-0.005004249517022603,0.008440546318219593,0,1
-0.004171825969990212,0.008670779889467498,0,1
-0.005771778285694234,0.008447975851212918,0,1
-0.006538086772425628,0.00860600019951209,0,1
-0.006121418842626352,0.008772293863769378,0,1
-0.006662915557093231,0.009703157774981114,0,1
-0.006623326659917073,0.009115061718095433,0,1
-0.006065057823994753,0.00798172249717052,0,1
-0.004654354067469334,0.007629881066939126,0,1
-0.0054405593636610685,0.008995887064239061,0,1
-0.005868020622891765,0.008511521251106763,0,1
-0.006594075812734052,0.009283358671780942,0,1
-0.005707468511568215,0.008174155880714885,0,1
-0.00697517326782525,0.008576539472284442,0,1
-0.0063085745426071605,0.008739799380315296,0,1
-0.007257050049730198,0.00924743834462432,0,1
-0.005024560964575671,0.008707190865439089,0,1
-0.005984041118422294,0.009526405622639135,0,1
-0.005573609788563936,0.009034096561976818,0,1
-0.005089757267696155,0.007593283783891306,0,1
-0.004889062122725787,0.009781912700817026,0,1
-0.006519550265716919,0.008964345565779698,0,1
-0.004891335917744707,0.008191130969238162,0,1
-0.005913781220042509,0.008846764126239167,0,1
-0.005311743781540622,0.007990238515997766,0,1
-0.004315425244723288,0.007630446999908755,0,1
-0.006723742559681203,0.008624469550050707,0,1
-0.0069452231884834,0.009948854247135588,0,1
-0.006163454240169981,0.00973178541095957,0,1
-0.0041479428547547825,0.006314600148184753,0,1
-0.005603334916136326,0.00872612293685858,0,1
-0.007958096650256735,0.01153834765207071,0,1
-0.0052255746706064135,0.009109693117632569,0,1
-0.005629788409452261,0.008132915485406702,0,1
-0.006217889841624678,0.008951927179646126,0,1
-0.006249974296221748,0.009037392375614652,0,1
-0.006184191103696232,0.008923774393993032,0,1
-0.004777702866876393,0.00969442907086324,0,1
-0.0038924523617085544,0.00914418746402926,0,1
-0.005162251990530429,0.008991313298114242,0,1
-0.005888698391638878,0.008792593419228462,0,1
-0.007285285373463402,0.010181771978065687,0,1
-0.006587871543218699,0.009411712582809092,0,1
-0.005193449474820767,0.009191446402383875,0,1
-0.004347813389038579,0.009543637004653625,0,1
-0.005427562757427277,0.008824004812192535,0,1
-0.004755643199642974,0.008457676835168362,0,1
-0.006284189428255488,0.010065920978971821,0,1
-0.006788773956293837,0.009526829138801688,0,1
-0.006861129912078643,0.010875556676438492,0,1
-0.005190303156002581,0.009707016004453018,0,1
-0.0040712834022330596,0.00957360841026212,0,1
-0.006006748292419113,0.009382820977761268,0,1
-0.005441551568210768,0.009177248978622416,0,1
-0.005380829415900859,0.009469380713694214,0,1
-0.0050131860341541285,0.008516163322964088,0,1
-0.006344717493833014,0.010032606471380396,0,1
-0.00583736805791766,0.009495227754334035,0,1
-0.00469765434591453,0.010808433911046246,0,1
-0.006378341253295626,0.009467451592367039,0,1
-0.005492099758307419,0.008771000196320492,0,1
-0.006874045857885966,0.008394106945020545,0,1
-0.005644875562864019,0.009943981692020161,0,1
-0.0050448714656992424,0.010255520649187059,0,1
-0.0057081277782715205,0.009714463883792974,0,1
-0.005493349898769796,0.00950600059598683,0,1
-0.005377166559909452,0.008761660284494118,0,1
-0.005905542252822313,0.010493202848120551,0,1
-0.005949307791572736,0.009827889951367219,0,1
-0.0052530109969248,0.010673449113550218,0,1
-0.006805875621808061,0.009149933325110124,0,1
-0.0053812000596471215,0.010158876126066975,0,1
-0.004682708834271347,0.0092106831784273,0,1
-0.002863257309209387,0.008625375257800601,0,1
-0.0041012737637312665,0.010229307715919898,0,1
-0.004794296682650059,0.008930575202010448,0,1
-0.0061414139555894896,0.008082030958263126,0,1
-0.008181125672035891,6.19327579702536E-4,0,1
-0.01051059265370685,-0.001414357975985864,0,1
-0.007180029811571886,0.001321402743421667,0,1
-0.007598862971251472,3.7223315431612284E-4,0,1
-0.008090182475521691,0.0017771186013720074,0,1
-0.0075663939945004475,1.1940564827191034E-4,0,1
-0.0065772775516714874,-5.127756721699759E-4,0,1
-0.006891454035322552,6.554198428874701E-4,0,1
-0.006300545123863186,4.923649692178631E-4,0,1
-0.005543699631846254,0.0013319704295236877,0,1
-0.006123033507473285,7.097224847108637E-4,0,1
-0.005945671211582908,1.1701415843087153E-4,0,1
-0.009041593106641509,0.0019874541684264937,0,1
-0.005680753017477258,-1.936266827484039E-5,0,1
-0.0060809258933540045,0.001576295737841927,0,1
-0.008202511721783908,0.0012076926640079621,0,1
-0.009368219519121958,-8.145999255071687E-4,0,1
-0.00760455300415595,-0.001825271440085455,0,1
-0.007231380095022305,-2.2752450165182856E-5,0,1
-0.009008429721668806,8.593368046756877E-4,0,1
-0.008855357681909117,-6.324963741393186E-4,0,1
-0.006952376711636182,2.7306361632388866E-4,0,1
-0.006836622072242747,2.4488181042603587E-4,0,1
-0.006956511573413866,0.0014983917078466638,0,1
-0.006635180588458885,0.0017148355547618149,0,1
-0.006841007532231378,-5.236671752761924E-4,0,1
-0.0052603269990498065,-8.741356814090046E-4,0,1
-0.004979662022493136,-2.9032843549376064E-4,0,1
-0.005624226928483667,4.753855278015381E-5,0,1
-0.008289897327240616,4.409876588296905E-4,0,1
-0.008343248846975,4.513149597171903E-4,0,1
-0.007377230074700413,8.451811901641106E-4,0,1
-0.007700261077445296,-3.741905721754952E-4,0,1
-0.008379609824656086,-0.0010971618286000498,0,1
-0.0074754766813596545,1.9563782284375965E-4,0,1
-0.0040896967984896644,0.0025905381877421876,0,1
-0.006636161061106026,-7.033538925650521E-4,0,1
-0.0057914369527898085,0.0013202204029108481,0,1
-0.006491340955449132,1.4637277018106557E-4,0,1
-0.009551999990850954,8.043806024525181E-4,0,1
-0.004147617950785908,-7.749715747184108E-5,0,1
-0.005366141751726562,-0.0014461097927471478,0,1
-0.004330692394003248,-1.2215164243650558E-4,0,1
-0.00916723076017326,3.7877424519423814E-4,0,1
-0.007277176207126073,0.001027774839586324,0,1
-0.008575934121074541,-1.595633291083778E-4,0,1
-0.010647553944116782,0.0022861143814003684,0,1
-0.007111333622460259,2.648235471315696E-5,0,1
-0.006816080967180682,-7.054122281088282E-5,0,1
-0.008816520769686306,0.0012318958065440358,0,1
-0.007078048910777154,-2.469290715599084E-4,0,1
-0.005216004832676474,0.0011765109262120443,0,1
-0.006911634052556049,-9.71287472592573E-4,0,1
-0.005832335125644428,3.4814744422968576E-5,0,1
-0.006151545313319596,-1.6638956175471907E-4,0,1
-0.0038937242235593792,1.4587428359938035E-4,0,1
-0.006794126211046752,-0.0015108566329406431,0,1
-0.00800454836397467,0.0015807519993680727,0,1
-0.009071912867337946,7.112011504517222E-4,0,1
-0.0065243797425572035,-1.90951232659651E-4,0,1
-0.008229790871468709,5.086360971717498E-4,0,1
-0.00901521088403129,-0.0019908699335369766,0,1
-0.007407623196643058,4.889271186615535E-4,0,1
-0.006710130873497543,1.362441884321702E-4,0,1
-0.00667807087528828,-3.01060483838715E-4,0,1
-0.006630208190427164,-0.0010642778341523377,0,1
-0.004175812559837503,0.002283824267280126,0,1
-0.006458859141948035,0.0012119510019443429,0,1
-0.0063680785561590625,4.0564963190624977E-4,0,1
-0.005522434522392441,-5.137052648196035E-4,0,1
-0.008116665536071715,1.2069440218300337E-4,0,1
-0.008481571487341709,9.967026510484449E-4,0,1
-0.008153742305549045,0.0011761374680562217,0,1
-0.007734816474763097,-8.065966804502994E-4,0,1
-0.007182443385008876,3.642933770205102E-4,0,1
-0.007181067686481335,-0.0013395091510067568,0,1
-0.005045147493249893,-2.661691130234452E-4,0,1
-0.006679479995671464,-0.0012888415787837065,0,1
-0.005538666149561467,-5.160078392458441E-4,0,1
-0.004909723929889348,-0.0019856788731784127,0,1
-0.006091960975450865,0.0022657958400684355,0,1
-0.004277472253285769,2.9527632478073483E-4,0,1
-0.007595920714663764,-2.0349376160795613E-4,0,1
-0.007489797454469433,3.069574879799149E-4,0,1
-0.007762033945686705,9.872038656509783E-5,0,1
-0.00856089279752876,6.60413102732853E-4,0,1
-0.006769181867093945,-1.2628465882581449E-4,0,1
-0.006142068818866929,9.132360518120619E-4,0,1
-0.00592729736505881,-5.052260954604329E-4,0,1
-0.004745946955967248,-0.0036628105523455333,0,1
-0.004816082929297619,-2.570622317952788E-4,0,1
-0.00513689127651498,-6.723396753600932E-4,0,1
-0.006461835773384606,-0.0012163503065168325,0,1
-0.005285701355853974,-0.003181735393045626,0,1
-0.008068249164204597,0.001658817329602023,0,1
-0.008307078167031093,5.820806486759339E-4,0,1
-0.00902042602371493,-3.9964056564154466E-4,0,1
-0.00878059011422539,-0.0014664338401509042,0,1
-0.008158350797018987,-8.642919552827079E-4,0,1
-0.006845343584987171,-4.3934975757167625E-4,0,1
-0.00711396249331965,-3.5714893278923995E-4,0,1
-0.007198629735952939,-8.773987999133786E-4,0,1
-0.007229349279872706,-0.0014859803710456023,0,1
-0.0058829121608084374,-6.686957394818377E-4,0,1
-0.005822866793569885,-5.005142708080142E-4,0,1
-0.008136308115024467,-5.930664384679284E-4,0,1
-0.00787915894134974,2.1478490846568355E-4,0,1
-0.007057636987228971,4.106540106848183E-4,0,1
-0.007585186358079133,8.529202016954211E-5,0,1
-0.007327599510281316,-5.008367404781457E-4,0,1
-0.007537335968617235,-0.0010872183826210072,0,1
-0.0084537328021576,2.1756280976050404E-4,0,1
-0.00782880771966159,-3.809332059855115E-4,0,1
-0.00538821416434522,-0.0014081112602908985,0,1
-0.009994417490153309,0.0014259319703625406,0,1
-0.0031183445664337193,2.3125918798627838E-5,0,1
-0.004892416014654256,-7.719563596577723E-4,0,1
-0.0080704390060138,-2.875482781711462E-4,0,1
-0.008442976556783804,0.0012494953070313207,0,1
-0.006694470753224554,-0.0014848461950862303,0,1
-0.008738887591159811,-0.0015318779055322586,0,1
-0.0072007720109766304,-3.1689443041181645E-4,0,1
-0.0069100148832206875,-5.667796157267348E-4,0,1
-0.0074828924596976615,-2.617285396326677E-4,0,1
-0.006541262190014381,-3.134615196649134E-4,0,1
-0.005753445282116138,-3.666815720507981E-6,0,1
-0.006391708892390284,-0.002071315410047069,0,1
-0.008566525033196982,-4.2837589513739134E-4,0,1
-0.00895864930929555,-0.0015171637559053932,0,1
-0.006871254475456055,5.329350065972922E-4,0,1
-0.008577064222082872,6.491290146907157E-4,0,1
-0.00614598775025453,-0.001022468123466568,0,1
-0.006840611968213081,6.765770011275527E-4,0,1
-0.0053110706933693725,-4.1432095375612364E-4,0,1
-0.0057311772244233615,-4.45615233781332E-5,0,1
-0.0061976335893275895,-4.5103721098143897E-4,0,1
-0.005810515836505253,-3.181073882166576E-4,0,1
-0.008478869900205426,-1.4963681484843002E-5,0,1
-0.010096705341357304,4.945267491275422E-4,0,1
-0.007146781164570634,-0.0011880005798072628,0,1
-0.007485862576524842,-5.42056460305146E-4,0,1
-0.007775283928465956,-6.580708663950201E-5,0,1
-0.007414861780007019,2.0121524494572457E-4,0,1
-0.006144757308222802,-1.0571579283249127E-4,0,1
-0.00643088912896751,-5.808384480483563E-4,0,1
-0.005474239588527309,0.0017005004570610366,0,1
-0.006120966154086814,7.03922285294143E-4,0,1
-0.0070145170760878275,-0.001596091947864857,0,1
-0.007600073497810697,-7.140129913197219E-4,0,1
-0.006900991091251601,-0.0012622787580245944,0,1
-0.006914018925848588,-0.0011357477170873542,0,1
-0.006679709424611231,4.580939327595625E-4,0,1
-0.007093554290546862,-9.518750947510165E-4,0,1
-0.006856280770784565,-0.001677358744543896,0,1
-0.004383666842956457,0.0011782720032142884,0,1
-0.007852528220251368,-0.001171220798249143,0,1
-0.0066948998550767054,1.318006006293651E-4,0,1
-0.008496301228266803,-0.001528334536029147,0,1
-0.009488712805519326,-9.871250507576448E-4,0,1
-0.006270234839127001,-0.0016469036019448723,0,1
-0.010380449031574788,-0.0012670701259900957,0,1
-0.010150010948444572,5.319670012263025E-4,0,1
-0.006587866315220472,-8.275785425047497E-4,0,1
-0.006835323441739842,9.622999961980317E-4,0,1
-0.008303141302267196,-6.421725785212027E-4,0,1
-0.007648793192547256,-0.0019136660548615837,0,1
-0.009899831942020942,-3.0866045092744777E-4,0,1
-0.006916291988115306,-0.0012004260045250135,0,1
-0.00692841175438664,-1.0237773178884705E-4,0,1
-0.004078506991772941,1.2494840649225007E-4,0,1
-0.006609554757518624,-8.629178289729869E-4,0,1
-0.007837254611107012,-0.0015082973992872615,0,1
-0.008677176171297438,-0.0018258500193428819,0,1
-0.007410159446118199,-0.0023673922188066376,0,1
-0.007761955764768571,-6.329962768479925E-4,0,1
-0.00749420728240983,-7.943648853598013E-4,0,1
-0.009099364990803513,2.2175284649647022E-4,0,1
-0.008203673152432079,4.4078380817825315E-4,0,1
-0.0073061356752990745,-6.068492320569631E-4,0,1
-0.0062944037026897775,-0.0018124575491870493,0,1
-0.008255078055127605,-6.318896296362852E-4,0,1
-0.007413625631295523,-1.710807470385478E-4,0,1
-0.007662979724776236,-6.885035273048671E-4,0,1
-0.007494312995354163,-0.0010170525512009497,0,1
-0.008781136856847008,-3.6837320567270154E-4,0,1
-0.006981347459022968,1.449792786589226E-4,0,1
-0.006140287372947394,-0.004461542529752869,0,1
-0.008183885762699976,-9.221321618026165E-4,0,1
-0.008469569100144696,-4.902806690596089E-4,0,1
-0.00793498148651282,-9.13097163632428E-4,0,1
-0.007101240350687624,-0.0014885338299291085,0,1
-0.007956135664684593,-8.270925703568434E-4,0,1
-0.006782396942821425,-6.822184038764256E-4,0,1
-0.004754274660612218,-6.150494328640839E-4,0,1
-0.010672819027046417,-0.0011656249486309792,0,1
-0.008214697478982196,-0.0010508593082767634,0,1
-0.006876739784002323,-3.457443147357378E-4,0,1
-0.00744418958846064,-0.0011344116637253562,0,1
-0.00657908558705137,-1.762402049615039E-5,0,1
-0.006957344301671457,-0.001035052679272419,0,1
-0.006887716211651786,-0.0025426088285228606,0,1
-0.006940460208281676,-4.619089623830994E-4,0,1
-0.006051715782381575,0.0021390481775213945,0,1
-0.008287488171148764,-0.00427727371467068,0,1
-0.008273830416764051,-0.001773768585032169,0,1
-0.007039374309132783,-0.001108441040334094,0,1
-0.006825186429820535,-0.004748646497570308,0,1
-0.0068599811564681685,1.7760454934290367E-4,0,1
-0.0076226789116761095,-0.0011776905758606958,0,1
-0.006722345945350958,2.644193900451629E-4,0,1
-0.00631672954646023,-0.0022049158873840534,0,1
-0.0074978962210920045,-0.0028934056908113746,0,1
-0.0077635098000769015,-0.0013564274701499926,0,1
-0.007771513984174497,-0.0012411408043132984,0,1
-0.0067010650314726725,-0.0014229759724782823,0,1
-0.006942902691394088,-4.277458059402353E-4,0,1
-0.007969454189155274,-0.0012334906284702698,0,1
-0.010426760853018673,-0.0019079297938418094,0,1
-0.008439968560606864,-2.455580068900563E-4,0,1
-0.006711696066583018,-0.0012103039620401928,0,1
-0.007259871555989088,-0.0020557434964669987,0,1
-0.009299530643627965,-0.0015557101274430824,0,1
-0.007890292885211862,-0.001549901398942516,0,1
-0.007889485203705877,-0.0016531839599615355,0,1
-0.007429913673720086,-0.0014596816793443043,0,1
-0.007130036599805723,-0.0018367548583947517,0,1
-0.007703308031579928,-0.002231570649791964,0,1
-0.01095718448220626,-0.0017312300640530212,0,1
-0.008008853333042146,-0.0017033738829706623,0,1
-0.007214708640409355,-0.0020072720742627566,0,1
-0.006995212264852475,-0.001688361824154412,0,1
-0.007405378112671556,-0.0026997519838774325,0,1
-0.007925915273623681,-0.0019920198643699595,0,1
-0.007617825965138951,-0.0016967593724188563,0,1
-0.007206359634311453,-6.022757726632162E-4,0,1
-0.007471569846417498,-0.0016009472699191885,0,1
-0.008978375186385413,-0.004329266819654519,0,1
-0.00753901803551285,-0.00335893262195362,0,1
-0.006639998492396259,-0.0015215346178844,0,1
0.009277826582966517,0.012701080703191285,0,1
0.010123950384059074,0.011429520249518937,0,1
0.011607515905620718,0.011860320717375509,0,1
0.00949136938542218,0.011057380340439392,0,1
0.01045068096052808,0.012724337375054668,0,1
0.011281799796929982,0.010399919701814397,0,1
0.010563585675963244,0.010480305002567272,0,1
0.009217396216346383,0.010410891623743661,0,1
0.010196383390364487,0.010207911016966826,0,1
0.010553635294253176,0.010537911759609922,0,1
0.011350551519514286,0.01101790273707714,0,1
0.011539290041794742,0.009239540719288364,0,1
0.010901637780897061,0.009667363864988007,0,1
0.010347446103644983,0.010193193350565352,0,1
0.012362695180669585,0.007471531223917241,0,1
0.011891671577189141,0.008511965988395691,0,1
0.007455244859922159,0.011546184289131121,0,1
0.011904464811716902,0.012882543357872535,0,1
0.009940875696070129,0.01113328602188945,0,1
0.010458953775476268,0.012453399244780906,0,1
0.010702027855213582,0.011114820534053002,0,1
0.010211762161933993,0.01141092434102541,0,1
0.01042453051930535,0.01145798101480309,0,1
0.01044207355212972,0.010697494423492718,0,1
0.010887844670383298,0.009770562816056427,0,1
0.010038089185375859,0.010497761780419447,0,1
0.011221175170460071,0.010049818836761504,0,1
0.012905312150450786,0.00995304530493605,0,1
0.010952538196291528,0.009658038174893031,0,1
0.009805972126973081,0.010163924824496243,0,1
0.011248403440124987,0.009423544137641085,0,1
0.009596132888214943,0.010538310667472826,0,1
0.00951172330126987,0.010420016536164029,0,1
0.009540328420902928,0.010732577388638488,0,1
0.008688350579886251,0.009824008771264894,0,1
0.0110450922886647,0.009954711287515298,0,1
0.011867452175442661,0.010546953681329891,0,1
0.010278912066618047,0.010502521337162339,0,1
0.011871923550287154,0.00791542606236144,0,1
0.01023138383320734,0.010899561110273867,0,1
0.010779239117891309,0.012381258349270806,0,1
0.010921559604216464,0.009792996022414445,0,1
0.011181844882919014,0.010333301804067982,0,1
0.01091911531318486,0.008939995365774871,0,1
0.010851081027711418,0.01019278228797961,0,1
0.013445676530260556,0.006881336526475228,0,1
0.008371323519354016,0.010325975878885679,0,1
0.011012491164397894,0.011203356109853398,0,1
0.010437460824903292,0.011873164433980126,0,1
0.009708831919337003,0.01188824949653687,0,1
0.01007216845457841,0.010506982790422333,0,1
0.010198566565336055,0.010156338087671824,0,1
0.009825268090972877,0.008107419775329376,0,1
0.010891983159218408,0.01043595024842827,0,1
0.012161912284109936,0.011217308332627025,0,1
0.01042305231570388,0.010007314735486352,0,1
0.010736088758093704,0.010444900090427221,0,1
0.010823913579018947,0.008236950557544863,0,1
0.010176491858838243,0.009462149726127685,0,1
0.01031026132613074,0.008422850616740599,0,1
0.009526242676312574,0.011062028710938093,0,1
0.010335682085685471,0.01119112874629352,0,1
0.007613650806587141,0.008822305539168835,0,1
0.010293188067031785,0.009825992131731473,0,1
0.009904559138188359,0.011496941549873983,0,1
0.010750098974336389,0.009593823973970435,0,1
0.009230680597020776,0.010762398629269958,0,1
0.008746056732747021,0.011128436271595191,0,1
0.010800723454668674,0.009883753445365113,0,1
0.01204039104034051,0.010450400274163451,0,1
0.010435827268053512,0.00963395122546849,0,1
0.010200734253159411,0.00944876939208344,0,1
0.011401927952553561,0.009443693607530754,0,1
0.010485735256347484,0.009207103734516454,0,1
0.009755434723030738,0.01000445085314822,0,1
0.007788431878050007,0.01404705121960446,0,1
0.009881199298575906,0.010144359839684303,0,1
0.009055409213115193,0.011200561442971673,0,1
0.012398367670031284,0.010612469131152718,0,1
0.009812159516935226,0.009246820528662233,0,1
0.008116011845651127,0.010497586165782858,0,1
0.009820421687021498,0.010064505779500368,0,1
0.01038580009130107,0.009959119319587786,0,1
0.010433393867868755,0.009599012018400833,0,1
0.0104656313112711,0.010247969256048789,0,1
0.010017946726465807,0.0088060299894167,0,1
0.011164856470419784,0.00913558628355945,0,1
0.009768835581819485,0.011065265911894571,0,1
0.009111926245237243,0.011896813349513707,0,1
0.006676666201373753,0.011124369635365393,0,1
0.010569652036326305,0.00985539602625567,0,1
0.010193458109707105,0.010036856633238143,0,1
0.009857567737202443,0.01016659853063115,0,1
0.01002902066930336,0.009922266223416151,0,1
0.009768688704272433,0.010187520477401575,0,1
0.010359582283750658,0.009836860520828895,0,1
0.007593899821605113,0.009044678235485286,0,1
0.008968553610860176,0.009641461166591035,0,1
0.011337130095030604,0.00846894103429249,0,1
0.012496589050574259,0.00869664775586154,0,1
0.010016282428823036,0.013921080629128732,0,1
0.00997117822372693,0.011097984083421546,0,1
0.009961096408035696,0.011365263888710191,0,1
0.008631034517926926,0.00965406917342361,0,1
0.011396245105834507,0.010793154636722403,0,1
0.009644739821785805,0.010454759329190827,0,1
0.01029204987285598,0.010819421950851933,0,1
0.009438805613627026,0.01114670097090215,0,1
0.009310977797659678,0.010567683408005173,0,1
0.010893229651308777,0.009868033935796383,0,1
0.010832012867995157,0.009205663689532781,0,1
0.01093371115831088,0.008267393967597163,0,1
0.00927095515915586,0.010947192647034807,0,1
0.008483184444655498,0.010837933750466962,0,1
0.00818031696603916,0.00988309133044397,0,1
0.009961488659812211,0.010964606832120541,0,1
0.008302432131743616,0.013444274505710532,0,1
0.01036522967012675,0.010244527895055706,0,1
0.009828860351210967,0.009854484076242202,0,1
0.01154762299985469,0.009683501699096961,0,1
0.009547125515063667,0.01027854410787325,0,1
0.009735063083224495,0.00976080693722179,0,1
0.011805645379653066,0.009401176014071746,0,1
0.00943494117003102,0.009474433314317703,0,1
0.008303273368028512,0.01007798576308431,0,1
0.009648366931575527,0.010154756313434416,0,1
0.009113751376021226,0.010406227303204162,0,1
0.00925619141594983,0.01007469345412664,0,1
0.010024139082800396,0.009323727241835332,0,1
0.011107905451898522,0.009611467318254052,0,1
0.009816647605557338,0.009067538380018824,0,1
0.008899176726836521,0.008546138150400893,0,1
0.010263167494480802,0.00942748422671362,0,1
0.009926606297666667,0.010594610713963042,0,1
0.008709232313716267,0.010288363029608392,0,1
0.008696597316836386,0.008516495038097323,0,1
0.008814697689716931,0.010353437190186875,0,1
0.009484019940089523,0.010224120064897169,0,1
0.009942893691187867,0.011351616637804708,0,1
0.009360449853293464,0.00995070048492621,0,1
0.006294502052098077,0.009297567027688363,0,1
0.009201783571575634,0.009636762390142849,0,1
0.010414811443342838,0.009112437522003402,0,1
0.010356534004287918,0.012402752402359505,0,1
0.010407058404967681,0.009457056583531185,0,1
0.009855247809409853,0.010569119239243878,0,1
0.009169892808992684,0.010318251700082395,0,1
0.009826871575789878,0.010015198293645604,0,1
0.009349540787308654,0.010335294529995695,0,1
0.009905211091863948,0.010156500237722996,0,1
0.009706689672426484,0.010437336927811819,0,1
0.011075115539577775,0.009031151031413486,0,1
0.008959809508975262,0.008461148059580993,0,1
0.009564393898623397,0.009068761535779101,0,1
0.009939568521698383,0.009291093882275949,0,1
0.008442302087663923,0.009632214194693066,0,1
0.007749815565550833,0.00884193503064439,0,1
0.008988843206321345,0.00976982287901839,0,1
0.010070329168895251,0.009518206296873612,0,1
0.010753897755128495,0.011352426849444987,0,1
0.009020095359790441,0.00993771245985073,0,1
0.00968337921307909,0.008026403735763353,0,1
0.009778355284235226,0.009613504288751122,0,1
0.009179055598490657,0.009083605684402325,0,1
0.00957678463399996,0.009402520210150275,0,1
0.009116688716232347,0.01056558982307396,0,1
0.008360507925241843,0.011002768046058011,0,1
0.0117679645879714,0.009451638957762853,0,1
0.008998446608809383,0.009894315578851648,0,1
0.009986826326632359,0.009711273991572105,0,1
0.008939563295476176,0.009091211766646255,0,1
0.00983341587750653,0.009006314886620374,0,1
0.009389952302061572,0.00863233324219627,0,1
0.009510218407584968,0.00875297985345842,0,1
0.009881970874131299,0.010430849044213781,0,1
0.008514083757904464,0.010088546645390412,0,1
0.009289393868168587,0.010469900836567497,0,1
0.009834111348608393,0.009006001505231733,0,1
0.006763706171970091,0.01202831422248096,0,1
0.009559939478255267,0.008326775611777137,0,1
0.01074506184442331,0.010008406747948286,0,1
0.009194046890788411,0.009139079350305432,0,1
0.008646969461928545,0.00999043588824207,0,1
0.008351256814563987,0.012037729472199039,0,1
0.008894505843552027,0.00999641889357212,0,1
0.01010234036206022,0.010332037232523785,0,1
0.007739571500383937,0.009018842504975184,0,1
0.009930903999408186,0.009786546660668888,0,1
0.00968857969657611,0.009706515276904444,0,1
0.009711736044944758,0.008512125826141836,0,1
0.007647968725060345,0.007036749193769957,0,1
0.007146125879495356,0.01092915877466174,0,1
0.008177985690672306,0.011040774808626096,0,1
0.009179749388714048,0.009941274562847435,0,1
0.007436788325314416,0.009480435690845541,0,1
0.007533743173776315,0.008304817283492466,0,1
0.009648154762512297,0.010491906676215407,0,1
0.0096080659826447,0.009882594624227121,0,1
0.009151013015447866,0.009276486702880865,0,1
0.008446194937874749,0.009503996209922505,0,1
0.009172307902611757,0.008059662618144458,0,1
0.008895722853633275,0.009745604415651815,0,1
0.008730632397108373,0.008789205604292093,0,1
0.010917651797027224,0.011420259894162042,0,1
0.009014402452808856,0.009802144839688576,0,1
0.008876385136393364,0.009427902950118333,0,1
0.0088839183768276,0.011352365813741633,0,1
0.009045704343128886,0.008341303368331896,0,1
0.009119488252711909,0.006820872403998242,0,1
0.01057396284794164,0.010350063475853443,0,1
0.008229196799860637,0.008779407619244535,0,1
0.009102133036742326,0.009104688736592611,0,1
0.009854019143942308,0.007831088437531462,0,1
0.008468236422913953,0.00880495450565258,0,1
0.0060968533267363135,0.009737576546398721,0,1
0.008549653585955375,0.008757957617516507,0,1
0.008984376444214055,0.009178250903268136,0,1
0.007005427924443825,0.010798462072111308,0,1
0.008546655060037255,0.00858131419277915,0,1
0.008474093257795811,0.00945869729889791,0,1
0.008732823350444528,0.009787773415903096,0,1
0.0076467822391070054,0.010753600808124516,0,1
0.0077235154338480645,0.012267695954397086,0,1
0.009895728412332562,0.008028200537848954,0,1
0.008566802966756666,0.009643314332473974,0,1
0.008469332809812697,0.00956993624635479,0,1
0.008059934416642645,0.0057973383172648454,0,1
0.00838274132582241,0.00981221723513087,0,1
0.009981324335508223,0.009394175251896173,0,1
0.007992305858403367,0.010147939613848187,0,1
0.008547976610881256,0.009638341749519578,0,1
0.007888202082156388,0.009642661794906833,0,1
0.008967980751604222,0.009096576878370408,0,1
0.01131920746242967,0.00865554105027812,0,1
0.009118912833394164,0.007460613054894044,0,1
0.00822930592613406,0.00924144397078248,0,1
0.007302786480385947,0.009497399727940585,0,1
0.008487049998493595,0.008842316951292761,0,1
0.007834892700625415,0.0070207976757569995,0,1
0.010652544484517981,0.0072709092828376065,0,1
0.009371086272959234,0.012301278041949934,0,1
0.008020549761381647,0.011571509009859692,0,1
0.007991141541391297,0.009153489920030726,0,1
0.006269538815040108,0.011095443737392378,0,1
0.008142279467716016,0.00915859151431964,0,1
0.007999558774649945,0.007554334673339116,0,1
0.0074365514323490554,0.008771215702677618,0,1
0.007631295233047241,0.008983633196363808,0,1
0.01006532738510319,0.011712224177339723,0,1
0.008362870048178485,0.008338287154251917,0,1
0.008674072789490804,0.008458833427594807,0,1
0.008017882754878195,0.008855121033708087,0,1
0.00783220568633835,0.008722060507939798,0,1
0.007555415939696785,0.008369193666284823,0,1
0.009637313994967745,0.011606423822757228,0,1
0.009220344359385806,0.012161880223478699,0,1
0.009394863637702583,0.011169018368347659,0,1
0.009339185175683263,0.012098782959146863,0,1
0.009066893923283246,0.01114483266597334,0,1
0.007914901206482444,0.011403775195150017,0,1
0.008710573862059945,0.010062144405461009,0,1
0.009146592306888586,0.009495549199802361,0,1
0.01050320582077158,0.008545516210213419,0,1
0.008237353805597656,0.009967745919630209,0,1
0.008323506700094645,0.012492215062302962,0,1
0.008423590566975381,0.01011486219307391,0,1
0.008851384679040626,0.010930751808355047,0,1
0.008046840566266408,0.00876960518807177,0,1
0.007172488832479153,0.009219885963751106,0,1
0.007992262115817331,0.008363949130042774,0,1
0.00737911105833588,0.008210549250365322,0,1
0.010040468900095125,0.011548690930632594,0,1
0.0085673061152218,0.013252414628859616,0,1
0.008964912178918115,0.00956938367298878,0,1
0.010337092270657442,0.011148379279124647,0,1
0.00890953910730713,0.010010794518759036,0,1
0.008618713281144169,0.009240054717123195,0,1
0.008723142841177813,0.01062930439536028,0,1
0.008429961060204227,0.009390283944421856,0,1
0.007135227354157643,0.009680601780231541,0,1
0.008283224528511875,0.01071126597967536,0,1
0.00790701304225671,0.010686862406673544,0,1
0.008325712950515388,0.009870954735661136,0,1
0.008880928620370071,0.009612215198024803,0,1
0.009342937809071045,0.008015211716034391,0,1
0.00805340956191808,0.008043352727873767,0,1
0.010494717911927317,0.013060221251579943,0,1
0.00945451232099923,0.011654882465399264,0,1
0.008982009030632291,0.011576970660549935,0,1
0.009750475412028269,0.01142969476027384,0,1
0.006478951721483717,0.01014979037321221,0,1
0.009323492634943418,0.011479714653691492,0,1
0.012595193404747395,0.008567396504967514,0,1
0.010527007896225248,0.006676570666072831,0,1
0.00871477067927779,0.011530265742854486,0,1
0.00742140738533395,0.009648696911702939,0,1
0.008848259004562533,0.009712693125764936,0,1
0.008766745131160427,0.009499379078648859,0,1
0.007936240159150502,0.009744801569693593,0,1
0.006202315410377397,0.009789416219625861,0,1
0.007547511449387554,0.008700484577446333,0,1
0.009972813599907145,0.011812525625148335,0,1
0.008295819539032192,0.012576162708380025,0,1
0.008798262774421296,0.009889389254885113,0,1
0.008993396732717266,0.011164322298664094,0,1
0.010435325863614309,0.012074267626489313,0,1
0.009006646857381829,0.011872359420791788,0,1
0.008105565616417272,0.0104927869723144,0,1
0.008487657543917887,0.011733396941424203,0,1
0.008250278904527564,0.010538767171433079,0,1
0.007947432120169037,0.009159831705115784,0,1
0.008605435037880579,0.008214739640261428,0,1
0.007226915275743401,0.010331258136989175,0,1
0.008462734985564413,0.009673038086545306,0,1
0.00835670403735503,0.00894992186281754,0,1
0.007702362637555082,0.009602951787937802,0,1
0.00975372244252049,0.0133013459450311,0,1
0.010048909508175748,0.010055190077913232,0,1
0.009002206872477296,0.011750669668157434,0,1
0.008683992316970162,0.011207885694225914,0,1
0.0104205209351488,0.01132231041335329,0,1
0.007984687063062747,0.011743259969799177,0,1
0.008908317883554033,0.009759239456114626,0,1
0.011950605508829168,0.01160093613080703,0,1
0.009709020462122062,0.00985930523854362,0,1
0.0077840612850388026,0.010101885795321678,0,1
0.006843501227596616,0.011288217381855755,0,1
0.007197407925904965,0.008550985563045472,0,1
0.007873763271635253,0.009722777479903567,0,1
0.008188504555443864,0.009457814788981916,0,1
0.010287539615396505,0.010591758865118801,0,1
0.009275597159701207,0.011581410370525997,0,1
0.006264958764031793,0.009217561495974408,0,1
0.009031309362449395,0.011666588711296678,0,1
0.008341453065794965,0.011619824347080305,0,1
0.0071133500415888435,0.01018128690510112,0,1
0.008135282314897008,0.011526532237328925,0,1
0.008348642075188215,0.00949439600099698,0,1
0.008416953034353936,0.009798108724364485,0,1
0.007636957616798387,0.009487915327246054,0,1
0.007563647726517646,0.010980945095434097,0,1
0.007349142496679812,0.00977056186871002,0,1
0.008434382048303221,0.009473692360006206,0,1
0.008153149351860747,0.011410372987510542,0,1
0.010329874410419188,0.011483860976496339,0,1
0.009029349590950038,0.011251561949616355,0,1
0.009490974113795642,0.011941325588865528,0,1
0.007735743814585805,0.010949767188801286,0,1
0.009611417624877893,0.010583787222833598,0,1
0.010409657249292334,0.011729464020365279,0,1
0.009978951953979501,0.011488826533936548,0,1
0.008221452293431786,0.01102540220314413,0,1
0.007799743716077135,0.010709990133710432,0,1
0.007938649600147755,0.009939564085090868,0,1
0.007762509769597967,0.009172372931825074,0,1
0.008573333537234499,0.009074936877304313,0,1
0.007542089884172151,0.009395157810858038,0,1
0.00910384113930438,0.012883893813974654,0,1
0.009540033361505792,0.00924949429005762,0,1
0.008962919513028907,0.011919862998223445,0,1
0.008619669418371532,0.011247066884692155,0,1
0.008412312913054169,0.010901139833008597,0,1
0.0077569140207891405,0.012309611454718537,0,1
0.008689036723941525,0.011412186880799282,0,1
0.007757462036390262,0.009179124712234627,0,1
0.007513676105530183,0.010202875562872556,0,1
0.008074719409739138,0.010673546493488428,0,1
0.0077980531753290205,0.009976434689203745,0,1
0.0063499363352310205,0.010083336529882556,0,1
0.009173558094250231,0.012009407881437693,0,1
0.008396905663519564,0.015156294582297667,0,1
0.012333399905998148,0.013195079850470899,0,1
0.00909383201380241,0.010821347333689012,0,1
0.008619977569849191,0.011251606751757707,0,1
0.008243390957571596,0.01111335436445242,0,1
0.008565285690762812,0.011854269248313109,0,1
0.010440613828893917,0.010130807352316478,0,1
0.00955155382905679,0.010968122054140998,0,1
0.008075835489126278,0.008479874981880074,0,1
0.0076753601029775605,0.010064799139948425,0,1
0.00835247270464689,0.010474567986063561,0,1
0.00854091764701874,0.011997233699304945,0,1
0.00877732435132292,0.011748529754238676,0,1
0.006865965206541992,0.01372084142264627,0,1
0.00883946354904706,0.012910495404651313,0,1
0.008847433745995134,0.010080121497081913,0,1
0.00834143260659195,0.011680862587120526,0,1
0.008446979573353785,0.01037409489056527,0,1
0.007570255954038804,0.011691249790746764,0,1
0.007179303029714728,0.009503540150638572,0,1
0.00772042125289995,0.010627122987613341,0,1
0.007549749985416016,0.010071284675224437,0,1
0.006938478666259075,0.010132861774411257,0,1
0.007179955076034696,0.009119794545923723,0,1
0.00990261082717134,0.012235919050391515,0,1
0.009367789567631681,0.01017683174652468,0,1
0.007699407299117796,0.011466916528761245,0,1
0.0050073690755441,0.011134925538530344,0,1
0.008186757357242305,0.010967030695367476,0,1
0.008163983895807168,0.012486287718887988,0,1
0.007455997918199471,0.011181921023721885,0,1
0.007963058140869405,0.00959763452257859,0,1
0.008003973578200475,0.009205748509986095,0,1
0.0097520017618358,0.010838453403640806,0,1
0.007015798305647077,0.009208497271455854,0,1
0.00991071565155625,0.011498669662158309,0,1
0.008788846321086891,0.012137021192274115,0,1
0.009205606116870588,0.011149584998785775,0,1
0.011347496336701082,0.009263879302688955,0,1
0.007352157761656715,0.011117535261484679,0,1
0.008210914233020122,0.011155696307335832,0,1
0.007887646147203631,0.011239319943787652,0,1
0.008148443256318975,0.011426304328790441,0,1
0.008218789023380337,0.010914530040040414,0,1
0.00696488558725629,0.009540222951198302,0,1
0.0082479041986185,0.009475795732321188,0,1
0.00958226603127541,0.0110161847441197,0,1
0.007895237625879075,0.01084753305688984,0,1
0.010429848893836127,0.010694118935380886,0,1
0.0093989380299962,0.009680393434186883,0,1
0.008213938587685253,0.011368947241803876,0,1
0.006793672311708834,0.012754845430152742,0,1
0.007064727681992576,0.0093183967389889,0,1
0.007521855353364025,0.010833418126921122,0,1
0.00669954638250882,0.010166587699431864,0,1
0.007353130723045662,0.01089522298337134,0,1
0.005803274323146176,0.010417492637033643,0,1
0.008489298239282307,0.013418250735072435,0,1
0.007846195707699302,0.012631636304192582,0,1
0.008625278462270333,0.01316458956767512,0,1
0.008311752799831545,0.011284211352640508,0,1
0.007261257793584805,0.009887454121592181,0,1
0.008800655201796003,0.010816985747206355,0,1
0.007332759887767639,0.010964171870750957,0,1
0.006950643092446616,0.01100981446520426,0,1
0.0075629851351892196,0.010833334438809092,0,1
0.008725254011176162,0.010156716224131172,0,1
0.007932385154202836,0.012435856028175095,0,1
0.008457806054362752,0.01188840586774338,0,1
0.009082160856391694,0.011715446562887793,0,1
0.007895823816848604,0.011277351352552816,0,1
0.008232881588413215,0.010560097662082754,0,1
0.00850608389974663,0.011716271033063866,0,1
0.007737791425065486,0.011143526897318614,0,1
0.008296365311149918,0.011474247413744833,0,1
0.007684287253217897,0.010554608702605463,0,1
0.007526580874159196,0.013243513843185532,0,1
0.008336814936624462,0.01079303737770061,0,1
0.008289266073923223,0.010877355027777744,0,1
0.007977324852939829,0.01247365294189788,0,1
0.009329519373982227,0.009052533187671219,0,1
0.0076248370444665465,0.010509542262933247,0,1
0.009621468949084382,0.008542704485702305,0,1
0.0075892935429481174,0.01098693648229805,0,1
0.007360464643734985,0.01081606640314188,0,1
0.007388993273261951,0.01046319842892876,0,1
0.00842864318023629,0.014589070638287389,0,1
0.00821082601106514,0.013368533665810157,0,1
0.007297248371444551,0.012443870698993923,0,1
0.00692765345128519,0.010984838597831512,0,1
0.0072633102526311385,0.01124773746810372,0,1
0.007512005505928714,0.011219925906913779,0,1
0.00904036789565424,0.011015330225896486,0,1
0.007161816574671334,0.011098531044764392,0,1
0.006604964824673477,0.010429531315363375,0,1
0.007444261996261427,0.015108744647636611,0,1
0.009605779551494123,0.011115686090613136,0,1
0.008084563022006514,0.01182990434268786,0,1
0.00797343615944186,0.012143238958794421,0,1
0.007604148807633549,0.011309454658050945,0,1
0.0075598926888316,0.011019469252484768,0,1
0.005806298851077076,0.011021416544092746,0,1
0.007232348429398531,0.010599306937592881,0,1
0.010235538614877209,0.01032208500189753,0,1
0.008136036436094032,0.011979329520601779,0,1
0.009006237159141025,0.010827091355961256,0,1
0.007863520118609094,0.012508342417013447,0,1
0.006827670691138719,0.010015322513534972,0,1
0.008361342448312515,0.010097479625162154,0,1
0.007900136215983108,0.010362469161478198,0,1
0.0073661041596639835,0.010612195930579948,0,1
0.007860162547713025,0.011812860231000828,0,1
0.006975631114543644,0.012263123255590805,0,1
0.008390430708665115,0.01263093415965716,0,1
0.01057964877146093,0.009410576538552491,0,1
0.008198442487697178,0.010834251750783988,0,1
0.006479223818780097,0.01125187774008546,0,1
0.006252317038428943,0.011186453963684215,0,1
0.009085086218169558,0.013437551548778919,0,1
0.008675261628127512,0.0124451410767258,0,1
0.00814194391053177,0.012335241248037903,0,1
0.00787031552180214,0.011952814201659294,0,1
0.008011391027547405,0.011908890177263697,0,1
0.007128713672596223,0.011616971835707725,0,1
0.004202476815513164,0.00983150035440486,0,1
0.007779723608428397,0.01295121943413308,0,1
0.008554045422135064,0.012872907089918745,0,1
0.00728948830163434,0.009897856160238328,0,1
0.007485358828459618,0.012251720330179195,0,1
0.008616917592045692,0.011189614270581292,0,1
0.00768395541333706,0.011589114760569497,0,1
0.007843012626996467,0.013816594228732633,0,1
0.0073292631393498285,0.012378822692568733,0,1
0.007661575025795372,0.01095259189547867,0,1
0.008226130194886678,0.013447938251905992,0,1
0.007814867914081182,0.010712526100021024,0,1
0.006959795156923057,0.011591335872037775,0,1
0.007003396378795382,0.011263380084016915,0,1
0.008633718066274111,0.01159961145645407,0,1
0.007627930134149403,0.013358195038955613,0,1
0.00764283150158731,0.01213766905712417,0,1
0.006730232014024142,0.011605146010522545,0,1
0.007447103570783523,0.0128023941864844,0,1
0.007725046911395564,0.012622382450241536,0,1
0.007210630685494587,0.012409343326701272,0,1
0.008695663739186406,0.011855729057539994,0,1
0.006704163454468596,0.013207626735542728,0,1
0.008276093878301258,0.012086476180783129,0,1
0.006929118860509897,0.011748658092240277,0,1
0.00814999274486201,0.011568476537821141,0,1
0.007542330943783091,0.012099323176116544,0,1
0.006947639059289011,0.0116962827988636,0,1
0.0072355823952735925,0.012013454471432478,0,1
0.007634906978936119,0.013092270197039912,0,1
0.007586916409938256,0.012419034201187574,0,1
0.004574386412362549,0.01203378560628536,0,1
0.00795634637990151,0.011129627069214049,0,1
0.005573756621290616,0.012544262159202586,0,1
0.0073946627827318695,0.013518650514839815,0,1
0.0074760928293128555,0.01237874733263189,0,1
0.00606690216030209,0.011271564641037837,0,1
0.007281224282743669,0.01395364045799154,0,1
0.007478390873454427,0.012515406713515028,0,1
0.008522203366852901,0.01345467412329109,0,1
0.007100059656165011,0.012156136611624471,0,1
0.0071171363338115275,0.012123842642656566,0,1
0.003863582070624966,0.013508436122465354,0,1
0.004015042765042038,0.013443246655862176,0,1
0.007297059103517554,0.01257711054713749,0,1
0.003736973883102579,0.011333619120159198,0,1
0.006683711351007551,0.01242763145883746,0,1
0.008343751318494687,0.013105444192252154,0,1
0.008659164870448493,0.014129036611082774,0,1
0.00574719183695691,0.012962107421420432,0,1
0.006948259494479306,0.012692685943148058,0,1
0.010120472066405537,0.006615058492679269,0,1
0.014330164907384183,0.005224727563572374,0,1
0.013792997632469476,0.00633823525473941,0,1
0.013471107687135882,0.005354153324988869,0,1
0.014113327438415669,0.0061855602549860025,0,1
0.015792563224165945,0.0073021284556711915,0,1
0.013049781268400194,0.007067191482821056,0,1
0.013034471491229334,0.006115852762473841,0,1
0.013767748620034942,0.005497943718333685,0,1
0.01181873144235359,0.0040343363600583845,0,1
0.012828181013948092,0.003952992033917161,0,1
0.01520455437924359,0.006446208296766787,0,1
0.013792682634620114,0.0011125528106982496,0,1
0.0140019653941293,0.004496966786817509,0,1
0.013478409795177783,0.005010663161124259,0,1
0.013654890973588131,0.005771439246155187,0,1
0.013210140678803398,0.007241997518050706,0,1
0.012601190465819999,0.006407502112177627,0,1
0.014752233578777463,0.005601965888042549,0,1
0.013444703876278058,0.0062586706129673965,0,1
0.013821846455977057,0.006462015063251941,0,1
0.015643968473600348,0.006200780252227111,0,1
0.012543889005122922,0.006284353081775645,0,1
0.013689372900980315,0.0056589358693965785,0,1
0.013826712028462558,0.0051972328962773765,0,1
0.013226880545901758,0.0011165273934420016,0,1
0.01422514811588416,0.005348237250500174,0,1
0.01487314416944607,0.004599765141745641,0,1
0.012368725672893485,0.0016444591461837266,0,1
0.0140957382358661,0.003207581118665037,0,1
0.013556169113200896,0.005327978621980765,0,1
0.013307028960357367,0.006399513336161207,0,1
0.012220378512534172,0.006414576754993603,0,1
0.014892513407401092,0.009328981194987861,0,1
0.01200984930222276,0.005400131237608916,0,1
0.0134443017275386,0.005421697414817074,0,1
0.011985137308625233,0.0060437994522701275,0,1
0.013723553318190385,0.005680657855665385,0,1
0.010866018967534752,0.004513159583984381,0,1
0.01378518236042606,0.005859272081821192,0,1
0.0134335864285648,0.0045813099463602215,0,1
0.014573061027990658,0.003933973542769284,0,1
0.015836976684235556,0.006005110422631006,0,1
0.013343814249422822,0.003129557179519037,0,1
0.012754247915499442,0.006147451128897225,0,1
0.013399202614111897,0.0062655239038550675,0,1
0.014151469464868229,0.009052318218978226,0,1
0.012843104365050725,0.006219835154867715,0,1
0.015948602973386766,0.006708111712027842,0,1
0.014313604681282503,0.006638711538251949,0,1
0.011922229870918972,0.005268839114905205,0,1
0.01348063948950769,0.005374196625850834,0,1
0.014161449439798005,0.0059818393194978735,0,1
0.014864958228953467,0.006006938479665789,0,1
0.014332681960303885,0.005114951251382598,0,1
0.013656239696246157,0.0045718388787535395,0,1
0.014135639120022499,0.00524214974704888,0,1
0.012153051426064371,0.006202593805383318,0,1
0.010118265808134656,0.005197982774635229,0,1
0.011571466511761858,0.006460844728224137,0,1
0.013494221680486055,0.004992340218417431,0,1
0.010971993895385238,0.005903955404707323,0,1
0.01260189838382447,0.00613609373034431,0,1
0.013244204092882694,0.0051995254197473315,0,1
0.013311757907258522,0.0061083274011873405,0,1
0.012709560806285273,0.004885606040354528,0,1
0.014039517093808707,0.005568886543531166,0,1
0.013341251241922106,0.00477373192592106,0,1
0.0125741214536511,0.00440889873082719,0,1
0.014215812493055199,0.004363850355204371,0,1
0.013249463347391919,0.006688246707810222,0,1
0.012832597022609755,0.006492639723962836,0,1
0.012993755411618398,0.006069943546883717,0,1
0.013193246915607686,0.004774606736544112,0,1
0.013764649271376802,0.006251607717766135,0,1
0.013525150556842608,0.005316256536353608,0,1
0.016491368915896094,0.005210210448238888,0,1
0.013575155779462096,0.0043735886898257584,0,1
0.015308801286695647,0.006928134779294466,0,1
0.0102709518040242,0.007114103579734257,0,1
0.013001482141940792,0.004505959576118627,0,1
0.01370281113652483,0.004329220252732136,0,1
0.012647024123544329,0.006082286043468326,0,1
0.014224503771343964,0.006020005935827313,0,1
0.01300539530754404,0.006654776001447668,0,1
0.012564049364896537,0.005838389014555663,0,1
0.013194636605445639,0.005808684441942552,0,1
0.010227510114757046,0.006564942352159944,0,1
0.012930029399312646,0.005577916784244272,0,1
0.012585434386621856,0.004749679260286358,0,1
0.012640206662121988,0.005267009584808032,0,1
0.013091429900979256,0.006129311705207449,0,1
0.013506157458964668,0.004699043124524407,0,1
0.013141156824932065,0.005026538004254559,0,1
0.013255832548807826,0.005973023310345382,0,1
0.012292010521815142,0.008116771683675687,0,1
0.01290286338120769,0.0061049623449863704,0,1
0.013272890963673203,0.006506983272502893,0,1
0.012712925840193198,0.005643599857719896,0,1
0.015094724580695175,0.00794492172686609,0,1
0.01245073224403932,0.0069882286560114205,0,1
0.01359889708468488,0.007018688899687455,0,1
0.0132537878579504,0.004269599543508334,0,1
0.012126032517718108,0.00206110869408728,0,1
0.013208487028567797,0.004763385418896432,0,1
0.012882152907348843,0.006249741337386252,0,1
0.013517919299325548,0.006984925387637212,0,1
0.012289957428400123,0.0063975277733182385,0,1
0.013801900455561322,0.005323905954930721,0,1
0.00996280030918357,0.0050332848277829,0,1
0.01270270584479555,0.006113936348121294,0,1
0.01204892955679249,0.006098835575753353,0,1
0.012538825725715814,0.006087759111211,0,1
0.0133463430170904,0.005285519158872935,0,1
0.013445240356536575,0.0047464544624962425,0,1
0.011781809270436313,0.006155979575664291,0,1
0.01269795289885557,0.0034812208055036544,0,1
0.010413307266960867,0.0071397535834261585,0,1
0.013319849565739212,0.006315215080172968,0,1
0.01298605508638563,0.005666351579086883,0,1
0.012617013474074274,0.005591557666250378,0,1
0.012476445336778545,0.005103922037194886,0,1
0.012410168972229001,0.004557775985792936,0,1
0.01302843088466553,0.0046281114001379305,0,1
0.012873981037764758,0.005474640255917412,0,1
0.015148842898679866,0.003653500794107695,0,1
0.012412442524041502,0.005178574545369266,0,1
0.012006488365458173,0.006395351409361905,0,1
0.013662742493893106,0.008046254752895441,0,1
0.011279543306357543,0.006574420003212122,0,1
0.012543404859570294,0.00690704298145931,0,1
0.01300958863050487,0.005641950802417175,0,1
0.011540148513808515,0.0033727860331526282,0,1
0.013136334599780985,0.005281809084655639,0,1
0.012883134234570081,0.005154152785678437,0,1
0.013264376292803024,0.005886417214227701,0,1
0.01255819013233877,0.004427117831114758,0,1
0.012831016944075952,0.006033330159709574,0,1
0.012480255462139262,0.005930567289244543,0,1
0.011490048569937674,0.006046030776802699,0,1
0.013145631841960482,0.004447435622599493,0,1
0.0118136443157729,0.006342920395215145,0,1
0.012524054853755599,0.0054656273893308955,0,1
0.012599422967361532,0.005161511953215628,0,1
0.015939318830448666,0.005947590492716734,0,1
0.012817962174644317,0.003948738503668151,0,1
0.013083597181395396,0.004557995753777796,0,1
0.01218967598652499,0.0061113807962805125,0,1
0.012504352345398135,0.006173964476114555,0,1
0.012376111225394948,0.005721573717573124,0,1
0.012830334725692201,0.005277200426147284,0,1
0.011320438699732868,0.005877655743142783,0,1
0.013749049816342219,0.0037643985561554567,0,1
0.012205096068271673,0.007057705296223495,0,1
0.013102791609444102,0.003764767367290412,0,1
0.012660948153815339,0.004603266088450842,0,1
0.00849894387371309,0.005084696432748037,0,1
0.011254853485667841,0.005987652739497292,0,1
0.015852455196145136,0.005337317437048234,0,1
0.011704688292140716,0.004754257743377595,0,1
0.012751975395993067,0.006050240573835165,0,1
0.013098472978513,0.0044479464557313185,0,1
0.010886497215653473,0.0053328815798219485,0,1
0.011068205389834149,0.005031382536982611,0,1
0.012872345114464012,0.005943618347671215,0,1
0.012114572899534633,0.0065396464190400185,0,1
0.012708683207966653,0.003890452525428351,0,1
0.01173676043120763,0.007067048441770251,0,1
0.012343415410284433,0.005081974234932319,0,1
0.013767427398327302,0.002931097818605643,0,1
0.012400548726814804,0.0066992020051304755,0,1
0.012204398968889993,0.004617792212511435,0,1
0.011754039391489463,0.005527496931641636,0,1
0.014402950123498603,0.008092661575816326,0,1
0.011959349536925134,0.00721734959302171,0,1
0.011980158190472105,0.005660021120506928,0,1
0.012130747825295626,0.005472868788727183,0,1
0.011858408249305232,0.003724414434909431,0,1
0.01345182722287555,0.005349525138604172,0,1
0.013490452014758502,0.005255927012489862,0,1
0.012308878283945196,0.005809245014694891,0,1
0.015113710055430232,0.005700488563715969,0,1
0.013500750223261537,0.006171217980861591,0,1
0.012335037994925588,0.006652927131236194,0,1
0.014038858717462528,0.0028473526523822112,0,1
0.012300616232714088,0.006091993942768605,0,1
0.012124423402974953,0.005113530842819476,0,1
0.01240470165646747,0.004834322643902705,0,1
0.011378201650523148,0.006640381097508888,0,1
0.011864459694247965,0.003090465368054669,0,1
0.012201523401638378,0.004732012832886166,0,1
0.011137451429746615,0.005694762623370131,0,1
0.012002892361557015,0.0054354488173736755,0,1
0.011949179278728884,0.005008471041602161,0,1
0.012245024566532918,0.005104919772744816,0,1
0.01186023746808335,0.006364938243829983,0,1
0.011611951183057087,0.004176999158148932,0,1
0.011255854580569234,0.00637277820502335,0,1
0.011996858186995866,0.004971327219447021,0,1
0.012285905020879636,0.005285200051319374,0,1
0.0127524827078894,0.0039941155068107205,0,1
0.009083148884696801,0.005334717642552031,0,1
0.010203453792980023,0.003263824955755912,0,1
0.011731275323634147,0.005294546884737864,0,1
0.011435152082939746,0.00476670743536247,0,1
0.01130559559918593,0.004989979115146014,0,1
0.0116294347352117,0.004606979667715898,0,1
0.011619244349040889,0.005390392119400072,0,1
0.011467131435239659,0.005552214163485839,0,1
0.01155030763286501,0.005527579587567506,0,1
0.010835783959850178,0.007128306000040976,0,1
0.011789070910567837,0.0049148586287938185,0,1
0.010996246714680937,0.006524507820250838,0,1
0.010994387044667236,0.006671573306458015,0,1
0.011560202881379138,0.00524939859382891,0,1
0.011325831538418304,0.0054241577824627706,0,1
0.010861198735799124,0.005285051990784651,0,1
0.011096073356919206,0.0055725693543155885,0,1
0.009727134253767316,0.0051396304837167065,0,1
0.011420504902737078,0.005349589296222498,0,1
0.011389522167786943,0.004805857404144602,0,1
0.011547760205340074,0.004065162025132366,0,1
0.010618401850647503,0.004996976336295967,0,1
0.011483127376650392,0.005127157815134315,0,1
0.011362553690064654,0.004676927286668925,0,1
0.012086803767263917,0.004870966323888357,0,1
0.011227474194194937,0.005450821968123274,0,1
0.010043794357613132,0.004705486586072535,0,1
0.011172835277583336,0.005406142280927249,0,1
0.010889408167384807,0.006022016829033532,0,1
0.010216444294413665,0.005735118622491019,0,1
0.011995481473216154,0.00648509328451684,0,1
0.011926483083884463,0.003847498148686787,0,1
0.010966543077723512,0.005199113262379511,0,1
0.010320530211948595,0.00657415638994354,0,1
0.012198197367341318,0.0075182074956839946,0,1
0.011885419004631635,0.003972918154696231,0,1
0.010622957407717492,0.005416774038318862,0,1
0.011095168264643981,0.005071645590951055,0,1
0.010851000272724304,0.0053624972433607525,0,1
0.011853390659145861,0.004147321227843815,0,1
0.013305532592171224,0.007046032857481488,0,1
0.01327319393083384,0.006796284184491027,0,1
0.013283931908342218,0.008030270500974802,0,1
0.012549820290004484,0.006366008228866832,0,1
0.011941482340386524,0.005975148472134694,0,1
0.0129830773103611,0.0064058644548257125,0,1
0.012077973831846316,0.0054510222455626915,0,1
0.012903565581138024,0.006008729347153604,0,1
0.012438828209217689,0.008275477537490876,0,1
0.0117091027100892,0.0061009300678966675,0,1
0.01219109625003634,0.005239960336576531,0,1
0.01083393786691646,0.007351363996008445,0,1
0.01126952272775956,0.005781882062406124,0,1
0.010802997393920679,0.005477459561845076,0,1
0.011979506351634564,0.0055061612776619315,0,1
0.012438378363523081,0.005299075792625142,0,1
0.013444032490082872,0.006954316594637504,0,1
0.013032338001140549,0.006761512830248956,0,1
0.012965568195887957,0.007051729980331188,0,1
0.0138318068313023,0.006999538739454676,0,1
0.012608615535468184,0.006336630798094337,0,1
0.012638869273345349,0.005153324171666773,0,1
0.011995462190355225,0.00638090519122802,0,1
0.011832941966698991,0.005775606411987824,0,1
0.011825457363962314,0.00713478346550382,0,1
0.011665489951322112,0.006129773070647705,0,1
0.011460436376360773,0.005134079073215308,0,1
0.011919116938597839,0.0060948641332716534,0,1
0.011072190166560537,0.0058048064001888335,0,1
0.008681839084606319,0.0064087115554198985,0,1
0.010136770733423653,0.006243780561973618,0,1
0.013613297249107573,0.007063638844212425,0,1
0.012504911104542837,0.0061906895532776686,0,1
0.014450233616173902,0.005408214499844352,0,1
0.0122110144329339,0.006152001347521448,0,1
0.013205213151619235,0.006573646399813431,0,1
0.012299200206128756,0.006285229146901969,0,1
0.01165520576582092,0.005880490875271164,0,1
0.01475561536390653,0.005951206629350015,0,1
0.008562010247284705,0.0060905392038548955,0,1
0.010947505728018102,0.005425622301160391,0,1
0.012019237384445351,0.006286442789180283,0,1
0.011081582981088271,0.005244009731282182,0,1
0.01319155531375264,0.008751180848040436,0,1
0.011512486114416971,0.006762781543947913,0,1
0.010231644941607951,0.005787608204110551,0,1
0.010206802676417215,0.006197493226966026,0,1
0.015481939938326885,0.005908744534429318,0,1
0.01051130132308346,0.007659845803296405,0,1
0.01292068969714736,0.00683542921248142,0,1
0.011943171189004948,0.007642713051960658,0,1
0.012796468475901657,0.005488037655578851,0,1
0.012925947381363987,0.005277198571443553,0,1
0.012102436464438678,0.007255804272386962,0,1
0.011633331264558115,0.006755651663320015,0,1
0.012427531882807338,0.005620526010043745,0,1
0.011390027403121,0.00653990598146734,0,1
0.011276029247363132,0.0076825879334612305,0,1
0.010976384321659132,0.005831292164560589,0,1
0.010895853915942317,0.005824797173017493,0,1
0.01181104132592086,0.008258991367593728,0,1
0.010648949513661632,0.005307808141846665,0,1
0.013415960263631248,0.006662202718724949,0,1
0.01247126180866641,0.007416254953559003,0,1
0.012450826937733504,0.006053473248335703,0,1
0.01326196661882417,0.008508525725586894,0,1
0.013098192377786156,0.005972160436008691,0,1
0.011029350592994765,0.006913776315974669,0,1
0.014239348833060649,0.004809339714736657,0,1
0.011818268025606616,0.005822912842609578,0,1
0.011724085309023503,0.0067454806277506725,0,1
0.012738322020335376,0.006168983426623846,0,1
0.0116404109543689,0.005956600378994236,0,1
0.010371930551537031,0.005826058878407739,0,1
0.0107374161118783,0.005459054238357186,0,1
0.011182969420581937,0.006263297607195606,0,1
0.013203878820103787,0.007909619757862175,0,1
0.015091680746383633,0.006596057757814231,0,1
0.01036585834530721,0.004826822373011414,0,1
0.012798979088067923,0.00395925702031241,0,1
0.013074215533882978,0.007120370337081885,0,1
0.012675430021194133,0.006477616944518365,0,1
0.011081148587688258,0.005207807722944474,0,1
0.01309613407706056,0.005940783685044271,0,1
0.011405132687805832,0.0056581633941102175,0,1
0.01188443839378995,0.006774757277852004,0,1
0.012550622581646851,0.0075990895984985145,0,1
0.012389304008149717,0.005989841161918395,0,1
0.010398839905657088,0.008162407354743365,0,1
0.01006349582139796,0.0043984881403570835,0,1
0.01609657167739232,0.007282648616521474,0,1
0.011722161673716763,0.005792945467811701,0,1
0.011777264948004669,0.007897478246838391,0,1
0.012270137107433582,0.00676064563443918,0,1
0.012848559207355906,0.006709485311962354,0,1
0.011877376808312183,0.006872757375579731,0,1
0.009889127365510812,0.004294187134964472,0,1
0.01096295721303705,0.007357733075838668,0,1
0.011498744853716316,0.006387760615017092,0,1
0.011211144456946001,0.006551698338854049,0,1
0.009841635873820228,0.006464025362747508,0,1
0.010010268031388844,0.006097720993848805,0,1
0.011096197265142662,0.005305444286115903,0,1
0.01286635659921045,0.008236574197120603,0,1
0.012710058326486955,0.006668158779621185,0,1
0.012865997857930083,0.00651902500673084,0,1
0.011282167071355374,0.00767851120366645,0,1
0.012239945818180015,0.0070703244094247105,0,1
0.01201173765596208,0.006768435606614874,0,1
0.01224385339235103,0.006132528993458929,0,1
0.014448783630945912,0.00792750448317187,0,1
0.011334830362515909,0.00848092308388585,0,1
0.01162041521977651,0.0071968315900538425,0,1
0.0110303815667528,0.006659003230206687,0,1
0.011051457112179445,0.0062521033078099825,0,1
0.012722642553604344,0.004538828397151519,0,1
0.014405467530911736,0.006215590335310893,0,1
0.009903758907001235,0.007810975983244534,0,1
0.013401724986154306,0.008201605742362532,0,1
0.01188241259592536,0.007892648791018036,0,1
0.01222329733665802,0.007136361336230425,0,1
0.012703767750016769,0.006688376787642246,0,1
0.011640166736872366,0.007799532328807273,0,1
0.011840942747947796,0.006676413416107362,0,1
0.01090075426947725,0.006756496795406018,0,1
0.009146265615029455,0.006155154817656879,0,1
0.010316865429910175,0.007238438927721661,0,1
0.010128421682208344,0.005109439357016496,0,1
0.012559334857839298,0.006931321286694504,0,1
0.012668362897965791,0.007091476202784174,0,1
0.012855651114376771,0.008083478356843143,0,1
0.012542470279072475,0.0070191206115398875,0,1
0.013190838220536646,0.008352699677826508,0,1
0.01205030430361827,0.007121587068987929,0,1
0.01242152651660804,0.006561788258823456,0,1
0.01029465761810085,0.0069624083722865234,0,1
0.011316603867401753,0.00658853080234415,0,1
0.012818119453739861,0.007690456254632273,0,1
0.01153035263087719,0.006766267159681876,0,1
0.010340234145577987,0.006025868996929221,0,1
0.012116016017708382,0.009042320664399464,0,1
0.01225967744687281,0.006858639736231706,0,1
0.013023610833116024,0.006108691080516612,0,1
0.012096101244931955,0.00751112865761871,0,1
0.011819250250802065,0.007164232091871731,0,1
0.009506173836273758,0.00789318336715807,0,1
0.011535789145535203,0.007134567913057498,0,1
0.011336739870088517,0.0064457187104219145,0,1
0.010010208607344855,0.008901489737216748,0,1
0.011099964386311492,0.008108187568066989,0,1
0.011025865651981822,0.006868226470328812,0,1
0.013450229617701929,0.00410859076933511,0,1
0.012670363239621422,0.007475857205624868,0,1
0.010841481338234864,0.007503159463708642,0,1
0.011826724083320434,0.007406698036594011,0,1
0.011933119873164515,0.007233241143012416,0,1
0.01166831473577919,0.0072887003419410306,0,1
0.010856560650948454,0.007819313655693862,0,1
0.011602021672148691,0.007147250757739052,0,1
0.011559943351229335,0.008855477393235013,0,1
0.011184295310518766,0.005892060031874018,0,1
0.010787628584935625,0.007163390933383771,0,1
0.013315313490667152,0.00925086743666127,0,1
0.011920626670992541,0.0080097952272561,0,1
0.012079120345412503,0.00787727608373902,0,1
0.013560252686245621,0.007863614693803343,0,1
0.012370163090202413,0.00803453185560296,0,1
0.01210119493162822,0.00939671826093783,0,1
0.013708159324311981,0.006013109565228934,0,1
0.011364186104281368,0.007494634097590773,0,1
0.011181559965153397,0.006682959749486788,0,1
0.01111081056772868,0.005786184653658187,0,1
0.011693047053080467,0.00569710072694865,0,1
0.012621010709489438,0.007737087971112916,0,1
0.01205242280080827,0.008154408020489097,0,1
0.011917694986541128,0.008363507270645916,0,1
0.011616033431290784,0.006997770989416944,0,1
0.012120147307912294,0.00785448160633936,0,1
0.011727354074733203,0.008336861556659868,0,1
0.011403568105129833,0.007303882253339651,0,1
0.010677760894360329,0.007208349946772729,0,1
0.01128681855703369,0.00613209302538084,0,1
0.011363759423212112,0.0068470905530630295,0,1
0.01326321497387284,0.007913392784342844,0,1
0.013683938776072019,0.0075941646170528095,0,1
0.011624961310789397,0.00833245173920086,0,1
0.012242471858815735,0.007558341874921329,0,1
0.011678134389132382,0.007067492801492394,0,1
0.011644765144799793,0.008107871167109234,0,1
0.01078839876939773,0.005903457231034776,0,1
0.01236587778051406,0.005529473970204853,0,1
0.010435994214715524,0.006404385438366696,0,1
0.013646341153694579,0.007238108491855365,0,1
0.012460080658020529,0.008068870461381439,0,1
0.011815882487349574,0.0078049942876411964,0,1
0.011195589598114652,0.00788793099200772,0,1
0.010959261218720203,0.007000903858901432,0,1
0.011560431791242682,0.007457057278782209,0,1
0.011574694550519658,0.006776124019165939,0,1
0.011713834279427168,0.007241107878482779,0,1
0.01095524624794594,0.007384830185165739,0,1
0.011625665713161934,0.005388466144750577,0,1
0.014949948614681898,0.008531595581713881,0,1
0.012487917296149504,0.00811160357598894,0,1
0.011949779675971705,0.007642567287932198,0,1
0.012474004968569935,0.006747646666636964,0,1
0.012647085107075455,0.00798099603969056,0,1
0.010984400895539098,0.007397438965408605,0,1
0.010955790394586832,0.007527033541269197,0,1
0.011070065660194552,0.007307539079384111,0,1
0.012738581260597731,0.00894402422684831,0,1
0.01222068875915374,0.009413098816874152,0,1
0.011869626660798285,0.007927578727354185,0,1
0.01150749201073918,0.007820247551930906,0,1
0.011455583609580253,0.007466139507321168,0,1
0.0102010452301161,0.00679567863969029,0,1
0.010778136815353483,0.00755631053865769,0,1
0.0128162928722534,0.0077843218801083285,0,1
0.011420399302043145,0.007399938940275379,0,1
0.011879912742045627,0.008068707098722639,0,1
0.011881395900082723,0.008016492320371417,0,1
0.012336378630825439,0.007034103927388468,0,1
0.011376524632942487,0.00800918335560282,0,1
0.01111176164347526,0.007668471838550568,0,1
0.010867637683633607,0.007221527393708771,0,1
0.013536866612765128,0.008052798342489552,0,1
0.008885259636184977,0.007545428760766281,0,1
0.013065451137808201,0.007383566933310201,0,1
0.01142251428468848,0.01021641557948497,0,1
0.010312989293171771,0.008459957054010182,0,1
0.014286711999915337,0.005421435260976122,0,1
0.011085870921183948,0.007680514166799133,0,1
0.012777352639896461,0.008090718804219073,0,1
0.015252683188096092,0.008391090569903968,0,1
0.012018354103836233,0.007544532813340273,0,1
0.007932047775887442,0.008405573615070562,0,1
0.011785810575510815,0.008060137448631082,0,1
0.011896051324110453,0.007558306559220782,0,1
0.011149598267270454,0.00838216758774499,0,1
0.011735739859602804,0.008046539050760849,0,1
0.011333723930431786,0.00865340405894836,0,1
0.01153896977383711,0.008613776801002306,0,1
0.012187876639048715,0.005130117920148208,0,1
0.010582567478799723,0.008473896574805191,0,1
0.012345825066278932,0.006989385672560496,0,1
0.012222510272409733,0.009024178551613823,0,1
0.011825735715093379,0.008792296259479313,0,1
0.010948215881167348,0.011406997480583242,0,1
0.013760394534065658,0.007993606424549686,0,1
0.011080085592100684,0.007634401244367034,0,1
0.012553002356564329,0.00831878379415963,0,1
0.0115971748924623,0.008398669520500874,0,1
0.014008339057431547,0.009574949219993089,0,1
0.011396302094711546,0.00854256455874639,0,1
0.01057310396920518,0.008005432377333978,0,1
0.012649790485385285,0.008775128994899075,0,1
0.010622321455181312,0.011131149845712299,0,1
0.011592319678769145,0.007890095139570294,0,1
0.011683820688466198,0.008237153311612077,0,1
0.01105103725729415,0.006996021607847847,0,1
0.011740564650053908,0.00866913429598445,0,1
0.01114162919210762,0.008593348980522445,0,1
0.01159974475904486,0.008578737766969229,0,1
0.011999687482234341,0.007185914842186355,0,1
0.01109871017885892,0.008927956912177246,0,1
0.011423840933262989,0.008514342925507783,0,1
0.011042963224139847,0.008605785159574284,0,1
0.012845266771268965,0.008718218261403947,0,1
0.010948178228269748,0.0077321587486611516,0,1
0.012902130094665657,0.008577379293357952,0,1
0.01018812016951933,0.008167372118496838,0,1
0.011898892565083072,0.008784347003718865,0,1
0.01146556844664699,0.00766408225878582,0,1
0.009760978644151127,0.009668385199121287,0,1
0.012009250490821872,0.006747665292128965,0,1
0.011708894402130517,0.008855194748879263,0,1
0.013963290250969273,0.010738670729929721,0,1
0.010571438479115961,0.0056169491891578174,0,1
0.010577284303663647,0.008916589965713444,0,1
0.014093973699483446,0.004259989629675444,0,1
0.014605089638008951,0.004252051166862907,0,1
0.014514270423546215,0.005209251578763324,0,1
0.015392274239031875,0.004891138465999737,0,1
0.013898008945127696,0.0015840886856059177,0,1
0.01386042238987636,0.00379911652099136,0,1
0.013260672969881131,0.0031624325979039665,0,1
0.013827681356244188,0.004535242339251893,0,1
0.012939980613767789,0.002190320691747082,0,1
0.012013840949966485,0.003134852704538019,0,1
0.013099167300552926,0.0011663048719797264,0,1
0.01130534117702207,6.518052659015452E-4,0,1
0.012047135338305957,0.0015075984578194503,0,1
0.01252950049202595,0.0044793162489288095,0,1
0.012354429158759868,0.0021260071139940612,0,1
0.011063958037292546,0.001493668018362333,0,1
0.012352822527441647,0.0024986927920881176,0,1
0.011660053802121081,0.0013979748627609252,0,1
0.010953725648593312,0.0016046780145470747,0,1
0.010551168044933728,0.003499959332268706,0,1
0.013909775782990448,0.0037249163136997407,0,1
0.0124431705461887,0.005390176379811467,0,1
0.010682348271508319,0.0029312256957880907,0,1
0.013457942511006937,0.0036255490686464085,0,1
0.01284544331281262,0.0021981914262815235,0,1
0.012999046330034363,0.0022965899694020213,0,1
0.012417067467545952,0.003356728387337253,0,1
0.011753679959596391,0.0021644400677575826,0,1
0.013180477477513159,0.0032999092440408146,0,1
0.013854592617453535,0.0019102269145197194,0,1
0.012633586149033928,0.0020071249331257922,0,1
0.014933216032497632,0.0028750185204049128,0,1
0.013209710649243603,0.002475904941994474,0,1
0.011217744788213777,6.830247905640069E-4,0,1
0.011861542590870541,0.0012552249203002326,0,1
0.011600653269032484,0.0022062652506704907,0,1
0.011415100892358887,7.924583213383973E-4,0,1
0.013762595922578906,0.0019116814423782167,0,1
0.013259646929731429,0.004356659384875076,0,1
0.013388670626010648,0.00396646631537701,0,1
0.015571665934359746,0.005901895343933024,0,1
0.014303992120502856,0.0029872450070467503,0,1
0.012333062197485643,0.0029430591272236258,0,1
0.013647711841146952,0.0029681385622267963,0,1
0.01441975753453178,0.0031281802313953768,0,1
0.013327274823763445,0.0031786082803826696,0,1
0.015557390403972247,0.0019206906214559014,0,1
0.011793451933977175,0.0024188993060178447,0,1
0.012249296470669909,0.0033116542285749123,0,1
0.012375746044636962,0.0023889193086276453,0,1
0.012082934083512105,0.0020435415003567385,0,1
0.011986918576616679,4.974524121443894E-4,0,1
0.011521769592494142,0.0027118800622369754,0,1
0.011190972716643172,-4.6361395227823905E-4,0,1
0.011659985955035493,0.001428635219541237,0,1
0.012981135795723618,0.0021723627955510666,0,1
0.01292130433159642,0.004609546749828208,0,1
0.014255941424792121,0.0025084326812602844,0,1
0.01342571667316904,0.003129777957771693,0,1
0.015460735522392662,0.0064342232052587685,0,1
0.013140616331884491,0.0032804198845255293,0,1
0.01178386383893694,0.003431424419566907,0,1
0.014323949678523592,0.00307215413274959,0,1
0.00988570449451249,0.005793795187454772,0,1
0.013539405212874696,0.0033528199840350543,0,1
0.013795011436734594,0.002411889731739472,0,1
0.012846890242158085,0.0028483982476587393,0,1
0.012078753663982013,0.0010983959993690058,0,1
0.012236972125100712,0.0015039556749856567,0,1
0.011782976453337674,0.001416359991635407,0,1
0.011779052867681153,7.70624123324165E-4,0,1
0.01142271666472006,0.001149422336125784,0,1
0.013748495272541822,0.004427873269512448,0,1
0.012871611398932474,0.0023410695376815003,0,1
0.014234429999125608,0.003785639407184766,0,1
0.014361554363892907,0.007066581977437402,0,1
0.013118451314541021,0.0011021362820943159,0,1
0.012211476174402823,0.003968456600252874,0,1
0.012993547137573343,0.003197979488118855,0,1
0.012919364930126775,0.0030258642215913022,0,1
0.012533591691384271,0.0043565709892497305,0,1
0.012642662115442323,0.0028627117962380178,0,1
0.013782310540935433,0.0024390302579296564,0,1
0.012101084613468645,0.0018587443071791335,0,1
0.013721280806702292,0.005811760869562511,0,1
0.008784979118390579,0.0018904974214502218,0,1
0.01498685618426275,0.0014179271493552671,0,1
0.010127604883399059,5.6590000855004E-4,0,1
0.011880008791239913,7.610166070047423E-4,0,1
0.013737058008520167,0.003933450835449679,0,1
0.013373265637294508,0.0040309961037439624,0,1
0.013064814832545207,0.0036160494612201876,0,1
0.010858729295056272,0.004323527967392501,0,1
0.013037229720749496,0.0034484970317779405,0,1
0.013325797857205916,-6.99868288309667E-4,0,1
0.015119234090138274,0.002546221072375413,0,1
0.011651625898102492,0.0017997028510512978,0,1
0.012833252003599423,0.002164958721206819,0,1
0.012059704020246517,0.003965107080884222,0,1
0.012755744442805805,0.0018815898953537698,0,1
0.011342357503133263,0.003239684841477072,0,1
0.012138528038834294,4.389642873019243E-4,0,1
0.011913059490651337,0.002151752013782622,0,1
0.015241961272987908,1.3217181399443546E-4,0,1
0.010595110082626714,0.0022690862823960193,0,1
0.013454948123295962,0.0036628162054616283,0,1
0.013080869114628496,0.004276525675638441,0,1
0.012127290097957346,0.003572075027749806,0,1
0.012353905830324285,0.004307452237031753,0,1
0.012766242826436179,0.0036315905111175936,0,1
0.01495112590029238,0.0018258453507040443,0,1
0.012249344168951804,0.004413602598531755,0,1
0.012701094942093382,0.003113591735189212,0,1
0.013301747787684415,0.002235613971854965,0,1
0.011519662924239924,0.0015007140999163194,0,1
0.012191760630649038,0.003472996895675591,0,1
0.012035249214726455,0.0013790727003734423,0,1
0.011708670149659744,0.0023054506994509313,0,1
0.01175244037483284,0.0022506723088759548,0,1
0.012124378465852513,0.001970266679414066,0,1
0.011104260768234474,0.0011688134394138004,0,1
0.011281392948179992,0.004710319253994459,0,1
0.013224626612184537,0.004350167367382553,0,1
0.013102450886847066,0.004224241727702245,0,1
0.013415561092130306,0.0034266703148032296,0,1
0.013705583004694464,0.003795243291233228,0,1
0.013768301942947097,0.0011175730121373178,0,1
0.011029067478177808,0.004081735558973294,0,1
0.011904941447063432,0.0022013708122231453,0,1
0.011794647716765123,0.003732330190820614,0,1
0.013129973608134681,0.003430691283033511,0,1
0.01355934607537378,0.0026085761976224245,0,1
0.012222406266300974,0.002192761288636455,0,1
0.01230304423903845,0.0016491439156395133,0,1
0.013928857684801177,-8.881464128368103E-4,0,1
0.010904792821431638,0.0027681717607750014,0,1
0.012259149939483079,0.004727296016207665,0,1
0.012705759348431067,0.003881195059612467,0,1
0.011644470083776282,0.002575133577691808,0,1
0.013376007630269708,0.0028856842115626952,0,1
0.011932358963204806,0.0029451640217650257,0,1
0.012895077145295291,0.0030516321424636414,0,1
0.012723251038450515,0.0026685522546572586,0,1
0.011880189418224597,0.0027119226684572026,0,1
0.012396602230990454,0.003004748506954251,0,1
0.01232923306677966,0.0028981136560539637,0,1
0.011619351097115989,0.003940910171393428,0,1
0.012679772732362739,0.0014636147385974627,0,1
0.01268957414759082,0.0016256229557006798,0,1
0.012266308031023323,0.004473948926672165,0,1
0.008915762077161134,8.842145906135932E-4,0,1
0.0128339161780815,0.0039904217862935625,0,1
0.013677326873480156,0.005258480561748777,0,1
0.01286533487761114,0.004326245688608061,0,1
0.01396776806508046,0.004229643339080055,0,1
0.011906706890984664,8.523776586229699E-4,0,1
0.012006285074670203,0.002531224288523459,0,1
0.013057854853193373,0.004122779881875777,0,1
0.011851931386557114,0.002891258992396617,0,1
0.012082109347781414,0.003124067270650833,0,1
0.013026830195174895,0.0020504197531381173,0,1
0.013020855508721,0.0029561248368297913,0,1
0.011295850897836702,0.0014295008702292597,0,1
0.012635257932984163,0.0027889318272774975,0,1
0.013663459760581432,8.985764487390568E-4,0,1
0.014416721080211362,0.0031819108700119826,0,1
0.010814329152511513,9.419991641574998E-4,0,1
0.013827776455354048,0.0030844183653757884,0,1
0.013182270203763311,0.0043418707225681835,0,1
0.012481546381929696,0.0035675300897052564,0,1
0.014282331458105847,0.0030307668417717576,0,1
0.011943210168778287,0.0034988449487365525,0,1
0.012255651909627994,0.0031825788684353555,0,1
0.010011461230416662,0.0011712121736413505,0,1
0.012745428275967812,0.0029406294776441054,0,1
0.01146742583380975,0.0020871850646933345,0,1
0.011683049503800362,0.0028791904788215343,0,1
0.01104318158866973,0.0017447269472772552,0,1
0.014150345559095105,0.001356089010281207,0,1
0.012938153887301069,0.0019255942466654078,0,1
0.011516287506848752,0.0013142480443658065,0,1
0.01313288123656367,0.004001841525120223,0,1
0.012659300759353074,0.0036636712920293762,0,1
0.012790148058855949,0.00375927241308493,0,1
0.01245732693620438,0.003291740561508682,0,1
0.012208816690120326,0.0015912186833679414,0,1
0.014770995124768099,8.84658446481341E-4,0,1
0.011972081649824955,0.004039527362798402,0,1
0.01214630890938126,0.003177868607295586,0,1
0.012555448764014723,0.004213992457217987,0,1
0.011751836017445413,0.0023993215922469254,0,1
0.011437371433683468,0.0028599305477945976,0,1
0.011147614262297177,0.0020497148185895714,0,1
0.01221291609054928,0.004448771520902305,0,1
0.012484560081964089,0.0038526762351600687,0,1
0.012925710627579917,0.004314457118104302,0,1
0.012903317559317081,0.004384276898716536,0,1
0.012469311325683064,0.003895986884436178,0,1
0.013893152198254662,0.004657689735539158,0,1
0.01180571748199002,0.0034643119258296836,0,1
0.010569793563532078,0.0034237933616722478,0,1
0.013040177571773098,0.001892873155183749,0,1
0.010132851769523029,0.0034286499031337303,0,1
0.011409680025694648,0.0022200274747669257,0,1
0.009419878926610666,0.002121404900678401,0,1
0.01151126367334699,0.0015982494215494641,0,1
0.013578273250389841,0.004175508317451311,0,1
0.014459421863652285,0.0040514553981788,0,1
0.014339833993504412,0.007159649367898537,0,1
0.013867149646293682,0.0035320730578285637,0,1
0.009602530370657555,0.005368885328061721,0,1
0.01189217573834488,0.0022449037499177316,0,1
0.011274593589617856,0.004221572973195389,0,1
0.012824196546843828,0.0028532086285601318,0,1
0.011811554003185402,0.0027776049914078975,0,1
0.01086669483011028,0.002915585664438716,0,1
0.010929459580120671,0.0027541428936065284,0,1
0.010924459176630305,0.0019771160762481355,0,1
0.012254434929217599,0.003433784546886599,0,1
0.010352876975348483,0.0036463530551976075,0,1
0.012605640027892027,0.0040395530575870605,0,1
0.012401037433094068,0.003993367626372165,0,1
0.011300516268450559,0.003645979979926092,0,1
0.008915734516621221,0.0037330506565084968,0,1
0.014799880953142677,0.0021380193023286475,0,1
0.011361608017258329,0.003977375901546889,0,1
0.013385828990040177,0.0028690940803696254,0,1
0.011513129481677068,0.0036140134075218914,0,1
0.012031144338034034,8.618618311705218E-4,0,1
0.010541295406436916,0.0058774085375272855,0,1
0.012713827573567366,0.004124360955077472,0,1
0.012852679530623981,0.005278758995598202,0,1
0.011801224346958145,0.004607644200922007,0,1
0.012746847239358162,0.004151715404524409,0,1
0.012480350706414886,0.0037711521160413383,0,1
0.012533369406835958,0.003557908755286694,0,1
0.010840008238380822,0.0029071056451563052,0,1
0.012456317687653377,0.001093358598092292,0,1
0.010857157302875332,0.0036890252157812673,0,1
0.011643942387024412,0.0030838473891208374,0,1
0.012047488930396446,0.0025592429099195817,0,1
0.010236811353915683,0.004337555244266255,0,1
0.01337842210872482,0.003292566983424147,0,1
0.011161210712440113,0.00506193915919123,0,1
0.010718381626136936,0.004809850556806811,0,1
0.011604442105917717,0.00434649724249447,0,1
0.013041066352781485,0.004056299424323179,0,1
0.013079555321061462,0.0030321996219411207,0,1
0.011499502832352418,0.0030112588007189427,0,1
0.01098212678428241,0.004246970257646789,0,1
0.010251220035671863,0.0028346969702277287,0,1
0.01105100923580971,0.003164590472355557,0,1
0.011188943399959279,0.002327490966735157,0,1
0.013675401768783782,0.003224083838688028,0,1
0.012401235779608123,0.005013327650174122,0,1
0.011735742001087018,0.005241206975599417,0,1
0.012481811976991185,0.004217417970892157,0,1
0.012093729931046123,0.0039607852022954795,0,1
0.013180810130582676,0.004570860128067189,0,1
0.011995562046099037,0.004441990516541889,0,1
0.00939780940590042,0.00459955180056134,0,1
0.011474640573291353,0.003160345257558894,0,1
0.011076483041094525,0.002886345467069985,0,1
0.011834945785670327,0.005023378447385066,0,1
0.01226585971813958,0.004401774841635816,0,1
0.0120324524427134,0.004512993655659117,0,1
0.012498258094413158,0.003295244189887479,0,1
0.009405847308729006,0.0037171659535084247,0,1
0.011556534000772362,0.0029922951414383947,0,1
0.012256605557663346,0.0036642029636631697,0,1
0.011442969250611489,0.003514703276119398,0,1
0.011786096573179498,0.0033733553005363833,0,1
0.010843421843594167,0.0039860104358347345,0,1
0.010896766342012303,0.0029583339937974793,0,1
0.01207392589642028,0.0041136808886889625,0,1
0.011668319646736166,0.005266879399574754,0,1
0.011924252722156107,0.004974261086129923,0,1
0.012364450996018904,0.0025205614641446066,0,1
0.01143217894363164,0.003686161750604163,0,1
0.010693842919541294,0.0029742031268181427,0,1
0.011971883027368601,0.0031885732939461614,0,1
0.011415726210646909,0.0023477531823172027,0,1
0.012174864202619018,0.003504071014434209,0,1
0.012267617377020798,0.00557005149666136,0,1
0.012239711472982277,0.005392851446257011,0,1
0.010847046620649238,0.006775115137407603,0,1
0.011856332555254343,0.004475143372299176,0,1
0.011969729323981155,0.00481417407358163,0,1
0.012617192044443608,0.0028892967101895287,0,1
0.010724875757815165,0.0034729087700715203,0,1
0.011904613393229466,0.0035123216818205645,0,1
0.010556410271987603,0.004729574734986342,0,1
0.010728669067888781,0.002652939266989746,0,1
0.00918170404729214,0.0028196345829334347,0,1
0.012146189035368068,0.004615254530268222,0,1
0.011620140862718197,0.002801861798138233,0,1
0.013673478874288146,0.0015459055736872247,0,1
0.010868030333695879,0.004977639015492311,0,1
0.011891898945607793,0.003681780728665326,0,1
0.01111352583975278,0.0034509231404911828,0,1
0.011668623603337182,0.005147143957196195,0,1
0.012242426674836297,0.005699839239108836,0,1
0.0139958253366281,0.0028730750582561756,0,1
0.010546366443705118,0.005073291545898554,0,1
0.011401394389120384,0.0045094124571102056,0,1
0.011125510786371853,0.004833135346325576,0,1
0.009976727711632695,0.004453351166167164,0,1
0.011352735371558387,0.006014358868364528,0,1
0.01108770184872639,0.003274594395265949,0,1
0.01190326920215932,0.004244744596489022,0,1
0.01319043533267919,0.005607501337364565,0,1
0.012269572619300376,0.004195955923292739,0,1
0.012531608496755269,0.003944351598721006,0,1
0.01165501652869807,0.002994177786121569,0,1
0.011469556821028001,0.004847007337511813,0,1
0.011501068087891137,0.00317925872477682,0,1
0.010979173287032941,0.0034361506645212716,0,1
0.011015402063005043,0.0038959305058084,0,1
0.01266603968840238,0.0026164528351723345,0,1
0.012748083412094371,0.003924528449449345,0,1
0.011863822710036309,0.007940103734123856,0,1
0.011275779645434768,0.004198862376818399,0,1
0.01297456140689008,0.0022278956427495386,0,1
0.010380428376010126,0.004920168052225575,0,1
0.011579180864836803,0.004522828489222091,0,1
0.011343364870223365,0.00449033599244109,0,1
0.008564607082897378,0.005922061168448361,0,1
0.011361597937843736,0.0046583303888397065,0,1
0.009879246704851512,0.0037209654234240173,0,1
0.01141528471939035,0.004179147126576003,0,1
0.010601940976526614,0.00405469039832028,0,1
0.011814326668369592,0.004536760613407039,0,1
0.010929340487333041,0.003194788805409281,0,1
0.014549697828806893,0.0026903464090081613,0,1
0.010036544056083195,0.004447600065085542,0,1
0.010991579325984211,0.004327959741364507,0,1
0.011813743605366737,0.006811196167325874,0,1
0.010381093535679302,0.0023088447935212604,0,1
0.011332781356104521,0.0066872182946585675,0,1
0.010712418891405123,0.0032705391859091464,0,1
0.009924027171017695,0.005850649819766971,0,1
0.010946549516658986,0.004068349859785608,0,1
0.011085423203669054,0.00553551963422047,0,1
0.011469673740247236,0.005239327013665361,0,1
0.010675199981754703,0.005765368630243598,0,1
0.01189574830236781,0.0051902399293816915,0,1
0.010078998572053159,0.004449833685553783,0,1
0.011567839574811188,0.004113980681500205,0,1
0.010566477980396626,0.0031476465233698115,0,1
0.011219436031242647,0.00503364298916833,0,1
0.0119423116598318,0.0040983663428633904,0,1
0.00913430843846839,0.0033118989113294457,0,1
0.010874943840474235,0.0040945340438376734,0,1
0.010846724761652654,0.005379194944124944,0,1
0.012394665749086512,0.005617429588557143,0,1
0.011940295503107327,0.00723309425808422,0,1
0.010673036276778491,0.004508096653715675,0,1
0.01111346797778418,0.003947489802782313,0,1
0.009774372713003403,0.00438805296440627,0,1
0.010439610839569584,0.0075432007736551294,0,1
0.011330820725329356,0.005159433142008265,0,1
0.01116934602797166,0.004841415833784038,0,1
0.010429055943029668,0.006233474002131945,0,1
0.011780678923351284,0.0051365389579633314,0,1
0.010692812245618149,0.004466200162094254,0,1
0.008986393275190054,6.73405163390389E-4,0,1
0.01013175389725204,0.004498429901956867,0,1
0.010169735974764003,0.004455820095463205,0,1
0.010499805076239453,0.004440159451109439,0,1
0.01068503553388909,0.004181791514362308,0,1
0.010457625170581776,0.005634578810753275,0,1
0.01035995805945138,0.005709409344477536,0,1
0.011177710490166193,0.004507640254318258,0,1
0.011017843209233475,0.005166179554390012,0,1
0.010461982203958928,0.00531267992176994,0,1
0.009697976364541049,0.0038855673581153194,0,1
0.010248387230209606,0.004719250774181006,0,1
0.01185144356301024,0.007856285619593891,0,1
0.01099689383026934,0.010295937434629246,0,1
0.011294387359866861,0.007828305007052212,0,1
0.010346323476604934,0.009804494133068851,0,1
0.011436077445955524,0.005594784311184338,0,1
0.010745277406040714,0.011419393722056343,0,1
0.011273375031850098,0.008223268081404363,0,1
0.012275096954341942,0.007727274430738758,0,1
0.011189375647969322,0.007139514553293211,0,1
0.010561370922056607,0.006050381623711149,0,1
0.011473300434364064,0.008009719916597382,0,1
0.012374715827148173,0.007685885965899989,0,1
0.010701828882635425,0.006878911032204095,0,1
0.010034912434426994,0.005671519700277847,0,1
0.012597940394891503,0.007526420108940073,0,1
0.010619338500824789,0.005843859059849344,0,1
0.010461502395705237,0.00576620320517965,0,1
0.010018625661681886,0.006005563122787885,0,1
0.01171643302206172,0.002362215541803602,0,1
0.01174747669876069,0.009169907986460283,0,1
0.011037581793226676,0.010763257940020268,0,1
0.010556439804142063,0.01098599418362414,0,1
0.00887184684844692,0.008666730572974292,0,1
0.009956821772633713,0.008444812071256693,0,1
0.010321079269926377,0.005463387072427625,0,1
0.010322230001784071,0.008646920966614782,0,1
0.01090017576644816,0.008373502707717159,0,1
0.010829059558608654,0.0069953254111502616,0,1
0.010201541705206566,0.007049479203486192,0,1
0.010713140715400832,0.008246132854453244,0,1
0.01047845266493927,0.006238372644202524,0,1
0.012969256843603096,0.0071541502282916935,0,1
0.010479983731237829,0.0063945567871452925,0,1
0.013252386094286408,0.008325344516467034,0,1
0.009382412487048882,0.006813590328155004,0,1
0.010015384749052501,0.005798710321989028,0,1
0.010302681703207769,0.005583364975552983,0,1
0.01110603125622603,0.010817029449360685,0,1
0.010173205885982266,0.006659739738217439,0,1
0.007703357300157802,0.007566917162084738,0,1
0.010446903739786965,0.00885668857689872,0,1
0.010721053091583301,0.008231073342235665,0,1
0.011356637472762537,0.006512709270676049,0,1
0.00915227300234579,0.0073546877277426035,0,1
0.010559715876605674,0.007657031665947828,0,1
0.01007528492431426,0.0067218908319162255,0,1
0.010758691193395708,0.007025280933166284,0,1
0.011683738702983719,0.006654453538974017,0,1
0.009312938081440314,0.006230011664371245,0,1
0.010462041378200946,0.006551330697840943,0,1
0.00999688236037394,0.00483791219901185,0,1
0.01072235749394234,0.005427422427072912,0,1
0.008945182115909311,0.006688672479701639,0,1
0.010216777802674474,0.005547403588573233,0,1
0.010954573549142445,0.007595636439829933,0,1
0.01240466662237159,0.009582609703656068,0,1
0.011732857104589373,0.01145609775172416,0,1
0.012202721714418541,0.008940297089950557,0,1
0.008965241595242585,0.011080710982282428,0,1
0.011426191014829066,0.008889756594333479,0,1
0.013610983604328596,0.0066499548124337605,0,1
0.010981275561328045,0.008282810403333094,0,1
0.012227174072820472,0.008690822449128858,0,1
0.010609351726964113,0.00665877779745334,0,1
0.012325865265473754,0.007882049721681631,0,1
0.011404338080160252,0.00796857022630776,0,1
0.011075746602489904,0.005088940926544863,0,1
0.011245517288300984,0.009445320145028966,0,1
0.009454781165155007,0.005624188331838913,0,1
0.009425963270957976,0.005384478246260964,0,1
0.010026604504456135,0.0040283601091504,0,1
0.010793560304727124,0.009475521206837428,0,1
0.00963409631233356,0.012914397487345979,0,1
0.011190561884456706,0.008818632615714583,0,1
0.011043673490904642,0.008513187230980003,0,1
0.010821103196268842,0.009184581435938841,0,1
0.01292435192162969,0.009809980152059306,0,1
0.00948324072473656,0.008691806811243067,0,1
0.01044847793517404,0.007803747087000926,0,1
0.010643745237275388,0.006680891725949659,0,1
0.009497695306174192,0.007333534500309775,0,1
0.01013380596803611,0.005502142512370207,0,1
0.010410956655457507,0.006986101960386846,0,1
0.010607699828146085,0.007340981516018316,0,1
0.010347411546000378,0.006519109769266906,0,1
0.0107168064877334,0.006199584598591461,0,1
0.010771879861543092,0.005874209698342597,0,1
0.009268011721606219,0.00615720651214571,0,1
0.010409129021405077,0.010191299690870135,0,1
0.011174191859613138,0.008873311145081749,0,1
0.009963516297213254,0.009823371900940184,0,1
0.011106359538284575,0.009355113420334191,0,1
0.010908045731879019,0.0070735261327466185,0,1
0.010620752446310838,0.007964826728322048,0,1
0.010533984807818218,0.0067658232907825714,0,1
0.01067178892252629,0.0076794170200562405,0,1
0.010488660356177952,0.007450559715626072,0,1
0.010461603785014102,0.006977985266243652,0,1
0.009900737181264361,0.006356849881199531,0,1
0.009836875961221516,0.006020333186831929,0,1
0.010348086867933615,0.005366838588243959,0,1
0.00991398451780626,0.006222702477091176,0,1
0.009838537830501651,0.006890780978590324,0,1
0.01097937806565807,0.008325336362768363,0,1
0.010616164903351384,0.00867097718475752,0,1
0.010129816649852524,0.009322937062102027,0,1
0.008959006333783534,0.00840322589346717,0,1
0.010150442811479626,0.008723702878640195,0,1
0.01038258594396153,0.00816909640287357,0,1
0.01114498995759166,0.008651112533688264,0,1
0.01158074536220908,0.007285630188204341,0,1
0.010752366132495453,0.007663358983466665,0,1
0.011121841858442415,0.006886715507731953,0,1
0.010596832983041116,0.0061680086258596185,0,1
0.012213138480852537,0.005533421225279872,0,1
0.010224680101434139,0.0077744570224343185,0,1
0.01018962198788995,0.006812237119771373,0,1
0.009172249412073664,0.005918184336922039,0,1
0.00868587113891084,0.005576688744793565,0,1
0.011416676123806247,0.00912874710914484,0,1
0.012064056298513901,0.008924759284917252,0,1
0.010146959220002437,0.00910576556009857,0,1
0.011034656710703564,0.007680104960781427,0,1
0.00991534909976204,0.00810801740955221,0,1
0.008790064147064344,0.006246442152248379,0,1
0.009467670518140629,0.007070943679379057,0,1
0.010339199069118711,0.008683788917503196,0,1
0.00961638110655113,0.008436984202237645,0,1
0.010713789892661658,0.007576971653202872,0,1
0.008313197095702482,0.008264311931728831,0,1
0.009561937796057067,0.006394533398887357,0,1
0.009755797260497006,0.005924756259464855,0,1
0.010195554823588738,0.006360933873625325,0,1
0.009442264904555337,0.0058368068902102605,0,1
0.010982664894337512,0.008227662999265715,0,1
0.010278003015099107,0.008285023800866187,0,1
0.00914607689168907,0.008032066587040736,0,1
0.010970297276072473,0.008273856375792612,0,1
0.011521585044260766,0.008076256984756704,0,1
0.010370000545642834,0.007754497661667703,0,1
0.009475659461537344,0.008357876904914737,0,1
0.0100834601687108,0.008931636897271875,0,1
0.009911303829098493,0.007655347001913899,0,1
0.009946751291579637,0.007059656646740672,0,1
0.009854163010328309,0.00681831760424253,0,1
0.010444269159305766,0.00736806608171953,0,1
0.010901613466509865,0.005459549491267161,0,1
0.00913851609806676,0.006878043169147151,0,1
0.010184158870887127,0.005978789684737797,0,1
0.010706585918161962,0.010296439371276256,0,1
0.010586450850854365,0.00883535922122479,0,1
0.011458321887434062,0.008088533179905894,0,1
0.010545223948851032,0.008091955039346718,0,1
0.009406238749420415,0.008323251396571441,0,1
0.009696174161941754,0.007680406442770803,0,1
0.010309970129262143,0.007738326413603582,0,1
0.009690633478180234,0.006610135627547912,0,1
0.010138151532744813,0.005384014805035327,0,1
0.0102175412232151,0.0070187477203746355,0,1
0.009508009710495308,0.0057582154166460784,0,1
0.010645010969125401,0.007351098724157943,0,1
0.009375408806239164,0.007606489530534465,0,1
0.01070755379597492,0.005471230106531947,0,1
0.01096043135966007,0.007909942043359746,0,1
0.011245008890573017,0.009628837329176009,0,1
0.011075527818395969,0.005364675702752645,0,1
0.010286724808500765,0.00905186213882334,0,1
0.010189074980868726,0.008122363826008606,0,1
0.010300405284238697,0.008209196216081717,0,1
0.010855600274338979,0.007434601684220315,0,1
0.00937726084716502,0.007845651895533769,0,1
0.008295833604492655,0.0057393299144179845,0,1
0.012583380944546202,0.009637996816406643,0,1
0.009175217519345602,0.006597583484672411,0,1
0.009298252600931096,0.00589684828977819,0,1
0.009921877354990907,0.006658593975076146,0,1
0.009280170613207184,0.0053940694306310434,0,1
0.010193828015855153,0.009084674891827686,0,1
0.010387234766248098,0.009338476041911922,0,1
0.011206372718293042,0.00924108709047119,0,1
0.011190783415112355,0.007909253248577858,0,1
0.010755113718950509,0.009233258020842258,0,1
0.011165619962808829,0.007416739832770798,0,1
0.009438907241875938,0.007478375104038501,0,1
0.009316787763982332,0.007236650450633645,0,1
0.00914682824799559,0.008167119877771247,0,1
0.008857538130825881,0.006412595612104709,0,1
0.0108860515675602,0.008838015639341907,0,1
0.00961198058689182,0.006487830506744546,0,1
0.009513184171743707,0.005633395030860244,0,1
0.009052814317283895,0.009110695934365016,0,1
0.010095906662654789,0.008611883486460952,0,1
0.009120293426010333,0.009573015426342257,0,1
0.00980035910211621,0.007821991521736878,0,1
0.011522479320587867,0.007722848700786234,0,1
0.009916397092278264,0.007818192380814125,0,1
0.010065083702002499,0.007611992166264702,0,1
0.011442248122142883,0.006772287166575142,0,1
0.010648432356049928,0.008414272869529277,0,1
0.009931073742369545,0.007875958560111454,0,1
0.009849830034574014,0.007271453622012546,0,1
0.010076180895470929,0.006847422604821928,0,1
0.009885849154729301,0.005679391716612944,0,1
0.010310336329077834,0.008268139823383022,0,1
0.009258822046489933,0.008922067883491433,0,1
0.010416689933918583,0.009356492384611259,0,1
0.010395937556068921,0.007319973607053014,0,1
0.01017590920186485,0.009185918605228086,0,1
0.00994196651107131,0.008557055133227093,0,1
0.010705921651909436,0.00772772551867235,0,1
0.009436689435730743,0.007680840300542619,0,1
0.009198729488287212,0.006673469155138087,0,1
0.008992312020572648,0.007838495521917795,0,1
0.008901963725917098,0.0060958708544037255,0,1
0.00943789011916027,0.006733404101277655,0,1
0.009313616555113194,0.008687341434478083,0,1
0.009790216693000781,0.008589924469484032,0,1
0.009908975114333635,0.0077775921682795846,0,1
0.009148559333622523,0.008390120884918468,0,1
0.009985529564674326,0.008494598833725674,0,1
0.008292213812213697,0.006970710823605549,0,1
0.010014146721556953,0.00854203241545753,0,1
0.009379561103110914,0.006982829146326012,0,1
0.011177247646534343,0.0074955922739945785,0,1
0.0134721182675687,0.00632916003587114,0,1
0.009447623682548867,0.006698351356061841,0,1
0.009845743515488132,0.007351608265462701,0,1
0.009549722907918215,0.008327288595206794,0,1
0.009462220621470308,0.008416941645334481,0,1
0.009949306028609411,0.008607598922934296,0,1
0.010313179209724762,0.008900904824620665,0,1
0.009491689807001666,0.007066422046136138,0,1
0.011022315583687775,0.006655839025884327,0,1
0.00979315058397743,0.009002456376798012,0,1
0.00946142328890796,0.007357863802426626,0,1
0.008991979587892477,0.0070734818216386195,0,1
0.009490040932216707,0.006906552898686096,0,1
0.009997808663253649,0.006749965998941255,0,1
0.01089350732676212,0.008129417099993888,0,1
0.010094554967602127,0.009995289908956291,0,1
0.009414343473338378,0.008855871723684966,0,1
0.010606429839840592,0.007394910444544745,0,1
0.00962814497468619,0.008929501322416553,0,1
0.008608295892190572,0.008433501631086958,0,1
0.00993765960902907,0.007132741798131862,0,1
0.007150878316669623,0.007063766847829567,0,1
0.008897834709138222,0.0077530787572488245,0,1
0.009017497793448723,0.006522553871949655,0,1
0.008615274575802913,0.0064081429959890295,0,1
0.010110989309700266,0.009285784704654364,0,1
0.00929810797861954,0.009051810913053217,0,1
0.012814530247603362,0.008691045771816145,0,1
0.013628727901486795,0.008597319162431807,0,1
0.00976726742678619,0.0057997165107578404,0,1
0.009746283226693613,0.008063950967683978,0,1
0.00936233214867688,0.007775679010122062,0,1
0.01029758793432415,0.008746787816459527,0,1
0.008533651108970414,0.006651191674402842,0,1
0.009203006735418382,0.006363242135485194,0,1
0.009419152709384166,0.008550141718976868,0,1
0.010452029149765613,0.007706748639941463,0,1
0.01064788413236982,0.008378654516814361,0,1
0.006693249883695524,0.007141393466975453,0,1
0.009959969836755816,0.008717151203192103,0,1
0.009149311738497574,0.008095794177011227,0,1
0.00895454690182976,0.007931620910384483,0,1
0.009168410962048226,0.009472520228715194,0,1
0.009200715081230484,0.00765547429263956,0,1
0.007366464020079729,0.006625475404685072,0,1
0.010094361174054333,0.00918930244145277,0,1
0.010380054371821016,0.008712924212945375,0,1
0.00857692984809456,0.009961882609484435,0,1
0.010004979505549466,0.006698553508643723,0,1
0.010217963499110787,0.00857154559696389,0,1
0.009088613346651465,0.010366414355647316,0,1
0.009538812891791596,0.007211559667779664,0,1
0.009289537613827632,0.007493387887941688,0,1
0.009131924216533705,0.0049631321366481575,0,1
0.008895671955138464,0.0071417718139461924,0,1
0.010597512555543243,0.00906828801412277,0,1
0.010256672279824056,0.007570481388385778,0,1
0.010446307119961014,0.007492834987717889,0,1
0.007881080607286725,0.006943852564105813,0,1
0.010010073612178596,0.007686677054651456,0,1
0.008939537049537472,0.007855786776824853,0,1
0.010255503723706188,0.00592844083341159,0,1
0.00968439021150139,0.009264214434804623,0,1
0.009646646521219533,0.008748133863117954,0,1
0.009489020512440355,0.007645427277720182,0,1
0.009030330028268129,0.008692359728937993,0,1
0.009084311575017429,0.010255212728833426,0,1
0.009920054772091834,0.008490499871562224,0,1
0.009892799370151029,0.006894718181113042,0,1
0.008349224657323018,0.007723893818122676,0,1
0.009182083830795152,0.007059245257227881,0,1
0.009064928574922379,0.007139632434426772,0,1
0.008266076862745822,0.008654513836955785,0,1
0.008637692398296143,0.009582727541447417,0,1
0.009235953107706089,0.01060262004926103,0,1
0.009531439956353183,0.007619534263019944,0,1
0.008592933036818105,0.009143106434632663,0,1
0.008093732606876928,0.008063525991482762,0,1
0.009350001461284146,0.007840890098669008,0,1
0.008853239611055908,0.007516620861923677,0,1
0.00920209529080457,0.007382792142315233,0,1
0.007806219497037167,0.008361563291688585,0,1
0.007952330548905142,0.009060668467022245,0,1
0.00992560571856154,0.011052389185852714,0,1
0.010046023789728483,0.009147941417771668,0,1
0.009560365403104176,0.007826911078850127,0,1
0.008856268365153934,0.007612039264544446,0,1
0.008221411967673722,0.006338243665318559,0,1
0.007869450292969024,0.009654308103583753,0,1
0.009525323137114076,0.0074936284561462636,0,1
0.008112003293289878,0.00793204063630576,0,1
0.007863486902634411,0.010621307178920536,0,1
0.008692570979053389,0.007775216939134578,0,1
0.009149494042500199,0.0084398787624585,0,1
0.008551286033175046,0.008035473539585834,0,1
0.00950292807845108,0.008870021441331132,0,1
0.008893682471732688,0.00850226002241808,0,1
0.008099756434304323,0.009118424290403425,0,1
0.009084728516516153,0.008451819157481852,0,1
0.008408937599645009,0.007545676538934228,0,1
0.008502386358857968,0.004482967961940538,0,1
0.00688368377315352,0.00816661854067824,0,1
0.008265659569598443,0.010155539823243014,0,1
0.01133780378703627,0.006701476215245087,0,1
0.010696607139483632,0.008139960629392685,0,1
0.008712111751146487,0.008104846244060564,0,1
0.008645551881945051,0.007913674240383927,0,1
0.0068299165738646694,0.006181119761966105,0,1
0.008624373495980713,0.007672038648908788,0,1
0.009693259272337653,0.0090613587547592,0,1
0.008647482705533284,0.00844472431505752,0,1
0.008782393784058842,0.008603706719413422,0,1
0.007386019986211573,0.007388902194768068,0,1
0.009308215581017567,0.0084284515321809,0,1
0.0070191010577768664,0.00894578643679345,0,1
0.008534283871291001,0.007778973660303066,0,1
0.008406437836062123,0.00965986305139968,0,1
0.007826403766670178,0.009377764692397724,0,1
0.008242390311145235,0.007793225186749324,0,1
0.007613776567138352,0.008816728959932917,0,1
0.008931503242043223,0.007957028145755215,0,1
0.007945907002919434,0.006897990046069793,0,1
0.007585168298705691,0.006230102032832846,0,1
0.008681014851139052,0.00858864558404883,0,1
0.00882457519656302,0.008299721530788466,0,1
0.008424252614771083,0.007693240582525216,0,1
0.008533792093738687,0.008197582611085991,0,1
0.007285658903344885,0.00859590130482819,0,1
0.005872685846046661,0.007541053043053068,0,1
0.008496392758543065,0.005354681078358262,0,1
0.004383558593803428,0.008028925378281178,0,1
0.0077688743866859734,0.007990947753450729,0,1
0.008626439051617729,0.00798758759723568,0,1
0.0077447947118860225,0.008960962561686402,0,1
0.00767536931647019,0.006920995720464364,0,1
0.008058734801100495,0.008861024354534676,0,1
0.007934761832716344,0.008374041445414832,0,1
0.007958270383764194,0.008110640968301157,0,1
0.009237729033870292,0.0066454811169426664,0,1
0.009433020914570768,0.008908728680881639,0,1
0.008541116809456422,0.00849240938144928,0,1
0.00786316945337765,0.008455054137499274,0,1
0.007845375155248172,0.008562808808713962,0,1
0.008856604182763189,0.009073240365137498,0,1
0.008183920001746569,0.00832025161062503,0,1
0.007547452713553149,0.008547983022770869,0,1
0.007743042051843421,0.0077625648580091754,0,1
-0.0013554296466182442,0.01607573147104049,0,1
-4.6638474495654266E-4,0.014815603694499305,0,1
-0.002238463283615046,0.015819280365395576,0,1
0.0014371834305899592,0.01578859534659507,0,1
-0.0011406955030421673,0.014192060503272935,0,1
-0.001858134424086114,0.015802487794089184,0,1
-6.238597201440507E-4,0.014092185655065663,0,1
-8.952093945401881E-4,0.013622131587609,0,1
-3.6061120921970584E-4,0.01525638881069383,0,1
6.533423383481499E-4,0.0162309939721407,0,1
0.0020607264058179193,0.015167725062049844,0,1
2.5239175180389456E-4,0.015593183222370108,0,1
0.0013256688484556765,0.014617484961281634,0,1
-2.968368743177179E-4,0.014414824346975287,0,1
0.0013452032655413444,0.015793287761426106,0,1
0.0014327709050530502,0.015076979413923806,0,1
0.003135774429378583,0.012728540168698848,0,1
-0.0011598334083987544,0.017881880109606136,0,1
-4.0702163736761586E-4,0.016973210448089866,0,1
1.2011987746932933E-4,0.014911294747188192,0,1
4.2028787765548603E-4,0.015139920988479905,0,1
-6.38682190171917E-4,0.015012034702713277,0,1
-0.0017910211360766314,0.01503218922604944,0,1
-1.0776908287121257E-4,0.014643882549295327,0,1
8.622810673758386E-5,0.014580941864701156,0,1
-6.384530488668655E-4,0.015313350689499862,0,1
0.0016790648731799442,0.014275510903378403,0,1
-1.865662912578601E-5,0.013922261428288256,0,1
0.0012519369231265988,0.014927077607588208,0,1
5.423952750321166E-4,0.01316237957379286,0,1
0.0011787034896496222,0.013150175160918149,0,1
0.0012149298610359394,0.014359474089879237,0,1
-0.002544798133311095,0.0170409742397142,0,1
-0.0015300279854517066,0.015873673001576428,0,1
-8.150517746951982E-4,0.015280821358943673,0,1
2.309618728125542E-4,0.014306169613239718,0,1
-5.970193227571897E-4,0.015699163949918306,0,1
-0.002009871929660116,0.012981720349908622,0,1
-2.2163389672674558E-5,0.01574188540528503,0,1
9.06580904488566E-5,0.014641594286108506,0,1
3.9330296354953605E-4,0.014416429323472604,0,1
-9.100570323985017E-4,0.012185330392652583,0,1
7.276442882923327E-4,0.01391506850980428,0,1
6.542114166112862E-4,0.014498928877894795,0,1
6.093479378710692E-4,0.01494491267967229,0,1
2.608006448466557E-4,0.013625606684787916,0,1
0.0020858790427891565,0.015151023389016244,0,1
-0.001505765444371366,0.01431065141936249,0,1
-7.445473691652997E-4,0.015627079919175335,0,1
-0.0010348964091412497,0.012740805016191027,0,1
-0.0014423359716268628,0.015024798502732917,0,1
0.0010535466294798322,0.01511370739798127,0,1
4.140434525066931E-4,0.014517485663958274,0,1
-6.248025876822237E-5,0.014740177030842173,0,1
-6.19958885439457E-4,0.012783192580429476,0,1
-2.2211875368555838E-5,0.013554190575354718,0,1
-3.545373880365756E-4,0.014933498871699003,0,1
0.0012877213986914632,0.014025274639162389,0,1
0.0010105424306144934,0.013835724181331142,0,1
1.2434032167041369E-4,0.014447065024353613,0,1
0.0011239379316470475,0.01437639746206324,0,1
0.0013448296607344924,0.014351641090251535,0,1
-0.0029076019813827196,0.013509602149713073,0,1
-0.0026856171514701775,0.014053753376964852,0,1
-0.002168449511541939,0.015595851139597936,0,1
-2.121384484663551E-4,0.013777661963440527,0,1
-8.516871654767839E-4,0.01561763214139825,0,1
-7.067307805710062E-4,0.01457946814500984,0,1
-0.0037924593373463455,0.014748972733765978,0,1
-0.0038238712325980783,0.01519079631443083,0,1
0.001346211725585479,0.014886282888924574,0,1
7.230339379759445E-4,0.014617229642856657,0,1
6.524515963688448E-4,0.013590617413236496,0,1
-0.0015224362709420744,0.01204468880122023,0,1
0.001288473747397361,0.01354886314378585,0,1
9.703554649406423E-4,0.012803470009265648,0,1
-0.0018717027853642225,0.015731158319548785,0,1
-0.0016500447509842453,0.015277170031704614,0,1
-0.003872512067562395,0.0145535510462466,0,1
0.0012110248171259828,0.011841501790765908,0,1
-0.0010413661724031705,0.014463860772397691,0,1
4.495946190756301E-4,0.016142310822083564,0,1
5.588782148215021E-4,0.012559450285543419,0,1
5.923941567092831E-4,0.015320350728001492,0,1
4.117339962525693E-4,0.01450780721094182,0,1
3.034446348841519E-4,0.014141922573212125,0,1
-0.0010004283980178063,0.014331662076152411,0,1
0.0024818625851001043,0.013430873288278324,0,1
-2.87911007006447E-4,0.013936671647663582,0,1
0.001192737255773021,0.014241650338855506,0,1
-5.299343656483711E-4,0.014657332411281306,0,1
2.2506313146074288E-4,0.01562907424290435,0,1
-0.00213734868383437,0.014034586337061979,0,1
3.5379657390252666E-4,0.015589210440844216,0,1
3.496936702991032E-4,0.013551382924821541,0,1
-8.285125938291818E-4,0.015564758190761233,0,1
3.675263797707937E-4,0.013716952555548067,0,1
0.0023613048975244804,0.012055504486540832,0,1
-9.479420570848084E-4,0.01397884982114413,0,1
0.00308940067194907,0.012432463974260396,0,1
8.62782202213389E-4,0.013089223381461084,0,1
0.001182490182492722,0.013427732911065507,0,1
0.0029935257289148863,0.012318934522194614,0,1
-0.0015236832853071905,0.013072067079984472,0,1
-4.426252993980586E-4,0.015539502911898147,0,1
4.293180537006426E-4,0.014205656945450802,0,1
-8.660153081921735E-4,0.012997678828919976,0,1
-0.0016428543139375843,0.015207159323018499,0,1
2.5651497599887883E-4,0.013352171681540084,0,1
6.947972443153052E-4,0.014191275559058464,0,1
7.840698502357132E-4,0.015247009646218099,0,1
1.3763605075029953E-4,0.014438859932804178,0,1
-2.8228871152543466E-4,0.014077685633721127,0,1
2.021162479619975E-4,0.013395461681603453,0,1
5.254482770430242E-4,0.014468585520313182,0,1
0.0031057616996062395,0.016115204514475404,0,1
-5.690913701818241E-4,0.014295938455301641,0,1
-0.0015584299570950027,0.015555358071277503,0,1
5.352812169001728E-4,0.013446371803767133,0,1
4.014152649829202E-4,0.014542207085567797,0,1
-3.3597727712330277E-4,0.013789376905660379,0,1
1.5691686094188527E-4,0.013774490269828908,0,1
-3.6459821516250527E-4,0.01305321278373083,0,1
9.263997169113282E-4,0.013998606870664546,0,1
-6.697509576527864E-4,0.010962640525123047,0,1
0.0019493679650988338,0.014200663308565554,0,1
0.0014582767433047215,0.011735559501155297,0,1
0.001120107861260434,0.01324715119370773,0,1
-3.1379439121383037E-4,0.01474016316964213,0,1
-0.001942730356655476,0.015167836777394786,0,1
-0.0018869053162194234,0.012902247795085229,0,1
8.15403937959952E-4,0.013987663379560342,0,1
-0.002551362544685174,0.01697385053954691,0,1
-1.9609933221129516E-4,0.012821614473554892,0,1
0.0012190885839260099,0.013743787009143905,0,1
0.001734300749641266,0.014523104740675277,0,1
-0.0016547756723895727,0.014352825229935291,0,1
5.520159689335741E-4,0.013697019587263128,0,1
5.903656251703191E-4,0.01276951346343343,0,1
-0.001247496508252524,0.014119934197061307,0,1
-0.0019376502814433625,0.01500207922870642,0,1
-9.10526880520185E-4,0.014049252115886195,0,1
-0.0021403492239233934,0.01358442248642123,0,1
1.8805826123882615E-4,0.01332793861326258,0,1
-0.0010496305952349798,0.013619389907454146,0,1
-6.615739871446882E-4,0.015471498663860259,0,1
-6.516112233087161E-4,0.013427859325172422,0,1
-2.281280425614185E-5,0.013731950767125583,0,1
-1.7628799274125692E-4,0.012907864251523125,0,1
-2.0493744772497066E-4,0.01276121153463628,0,1
7.000080872352742E-4,0.014025941163336749,0,1
-4.253620301607898E-5,0.014527587592112846,0,1
-0.0020920765232226362,0.016493367311461043,0,1
-0.0013805166847719985,0.013236833085198638,0,1
-0.0014053055358191576,0.013195171128256748,0,1
-7.57273506081386E-4,0.014047557426694779,0,1
-1.6649451514851135E-4,0.013386922480771534,0,1
-5.706280812357909E-4,0.013627419396990975,0,1
0.0014042262303789166,0.014381082271652919,0,1
4.4994121811417996E-4,0.014180469899618554,0,1
0.0012693601870490269,0.014236324007548519,0,1
9.148676213219371E-4,0.013131435452994722,0,1
-1.4498370655081797E-4,0.012563166628101518,0,1
-9.061516257321292E-4,0.013381943599015152,0,1
-0.0011258984753095367,0.013667213187246965,0,1
7.816660745699792E-4,0.013901146914222739,0,1
-5.361723908976961E-4,0.013374378110432813,0,1
8.23168234702962E-4,0.013529321586515082,0,1
-9.51985900132313E-4,0.013692531103950918,0,1
9.514791681643523E-5,0.013157838230656005,0,1
0.0011288164792726584,0.013808121283745313,0,1
-1.6446016395484534E-4,0.013041631131600988,0,1
-0.0016390500459611216,0.01385181746744005,0,1
-0.0013167255890325997,0.014393891915008127,0,1
-0.001769416561195583,0.013628179488266693,0,1
-5.333723006788893E-4,0.012926798959407387,0,1
-5.061604627999299E-4,0.014053145214136187,0,1
-0.0013328532638529997,0.013958175046129569,0,1
-1.4277222022175738E-4,0.013704148897249715,0,1
-0.0025677200094439247,0.014909883598021643,0,1
2.281190187926379E-4,0.01443315367498997,0,1
9.95398055753208E-5,0.012535291948975976,0,1
-9.883713175265665E-4,0.012759834275096898,0,1
-8.948959337997843E-4,0.01243608708409122,0,1
0.0013543353290352326,0.011155648321953475,0,1
-4.9395461370574E-4,0.014614611885745352,0,1
-3.0991639557526653E-4,0.013403993204852017,0,1
-4.242268385891601E-4,0.01353960841630983,0,1
2.581909212916818E-4,0.013502033247176684,0,1
-1.1132286506734278E-4,0.016091242363797376,0,1
6.755187315921408E-4,0.013642088495784115,0,1
-0.0011252577050524623,0.013436314999429964,0,1
-3.3931546858624676E-4,0.01470032675955481,0,1
0.0017720544788379967,0.014938561540600227,0,1
-0.002345643421426007,0.015392754095705808,0,1
-2.1293561472317555E-4,0.013437993276248665,0,1
0.0012703915113050832,0.013021541360473834,0,1
1.490009075919462E-4,0.013634245080989777,0,1
2.244660249948034E-4,0.01306941650293049,0,1
1.2269774035705185E-4,0.014046045266898368,0,1
-0.0010616288705552648,0.014601764347374833,0,1
-7.938534968978821E-4,0.012797056493660728,0,1
8.050747853584595E-4,0.01335718848971583,0,1
-0.001290515474243307,0.01264635379527187,0,1
-5.560088818335817E-4,0.012565193700129552,0,1
-0.0016305273831190108,0.012162400019788484,0,1
7.662234686389864E-4,0.013703413024516902,0,1
-4.3768400619856844E-4,0.014103807675922708,0,1
-6.829006909825556E-4,0.012770465403194611,0,1
-0.002019029680710919,0.013818413713181087,0,1
-2.525319902491809E-4,0.013587729369638287,0,1
-1.703169213792828E-4,0.01282347053052399,0,1
-0.002286049093168648,0.014991339609897977,0,1
-8.821219990201719E-4,0.013187991714053705,0,1
-0.0021590815228404083,0.015432534354513921,0,1
0.0015519437017906615,0.013956189617210912,0,1
-0.002280784232317496,0.011731422199005028,0,1
-9.471223474928725E-4,0.012485551086627434,0,1
-0.0019194691060196443,0.013683209627046736,0,1
-1.063598075115667E-4,0.01339459147828253,0,1
-3.8242422035968744E-4,0.013028527823938131,0,1
-9.840096965282193E-4,0.014045121229278994,0,1
1.2633431331928143E-6,0.013050252650858617,0,1
-0.0010637488676384014,0.012913417460373606,0,1
6.730366050671474E-4,0.011572973256147999,0,1
-9.193982990666315E-4,0.013410122056382184,0,1
-7.934740381919092E-4,0.013126909297747513,0,1
1.9917046353284457E-4,0.012167308963002058,0,1
-0.0033625233243466403,0.011497274045286178,0,1
7.293993815302201E-5,0.016081256419571224,0,1
-5.794482506076289E-4,0.013336495934843156,0,1
-5.364046334173528E-4,0.013473851009681452,0,1
-9.858737580615027E-5,0.01388901383571337,0,1
-5.521700546398686E-4,0.011038679594229777,0,1
7.526179500487044E-4,0.012248345407246673,0,1
9.316379997078482E-4,0.012995953898231051,0,1
-9.694132295179154E-4,0.010589171747767728,0,1
-6.032083947595219E-4,0.012700283652345878,0,1
-0.0014910159946464811,0.012505809029737976,0,1
-6.001278566684666E-4,0.013078739204603571,0,1
5.322127027349926E-4,0.013204835851662553,0,1
-2.2150075261822386E-4,0.012703776884132443,0,1
8.045187406330153E-5,0.012421625790703715,0,1
-0.001053669133548258,0.01193831387245696,0,1
4.3085039374872344E-4,0.012385555402077872,0,1
-4.781955798113495E-4,0.013077461458355257,0,1
0.0013780245325173922,0.012590895644862574,0,1
9.886411433415575E-4,0.010298988838476169,0,1
0.001208065717821685,0.012325762759504918,0,1
-5.955953821027306E-4,0.012130330828506713,0,1
-0.0025677449194711245,0.011595709436655515,0,1
-0.0017105525755442047,0.009240978550796817,0,1
6.803751320246485E-4,0.012504606093797195,0,1
-0.0017208625158414417,0.012875827188729604,0,1
-0.0015925408086473844,0.012495867242307253,0,1
-2.141011376416039E-4,0.012617539426649269,0,1
-8.937947958237743E-4,0.0118055139243684,0,1
-0.0017333753717623983,0.01283658192174075,0,1
-6.431065280651355E-4,0.013081792444824204,0,1
-5.824970234308426E-4,0.012789614538473932,0,1
-0.001309220037071661,0.014023231762823237,0,1
-5.28004082725323E-4,0.01227102396280471,0,1
-0.0017203843855006248,0.010186275638225504,0,1
-8.643929811753146E-5,0.012590881237447057,0,1
5.57071516526469E-4,0.0113959153495537,0,1
-6.396665123834688E-4,0.012691011947839757,0,1
-6.564669074461144E-4,0.01212798641955083,0,1
-6.105861907113059E-4,0.011079830710509123,0,1
-1.7778235397397334E-4,0.011957785760351173,0,1
-9.732276829952027E-4,0.012108067021440213,0,1
-4.0222453861182145E-4,0.012317258644734508,0,1
-0.001039431173902926,0.011901579803258676,0,1
7.943353941055078E-4,0.014467786823239178,0,1
1.5223614408577742E-4,0.010983171820582867,0,1
-0.0016847270649648608,0.01209257281489661,0,1
-0.001982068885597779,0.011175276785859936,0,1
-5.294395142481672E-5,0.011112416594360129,0,1
-0.0010271618936934384,0.016172258024586213,0,1
9.221044937627269E-4,0.012895625522386989,0,1
-2.838970608477031E-4,0.01225408706244431,0,1
-8.662266871592829E-4,0.014894169689786615,0,1
-0.0016127784372664076,0.015015578851760292,0,1
-4.427712544274411E-4,0.013763751147564257,0,1
-0.0024963078623622273,0.013989264675683448,0,1
-0.0010118442777660103,0.012427308809952804,0,1
-0.00121597558370392,0.013641853893422493,0,1
-0.0010952113961835502,0.01312731320517788,0,1
-0.0013772704644614189,0.013254878715661942,0,1
-0.0016809404903325024,0.014868401892017474,0,1
-1.944944775342327E-4,0.012949629734264268,0,1
-0.0020042210470751537,0.011251448539155568,0,1
-0.0012093008336526874,0.011594590158825718,0,1
-0.0024793123757161,0.009194153138268152,0,1
-0.0015662403477787995,0.013792467257708356,0,1
-9.747517299117403E-4,0.015121025463836518,0,1
-0.0013812438271820333,0.014461765377398832,0,1
-0.0015401310491207952,0.014743156233221009,0,1
-0.0014626435479099596,0.013790288302867949,0,1
-0.001116494436045874,0.012927988443480075,0,1
-0.0010483774467972395,0.013207207913507126,0,1
-0.0016393203812039383,0.01503981604491865,0,1
-0.0013478129711247827,0.013550808531890902,0,1
-0.0021585017876737554,0.012428239987767866,0,1
-0.002815068098024094,0.014547335642604896,0,1
-0.0022359042997031468,0.015693354523768157,0,1
-0.0010297029416622614,0.011349809237456238,0,1
-0.003703099985876091,0.013321431278817795,0,1
-0.0015378785829329009,0.013033802913408579,0,1
-6.456515491423174E-4,0.014043114727288695,0,1
-3.530449074178861E-4,0.014545258364303593,0,1
-0.0018359761829856965,0.01375482624273036,0,1
-0.00147963776573958,0.015498738369899465,0,1
1.932563118910566E-4,0.014361991745755196,0,1
-0.0024322594377452745,0.013187842089519975,0,1
-0.0017263114609134393,0.013541714468938601,0,1
3.3934135277730814E-5,0.01404702739428971,0,1
-0.003528123443334289,0.01315980302878131,0,1
-0.001207954276677287,0.01285627240168782,0,1
-0.0018471541307972018,0.013410147186207911,0,1
2.790911347063734E-4,0.012568194566106222,0,1
-1.6866593490914194E-4,0.012929404140954451,0,1
-0.002118082909167495,0.012150491262618003,0,1
0.0010325368452444332,0.010873972049688577,0,1
-0.001299597085858278,0.016039538739034388,0,1
-0.0013191689903956222,0.014430224738674334,0,1
-0.001020856009988442,0.015443002068468428,0,1
-0.0022794280472986754,0.012520389423888181,0,1
2.8565676553650183E-4,0.012961113230510933,0,1
-0.0038220173140642035,0.013201582155496222,0,1
-0.0014746140600292897,0.013977273612286211,0,1
-0.0013330307656744943,0.014115209270905066,0,1
-0.002136568204860269,0.01302965391717655,0,1
-0.0018042058747007358,0.01163300816351994,0,1
-0.0015037357624571146,0.011835533131461027,0,1
-0.002797450596068328,0.012851307640541529,0,1
-0.0013105824150309111,0.012044829202857859,0,1
-0.0018043781552112316,0.011945489018623745,0,1
-0.0018919002388381018,0.014909688611795969,0,1
-0.003491178222899537,0.01676045443465251,0,1
-0.0025104072133636454,0.014435713084584564,0,1
-0.0013158894791711472,0.014761835581407309,0,1
-0.0011104192312769684,0.013777174279241453,0,1
-0.001507434594936093,0.013817653760275467,0,1
-0.0010691820321224355,0.013050345796209893,0,1
-0.001539255122373214,0.014641083400263965,0,1
-0.002070325108176754,0.013294676917942092,0,1
-0.0015143996482207846,0.010732966674315825,0,1
-0.0014078069181894068,0.012682465125806576,0,1
-0.0013975931399626072,0.011978332440907862,0,1
-5.682888790090974E-4,0.011503393707253541,0,1
-0.0013434945278537446,0.010791707789901685,0,1
-0.001599491740885842,0.014822742701447945,0,1
-7.312567110912953E-4,0.013696238289974717,0,1
-0.001791210478713587,0.014210901483612096,0,1
-0.0019457315699849447,0.014163606037934724,0,1
-0.002150381079927492,0.012889116613173051,0,1
-0.0019414145696081398,0.015459026731638643,0,1
-0.0013992063533554376,0.010829506027965532,0,1
-0.0011596813211128272,0.01370440487734274,0,1
-9.614397926376979E-4,0.011215538980783148,0,1
-0.002423445560560584,0.01380716278013209,0,1
-3.930822564089826E-4,0.012607159444965614,0,1
-7.674878313881191E-4,0.011520805493657084,0,1
-0.0013976680128168191,0.013793549378750554,0,1
-0.0013582267740704424,0.015955852249698966,0,1
-0.0013697785424775036,0.015747909293375044,0,1
-0.0030563232028465834,0.014209498268062266,0,1
-0.002608373502729878,0.014971804802446814,0,1
-0.0015963802067746576,0.014046952253152577,0,1
-8.868716648048033E-4,0.013498646046637445,0,1
-0.0016572646556717045,0.012479244904465649,0,1
-0.0019935942904632307,0.01320150914039087,0,1
-0.0017358745833542118,0.011780020253779002,0,1
-9.22029298679382E-4,0.012969738722592408,0,1
-0.002550118966104534,0.012255372351836746,0,1
-0.0016879378616760988,0.012383892080724039,0,1
-0.001601086632172028,0.01259733748816792,0,1
-0.0023420541975184657,0.014398363560584776,0,1
-0.00276931121135669,0.014563147861502883,0,1
-0.0016034225217053258,0.013649821514264806,0,1
0.00102139776412772,0.014891174111863036,0,1
-0.0029589078194663236,0.015132037128222,0,1
-0.002506412429781899,0.01405403403093086,0,1
-0.002176706065935186,0.01360655411360417,0,1
0.0012296288972628924,0.01492294580975138,0,1
-8.210694575041859E-4,0.011811881161359384,0,1
-0.001666195285570434,0.012593972268865017,0,1
-0.001775019421148082,0.012493420354197805,0,1
-0.0014944674070037551,0.013427864307198358,0,1
-0.0023908966767568498,0.014194903174508515,0,1
-0.001671372231911946,0.015233819470469331,0,1
-9.689808842002602E-4,0.013390986621092962,0,1
-0.001956086053687301,0.014555330498114806,0,1
-0.001918705882945094,0.013839413971318527,0,1
-0.0017390542952793549,0.014990323818189858,0,1
-0.00267584587211374,0.012900101114919635,0,1
-0.001756616852579863,0.013940446846038733,0,1
-0.002435702632723531,0.013223364969772744,0,1
-0.001434163092868522,0.013344863604941363,0,1
-0.0020417763133238464,0.012005016791398773,0,1
-8.205489160853958E-6,0.015373407650814313,0,1
-0.002087595518325538,0.015289043026366689,0,1
-0.003711729717169962,0.015496990889905578,0,1
-0.003306390839702335,0.013667460670732375,0,1
-0.0021447614700213394,0.013198368124908572,0,1
-0.005112709219654418,0.012874680855909825,0,1
-0.0012736176469802728,0.012402357477693233,0,1
-0.004692410350337067,0.010455054843152133,0,1
-0.0014458263651194333,0.013038562797966911,0,1
-0.0011744857483495185,0.013082958652626075,0,1
-0.0017600948587733688,0.012898825086068598,0,1
-0.003615755447858516,0.013847342029131198,0,1
5.417056479752953E-4,0.013819239741873579,0,1
-0.0022138555130747084,0.014633623866376231,0,1
-0.0022950683598324554,0.01432239812814201,0,1
-0.001983430463714631,0.014065774047149758,0,1
-0.0040513092972542745,0.011160701808573781,0,1
-0.002052268511448146,0.01497670554948957,0,1
-0.0012777385612918692,0.012931623316384956,0,1
-0.00364218648749132,0.012916107081365227,0,1
-0.005468650927255383,0.013713435163380411,0,1
-0.001979577060608116,0.012497728866319493,0,1
-0.0019403302204877041,0.011943395494815089,0,1
-0.0016812912991023572,0.013818201328352831,0,1
-0.002259395112230363,0.014645974050482981,0,1
-0.0021345691141315053,0.014616412040277306,0,1
-0.0042121804347450545,0.01533203519669166,0,1
-7.897607775755581E-4,0.011424042548343259,0,1
-0.003944330734531691,0.013873214751621636,0,1
-0.0021108676837597903,0.013505438974578456,0,1
-0.002185878221704,0.013261197980672308,0,1
-0.0026929600342565124,0.013736779056133611,0,1
-3.957658686985618E-4,0.012462042813474534,0,1
-0.002276349387195296,0.015022602808141503,0,1
-0.002499639052332053,0.015465138820373195,0,1
-0.002515987615987341,0.014674364969705863,0,1
-0.002241708864538057,0.014217315111535567,0,1
-0.0017794966799437682,0.01386480796396885,0,1
-0.0027621981659318273,0.012892799252716698,0,1
-0.0013751058827121724,0.014840545886401525,0,1
-0.004242868148630762,0.011963379189886778,0,1
-0.0022050133589198444,0.011663576055853293,0,1
-0.002644756464200742,0.011658196365091019,0,1
-0.0019109997235248943,0.014735449938906962,0,1
-0.0022564189006556473,0.015043023097677419,0,1
-0.0025752904463175884,0.014531643405357089,0,1
-0.0030236137433468364,0.014316416420881014,0,1
-0.001646898967784556,0.013920127602498925,0,1
-0.00310352930903331,0.013143151669328577,0,1
-0.003011759637141835,0.012585474603933907,0,1
-2.4141864606464002E-4,0.013199646858261716,0,1
-0.0018474093345960765,0.012925980081020558,0,1
-0.0025248249737689138,0.01277625347605828,0,1
-0.002071798089946332,0.01599940545401231,0,1
-0.0016761743156389944,0.01592492560847748,0,1
-0.003054044469416708,0.013507211563135368,0,1
-0.0011410720248986068,0.01191668096795428,0,1
-0.0010831497708639246,0.010310897970104165,0,1
-0.003794991334964164,0.01095005386178598,0,1
-0.002987417532666601,0.012373284576398134,0,1
-0.0029508719617090426,0.012975310837291901,0,1
-0.00226554359393341,0.012344553901201939,0,1
-0.0022386623930990357,0.016127238765543617,0,1
-0.002290516834026126,0.014724067546096392,0,1
-0.0040789726838898034,0.012756529254600656,0,1
-0.003126177098847708,0.015532664298406348,0,1
-0.0023846764707035834,0.013714945709634883,0,1
-0.002969559279086973,0.014514057696179639,0,1
-0.002540751158064499,0.012422918657609474,0,1
-0.0023659752269387232,0.012760945291042458,0,1
-0.004468125613122249,0.016350211637681064,0,1
-9.447884608569566E-4,0.015875063304575096,0,1
-0.0039816757887578815,0.0149937106341896,0,1
-0.0033310252089239372,0.013934192593727936,0,1
-0.003767016085865836,0.014582714034733825,0,1
-0.003910618098591631,0.015322807144280233,0,1
-0.0015613173452892807,0.013080067888862427,0,1
-0.0033013801648870008,0.014112891334557986,0,1
-0.0026047549155058854,0.0130298781096638,0,1
-0.002664756112517059,0.014338989198124718,0,1
-0.003697755272713325,0.01563154478525429,0,1
-0.0027586405609665923,0.013766713800062063,0,1
-0.002757708811150815,0.013855441256862513,0,1
-0.0036354509156693296,0.013352389916527931,0,1
-0.0035855597121001357,0.014216169478440465,0,1
-0.001868171554804336,0.009555987811736315,0,1
-0.0024640485237706652,0.014917016690218722,0,1
-0.001882705565903056,0.014600743050557578,0,1
-0.004523486432192445,0.013488650759020247,0,1
-0.0035081950990680875,0.013430504007202936,0,1
-0.0030289745648770976,0.014627083736800342,0,1
-0.005165874420675946,0.011142542564110031,0,1
-0.0024270638581110754,0.012356916815845399,0,1
-0.0031791645944600913,0.014151422052660583,0,1
-7.773869390074186E-4,0.015263717643660545,0,1
-0.0033001123419301595,0.012835880265242626,0,1
-0.002475994162718362,0.013351161809393778,0,1
-0.003043845774906524,0.013388176290113454,0,1
-0.001923389616360176,0.015160230851398266,0,1
-0.0022373642090485054,0.012143973757944695,0,1
-0.0028883946544081378,0.014769387210775647,0,1
-0.0030634782834481514,0.013892741349497707,0,1
-0.004020997329361302,0.014255023270981979,0,1
-0.004584931454980082,0.01220126273904761,0,1
-0.0017944290159791034,0.012831365164038986,0,1
-0.0014735407801211911,0.011950768423932554,0,1
-0.0022174493193732963,0.01392324383735956,0,1
-0.00205661572880378,0.013527569069900887,0,1
-0.0015090110607692893,0.014531407745849352,0,1
-0.0034876956958837632,0.013866750279981955,0,1
-0.003185590638791589,0.0127501644676328,0,1
-0.002024578370643764,0.0119224507682046,0,1
-0.0033753901565196772,0.012842917807204713,0,1
-0.0032145224524120523,0.013980701779609696,0,1
-0.003763314748910593,0.012667669167538854,0,1
-0.0017300543505631308,0.014256464380930242,0,1
-0.0015316793344430637,0.015267531132579672,0,1
-0.006331658902367399,0.013546145641511256,0,1
-0.005100410279335432,0.01786921337107977,0,1
-0.0031269040944539106,0.014105250688058147,0,1
-0.0020099305457140057,0.013596964576734717,0,1
-0.002398098989470785,0.01407777018511042,0,1
-0.0030343514307694893,0.01454722968016789,0,1
-0.001772236804903673,0.014276239623976299,0,1
-0.002805543772317734,0.013859104319214022,0,1
-0.004102989621883336,0.013403296209175887,0,1
-0.0044717696142617105,0.012702443962876168,0,1
-0.002893888371934524,0.01277191116997902,0,1
-0.0027598066518173844,0.013226413521366805,0,1
-0.003496947727726071,0.013449795140687115,0,1
-0.002619307200181681,0.013270171331554441,0,1
-0.005495985740481299,0.016997652180693736,0,1
-0.003397798258234912,0.015156295820822428,0,1
-0.003236560641073778,0.013198153363673144,0,1
-0.003106644447433754,0.013199211148697156,0,1
-0.002988785375354098,0.01068365640818997,0,1
-0.003967113494656854,0.014216109769710467,0,1
-0.005403462705502741,0.015999055668361885,0,1
-0.00380122412815191,0.01441728795247737,0,1
-0.0033417887071816505,0.013126632328707113,0,1
-0.003606052494060996,0.014214938653003852,0,1
-0.003803912165134909,0.013700002739632492,0,1
-0.0018898851045912896,0.015358647667961115,0,1
-0.0036032889303303046,0.01399016548448313,0,1
-0.002723300827769205,0.013726925993424496,0,1
-0.004293352330857597,0.015285607501884808,0,1
-0.003948949334262725,0.014586171518251766,0,1
-0.004192876511343971,0.014948579440830593,0,1
-0.0031202118502627885,0.015140696527517329,0,1
-0.00204072097685155,0.014816376296472202,0,1
-0.006301219302715828,0.013289573340351427,0,1
-0.0030319815629745585,0.013516046790912941,0,1
-0.00199514537424368,0.013826087169404647,0,1
-0.0026529885887498802,0.012344872846996513,0,1
-0.0030821066183458665,0.012733484907895488,0,1
-0.0022125373086306493,0.012339818541562514,0,1
-0.0022765601866160507,0.012528973171834603,0,1
-0.0013416465962595833,0.0128916788398764,0,1
-0.001922857609484707,0.012228005033850277,0,1
-0.0018423715347337599,0.012049953914202462,0,1
-0.001670372232867765,0.013075120703020074,0,1
-0.0024617436683901407,0.01197251445400522,0,1
-0.0028894947668915735,0.014575428579644997,0,1
-8.122751666446071E-4,0.011712152654180491,0,1
-0.004925175644770483,0.00984532983465208,0,1
-0.004732175046412639,0.015379655111557077,0,1
-0.0037884017698510686,0.013728492501372676,0,1
-0.0029073102904709908,0.013360244190917275,0,1
-0.002273748240925363,0.011236777992114597,0,1
-0.0022173664676477284,0.01417430549729149,0,1
-0.0031052574515791718,0.012685243490576365,0,1
-0.0038300393255917254,0.0123774565285332,0,1
-0.0018741123367816486,0.012403955480934276,0,1
-9.30121070514728E-4,0.011782058710487523,0,1
-1.993618706253667E-4,0.01270332409403799,0,1
-0.0036822403610781186,0.012802829484556662,0,1
-0.0015208861863868879,0.01226426085543309,0,1
-9.061422206916482E-4,0.011390765635333183,0,1
-0.0020597494449891866,0.011721052986527904,0,1
-0.0014939360298695142,0.01163568747971624,0,1
-7.459660579008393E-4,0.01139969742212459,0,1
-0.004046043837193323,0.013436935944133751,0,1
-0.004896939771791445,0.014091260126191493,0,1
-0.003563762272878691,0.01503932192300807,0,1
-0.004651371063619128,0.012996898564778946,0,1
-0.00365004326927188,0.013304835314979457,0,1
-0.003301444968686396,0.013404841756520071,0,1
-0.0030214478893189063,0.014400787345212548,0,1
-0.00397145755653125,0.01181670000030073,0,1
-0.0030502484412812778,0.01275918637234559,0,1
-0.0022406263286503737,0.01301798296190864,0,1
-0.001922850619102169,0.012182939010069763,0,1
-0.0021894596753504023,0.012507633273626168,0,1
-4.413562182431623E-4,0.012515942466129932,0,1
-0.001902313004296717,0.011914839702891686,0,1
-6.612792230762132E-4,0.011230829706947904,0,1
-4.0321232387944666E-4,0.010081724356685855,0,1
-9.228382807623916E-4,0.008078669625724696,0,1
-9.127147879216954E-4,0.011056653674786546,0,1
-0.0033810974015763763,0.014016632119451075,0,1
-0.004315704604453009,0.013943764620394213,0,1
-0.002593267004701068,0.014895787381924678,0,1
-0.004841188929101075,0.012752426125291512,0,1
-0.0014114070274568187,0.013865785982558394,0,1
-0.003956266697811407,0.012680584207965768,0,1
-0.0033481681970421425,0.012239541857501285,0,1
-0.003886726794561191,0.012201016664370444,0,1
-0.0038618276228492097,0.011665585837301666,0,1
-0.0022406249868888437,0.012077452314770878,0,1
-0.002629664653109811,0.012451721300001897,0,1
-0.0013442808725393465,0.013383643644179552,0,1
-0.0012075258440599785,0.011844375527121684,0,1
-0.004176109176191598,0.012994684658112968,0,1
-4.964819137622693E-4,0.009033566918029307,0,1
-0.0010708108655231446,0.012910313880916853,0,1
-0.005294626410326345,0.013312381189013555,0,1
-0.0036702374112023194,0.013638563685857311,0,1
-0.004744998152013064,0.012733693573362554,0,1
-0.0044618912451579815,0.014141039960349802,0,1
-0.003853689378038187,0.014448646232610598,0,1
-0.0031638503569889624,0.011854806061320255,0,1
-0.003662125152169068,0.01359631046093698,0,1
-0.003515126184025911,0.012427525690200027,0,1
-0.003572570578386742,0.013876913792353722,0,1
-0.0026718878951683006,0.012695583096383328,0,1
-0.002456909252680956,0.012128420178153533,0,1
-0.0033876752757670383,0.012323720521455354,0,1
-0.0036840034822850543,0.012028529945714355,0,1
-0.0020915042274670587,0.011753104332092519,0,1
-0.0014693268152062148,0.010742799393824932,0,1
-0.001062472403255101,0.010535974228680006,0,1
-0.0015413490240702428,0.010881122779554038,0,1
-0.0039409635862270725,0.013261833200407518,0,1
-0.004559178722493658,0.013765975818530462,0,1
-0.0039052008844768778,0.013031755694616438,0,1
-0.0036268832766305874,0.012633334398596027,0,1
-0.0012872709886000225,0.012608929998667109,0,1
-0.002496397924446639,0.011630744521130621,0,1
-0.0031626742543604714,0.01345702022399103,0,1
-0.00422691168881527,0.012266741978417763,0,1
-9.556519868189472E-4,0.01222788536610497,0,1
-0.0017704041034708091,0.012705541687105425,0,1
-0.0025755432355720935,0.012014817064037977,0,1
-0.0010471506739292268,0.012489277345824027,0,1
-0.0032239366312113165,0.013499766885707856,0,1
-0.0017380441938645306,0.012452434296391725,0,1
-2.1579639986960166E-4,0.013153665996718748,0,1
-0.0018008120916411657,0.013021637410837799,0,1
-0.003689682598430738,0.01572674820053653,0,1
-0.005420135163440539,0.016059625744594123,0,1
-3.2521929014792545E-4,0.011196335836603994,0,1
-0.0037018570176439243,0.010446900067417416,0,1
-0.0022170083640268533,0.012614560478268401,0,1
-0.003279734395151431,0.012590236215549786,0,1
-0.0029946508083474477,0.01264986111737445,0,1
-0.0020868557572894767,0.013696920163790852,0,1
-0.0020218335308146733,0.012271831292666943,0,1
-0.001951285580450579,0.012450845461750976,0,1
-0.0022353308475507477,0.01093950797703485,0,1
-0.002514870397593961,0.010541588329425302,0,1
-0.002102088821817743,0.011683173514622879,0,1
-3.0481416569134583E-4,0.009318456495584425,0,1
4.1132475029160583E-4,0.010878115058275857,0,1
-0.003732749233243658,0.013517841752997582,0,1
-0.0017405007719483055,0.01416424389834089,0,1
-0.004992998242335288,0.012119812871676532,0,1
-0.0035907440307128887,0.013410929695718962,0,1
-0.0023185709908653293,0.012489287179257109,0,1
-0.002146137033980047,0.012537702384196672,0,1
-0.0028363893854032153,0.012375059351251765,0,1
-0.0029721035759945817,0.01129564301973859,0,1
-0.00298964558755601,0.01206809461428067,0,1
-0.0020752542211856543,0.01283039817177166,0,1
-0.002707056437406369,0.012844601686641666,0,1
-0.004335065801127243,0.012077604843438077,0,1
-0.0022916253300890722,0.01164138874049753,0,1
-0.0019089682007701078,0.011097188205945498,0,1
-7.359319406618091E-4,0.011020157949426094,0,1
-0.0045202521032846246,0.013750523207369445,0,1
-0.004002171142944682,0.013011755472906636,0,1
-0.004611268801489056,0.011872085747224889,0,1
-0.0039033445446471538,0.012963768153981486,0,1
-0.004000511977877095,0.01340747136278785,0,1
-0.0037363341818546975,0.012667333536714438,0,1
-0.0034887228432508364,0.01068843482455363,0,1
-0.0019211223450685576,0.012736827790217523,0,1
-0.0028451981527522403,0.01222908173687446,0,1
-0.0018827157275934211,0.011005766214283168,0,1
-0.0021441388300518878,0.012617049800770597,0,1
-8.571021508717722E-4,0.009544688737496821,0,1
-0.0022770753638645474,0.012135908291162305,0,1
-0.0021037253291770583,0.01442162814968569,0,1
-0.003272978026419492,0.015613398538826722,0,1
-0.004049048741124705,0.01276281583277057,0,1
-0.0055375032519557705,0.010987737849840622,0,1
-0.002611654851143948,0.01162836412310952,0,1
-0.003095503848257068,0.013634498847028925,0,1
-0.003506432291256736,0.012094655807353543,0,1
-0.004350478823402792,0.012971898014707352,0,1
-0.003045100822656456,0.012279121587287055,0,1
-0.0031125299033174206,0.011799159409448994,0,1
-0.003574327757622455,0.01152326023261016,0,1
-0.0022961279397580095,0.01183533225696273,0,1
-0.0026983593330703443,0.011500076528661963,0,1
-0.0013954388392781738,0.012754755516198694,0,1
-0.004405454431013601,0.011095728785287801,0,1
-0.00550923275052169,0.012282900465029362,0,1
-0.0037063331372415164,0.010699446199882437,0,1
-0.0038400530166576297,0.01249442294935931,0,1
-0.004079477286006011,0.009689390223640628,0,1
-0.0022146467643590533,0.010853408358967661,0,1
-0.0015259823634405675,0.013469159079931474,0,1
-3.752193978071561E-4,0.0117972789187509,0,1
-0.003091825484399806,0.012259750780893457,0,1
-0.0027492054002771723,0.01188526913015848,0,1
-0.0022320411363932367,0.012703946656373347,0,1
-0.0018438598423612387,0.011666271411263328,0,1
-0.0031678418927927466,0.010597941917186882,0,1
0.0012346150198298048,0.01156620995948452,0,1
-0.0011146085586973,0.01109748090085031,0,1
-0.0028109651539379387,0.0126798794306383,0,1
-0.004229220179595972,0.014013101475772864,0,1
-0.003988627963539304,0.013131358645023659,0,1
-0.00304594735081746,0.013039340946933847,0,1
-0.0040466539427384905,0.013091883722750958,0,1
-0.004624391149358209,0.011501824220448188,0,1
-0.0024833565810336673,0.01130193417484836,0,1
-0.003583261255631983,0.011909093845633609,0,1
-0.002884162631798744,0.01177571976177809,0,1
-0.0025976364172813435,0.011506088168990134,0,1
-0.0011534553989713278,0.010909370766788565,0,1
-0.002266393377175411,0.011087154538947961,0,1
-0.0025526754393873493,0.011388814888162539,0,1
-0.004697621411705868,0.012873650624744182,0,1
-0.004232974175629528,0.012885841194986293,0,1
-0.003489628655449838,0.011664109217004759,0,1
-0.00273992999696907,0.011865042839481586,0,1
-0.003775628010059095,0.01150752143163905,0,1
-0.0037427016462435307,0.011262979538933371,0,1
-0.003667815198737027,0.012196607951901094,0,1
-0.002643938754487286,0.012424800751974392,0,1
-0.0032156116478430346,0.011190258183198213,0,1
-0.002121377786743267,0.011387819646085748,0,1
-0.002625051682057333,0.011918293328051935,0,1
-0.003428463238178814,0.011339852857714845,0,1
-0.0030787651428449865,0.01251440897109744,0,1
-0.002981562853653745,0.014013270622048848,0,1
-0.004737399146551965,0.012476836292017528,0,1
-0.004092237788016822,0.011912874701708336,0,1
-0.0029223643731640225,0.011319062381634364,0,1
-0.0034764387326067085,0.012043595558146136,0,1
-0.004809622701139645,0.012020907021010151,0,1
-0.0010580734411104553,0.011348563101217487,0,1
-0.003010867500081854,0.011807357888273508,0,1
-0.005493401129737445,0.012596712052216115,0,1
-0.0027872973018075037,0.012836943824996207,0,1
-0.0028774866320293627,0.011002869187195634,0,1
-0.0011834447918401467,0.01379864838878127,0,1
-0.005326662153745062,0.013972098993712526,0,1
-0.003556498719871052,0.011081289634379307,0,1
-0.0040542782320943695,0.01308860531109374,0,1
-0.0039259513370576374,0.012161351142497914,0,1
-0.004015496388091442,0.011671477231426588,0,1
-0.0018076631577801838,0.00926712983954243,0,1
-6.65889508527452E-4,0.011385355574131025,0,1
-0.003854317757008562,0.012003514317990377,0,1
-0.002967602215138076,0.012560602389333122,0,1
-0.0017124360842496692,0.011596900074230861,0,1
-0.0021543922084423127,0.011483214744263805,0,1
-0.006203089467510168,0.01394789698667985,0,1
-0.004457000062713082,0.012986575591487503,0,1
-0.005381933691947349,0.013148434662580335,0,1
-0.0043170384745767915,0.011854777914528472,0,1
-0.003955501104794665,0.011118272240583342,0,1
-0.0038685930989178986,0.012531804285350156,0,1
-0.004358714270990141,0.01128877975044781,0,1
-0.005073189226528466,0.014459998592979114,0,1
-0.0037688211925128094,0.008218038215956383,0,1
-0.0036152371068876436,0.013103716532819337,0,1
-0.0037556290581115953,0.010476730673787887,0,1
-0.004233768826916929,0.011983215129976243,0,1
-0.004256143386731526,0.012286151275381211,0,1
-0.007320874045687562,0.009693633431475508,0,1
-0.006932908012912551,0.013819867989790591,0,1
-0.003681941182592525,0.011717938100724528,0,1
-0.0061725276907827675,0.010798319769397512,0,1
-0.00309652841695183,0.011252669041462592,0,1
-0.003769481979668056,0.011488824768966368,0,1
-0.003913319868562209,0.010414390375174151,0,1
-0.0018463267210361678,0.010792240284474251,0,1
-0.0024398701752723797,0.010144948855703361,0,1
-0.005102638975859614,0.012179165302959743,0,1
-0.004196208287007513,0.01223307605603907,0,1
-0.005329641491335975,0.01303326997749109,0,1
-0.002764807498882754,0.009101528271693889,0,1
-0.0044834716288539795,0.011529608521124295,0,1
-0.002607011333009707,0.012405462895660774,0,1
-0.002484532733036824,0.012242910528822842,0,1
-0.0027140807418775084,0.011998928687275985,0,1
-0.005466716363230035,0.011510182663994558,0,1
-0.0045137098155707935,0.013106328024458222,0,1
-0.004054961473562342,0.011998806543204395,0,1
-0.004825579358620425,0.012428744478890105,0,1
-0.00375922159052732,0.013265496398372646,0,1
-0.0043721103913349265,0.012102622806736092,0,1
-0.004597228568495571,0.010628507080985544,0,1
-0.005205598578730906,0.011542761249773993,0,1
-0.0034685672533002238,0.011209939038138965,0,1
-0.0039070464386093415,0.0102591691267213,0,1
-0.003385754934021374,0.011097853344411457,0,1
-0.0033803710340842047,0.010137489444699306,0,1
-0.0019186172780605738,0.012676758916707536,0,1
-0.0040232936742791965,0.011906140542468085,0,1
-0.002490780135107158,0.009819725841836756,0,1
-0.004242839598990323,0.011314520913394884,0,1
-0.0038634807282669275,0.010825562977906177,0,1
-0.0034688075160802232,0.011257997274215904,0,1
-0.003590264568800657,0.011893414366057028,0,1
-0.0030307202154644794,0.010846785066341274,0,1
-0.0027260903950038994,0.011648292608860111,0,1
-0.00415630318010814,0.011339847679256384,0,1
-0.00609299808552385,0.01332945752768529,0,1
-0.007076856764715762,0.014187027880605486,0,1
-0.004298236763351068,0.015469922443274295,0,1
-0.004395508113802092,0.012948986837492208,0,1
-0.0035250690231393563,0.01128669645188339,0,1
-0.003427251952655726,0.01111701025792719,0,1
-0.004403965117287925,0.011477189567478164,0,1
-0.003615652084852682,0.009529835026495025,0,1
-0.0025659786727480712,0.011245691705813668,0,1
-0.004511891288741361,0.01213674681677597,0,1
-0.0049764814379806505,0.010835390343602305,0,1
-0.003255025009256367,0.013188322583825515,0,1
-0.004228801402240575,0.011892417288473369,0,1
-0.004768442457350962,0.011254387921621412,0,1
-0.004576716925305004,0.011340091858333502,0,1
-0.003183403969201827,0.009635008580881399,0,1
-0.0026522273813068195,0.010898839117517545,0,1
-0.004379043153780366,0.01198353363138766,0,1
-0.003478778736663443,0.011824775549358,0,1
-0.0034225470975566604,0.012722301088379613,0,1
-0.003889195660067572,0.011642739608993072,0,1
-0.00404329340411324,0.011464659434911009,0,1
-0.006201494144177369,0.01290932130255158,0,1
-0.003716609743025284,0.011320853388655997,0,1
-0.004366688192283155,0.009885807315468564,0,1
-0.004095869170367659,0.011907927449437052,0,1
-0.004527238355920599,0.011916110511878549,0,1
-0.005084702929869601,0.012310875504891194,0,1
-0.0038352080098728444,0.011383953178899037,0,1
-0.003492287621789414,0.011127739699248306,0,1
-0.004024990550238838,0.011379507256557774,0,1
-0.004482799399858994,0.010390231132282598,0,1
-0.0027658570288131355,0.010171225599184685,0,1
-0.0052882030899663555,0.011555249104348577,0,1
-0.004514710755046459,0.011454181980842252,0,1
-0.00515442983439224,0.011952851466282796,0,1
-0.005317973782033027,0.009037810522536454,0,1
-0.0037382903178553124,0.011585211335633238,0,1
-0.0035795624159382002,0.010973439170310018,0,1
-0.0032476018701469386,0.010986151924142153,0,1
-0.004812780227704045,0.01220007550330298,0,1
-0.004045733603835376,0.011100307790064417,0,1
-0.004450137670370463,0.012738498788738858,0,1
-0.004521831356295325,0.01131727244138222,0,1
-0.0036585037154115963,0.011155510502814369,0,1
-0.004523788531150372,0.010610588710658352,0,1
-0.004646574224714379,0.012092988853948293,0,1
-0.003637560415499574,0.012550322660548776,0,1
-0.0015944385304282411,0.011225908659451013,0,1
-0.005026876777442025,0.011708660418963202,0,1
-0.004542456464649695,0.011107609574355415,0,1
-0.005153491788998623,0.011215017042325972,0,1
-0.0038156980731116757,0.010588652485287517,0,1
-0.004644701861058956,0.011284900394607632,0,1
-0.005511996953681174,0.010184475540086885,0,1
-0.004901333321963423,0.010329670281214757,0,1
-0.006068338083063906,0.011481259483448223,0,1
-0.0025619560982800232,0.010658225396406248,0,1
-0.005555367283742094,0.012416492856659342,0,1
-0.004702623942605907,0.013253480234372509,0,1
-0.0055529924156733,0.011075566194635346,0,1
-0.0043707055544729935,0.010842747925408524,0,1
-0.004207945360205188,0.009442678080484131,0,1
-0.0020312222559603905,0.009169291561977547,0,1
-0.004652985965129034,0.010941613613172037,0,1
-0.003634354235793509,0.011337562682556925,0,1
-0.004948104892582637,0.011492623059789788,0,1
-0.0044931881030257905,0.010806713653777432,0,1
-0.004556194525061448,0.012156361903775722,0,1
-0.00467241277121742,0.010863036753004505,0,1
-0.004542048501312935,0.01085090804673708,0,1
-0.004785321908700475,0.010775493203018191,0,1
-0.003176345859885196,0.010175624145178865,0,1
-0.005297181354462876,0.010753726286782056,0,1
-0.0046875141491388534,0.010906641715743882,0,1
-0.004163928418382634,0.010952403000365294,0,1
-0.003760329580738616,0.011858104998050713,0,1
-0.004924171604953152,0.010931275411249287,0,1
-0.005247835138330875,0.010523813456850026,0,1
-0.003850813980057925,0.010367865550142382,0,1
-0.0040123268154722315,0.011526315554799885,0,1
-0.005027533165227367,0.01178545998072351,0,1
-0.004486593119385555,0.011019767565559054,0,1
-0.0053903770566538995,0.011652906731507321,0,1
-0.005124792335178269,0.011126519621522946,0,1
-0.0044417767785022225,0.009663254950560933,0,1
-0.0031881439490973663,0.010087126724118321,0,1
-0.004804008809049581,0.01042436275178342,0,1
-0.005058372383771687,0.010486215270687941,0,1
-0.00459979992341094,0.01039609283568277,0,1
-0.006668171050436799,0.009590414352924322,0,1
0.00674238307748877,0.012268777964920869,0,1
0.00447088112038447,0.014195820463226668,0,1
0.00828969600679686,0.013347598082730242,0,1
0.006352699129880157,0.012213133987848936,0,1
0.0064690328210805755,0.013435670555681798,0,1
0.007129813283661051,0.011853329495996559,0,1
0.009192040375510921,0.009769284417566637,0,1
0.006762125699272379,0.011228456895848294,0,1
0.0077975121202248565,0.009787684266570786,0,1
0.007252552157033934,0.010989783930075929,0,1
0.007718331402279447,0.010334152869702625,0,1
0.005350881587523137,0.010172532114194941,0,1
0.005899679676717089,0.010038306270122687,0,1
0.007561306560913381,0.010118057529045418,0,1
0.008365476329177163,0.009548179787931477,0,1
0.007928349952247936,0.007936152712099184,0,1
0.00733794448282553,0.009323522684740002,0,1
0.007186887636392298,0.009755444977475679,0,1
0.006566398070214131,0.008994639138835168,0,1
0.007725127703065904,0.00899297375003098,0,1
0.0077833992872675005,0.013953460922558409,0,1
0.006101306377132645,0.013138803125210444,0,1
0.006161736410756728,0.012632096355483458,0,1
0.005728769565541892,0.012826246001472478,0,1
0.0050062543581772595,0.010951990739183135,0,1
0.004400172705536362,0.010769798496661005,0,1
0.006512812252636889,0.011044667425707179,0,1
0.007244587204710192,0.01105945576217574,0,1
0.007793635276182856,0.012539871657891033,0,1
0.0073112341056859285,0.010534042195272523,0,1
0.007846969542895032,0.010867837506003744,0,1
0.006872736002554881,0.009408002099863946,0,1
0.008062894755688024,0.009113718698202081,0,1
0.007401407387887247,0.011936581881546365,0,1
0.006926630846737069,0.009529686388742563,0,1
0.006811493616284335,0.008075326595469215,0,1
0.007811515557649321,0.008486757128557136,0,1
0.007240674115622739,0.009013181349869476,0,1
0.007291525604666009,0.013781531872576427,0,1
0.0037646504904697994,0.01118708453247914,0,1
0.006357081083028942,0.012374787540394555,0,1
0.008946155056653186,0.014866678146129981,0,1
0.006869568150992261,0.012115705282080308,0,1
0.005568761467378007,0.011407559683247576,0,1
0.005887226544294072,0.010295906441387458,0,1
0.006727938992492724,0.010380428056823415,0,1
0.0056950578071238295,0.01051170547676405,0,1
0.007870338055030134,0.011979663531375773,0,1
0.005721308173627125,0.010446285813621638,0,1
0.007179124424871623,0.0070544826574507075,0,1
0.005899118939231743,0.010636118821763888,0,1
0.006063826265869538,0.009863455159560096,0,1
0.006021050597939832,0.010015691487145019,0,1
0.007286904384559011,0.010113280293507883,0,1
0.00697298075539733,0.00943045047033533,0,1
0.0072791277303387155,0.009190380133556079,0,1
0.008441459260310922,0.008758037221570316,0,1
0.007797247671969749,0.011860469479615644,0,1
0.007763987225855213,0.012861672293107673,0,1
0.006635629148960517,0.011865258278354392,0,1
0.007611700735147446,0.012562302096646173,0,1
0.004792813440778942,0.010140843963737739,0,1
0.006650062446419118,0.01141607448317649,0,1
0.005831143124768536,0.012117803707202165,0,1
0.007542148710700597,0.010891393659420967,0,1
0.007236997812203478,0.010844233867674411,0,1
0.008361241442721191,0.011361252226832807,0,1
0.008073307485449264,0.009599365813711881,0,1
0.00502863736110463,0.006541061363597439,0,1
0.007411934241856437,0.010331585639691677,0,1
0.007019369329660555,0.009821405729043315,0,1
0.009841440091419145,0.011298836514244927,0,1
0.00697321411361848,0.00870125001391904,0,1
0.007251768503190826,0.008281840442782525,0,1
0.006112508386815856,0.013602207800409168,0,1
0.0065499193393797304,0.012551064005113601,0,1
0.007001363690972845,0.01232032215955006,0,1
0.006757553732491017,0.012191793825857252,0,1
0.00785969555793784,0.012570491251679028,0,1
0.006745814954386155,0.011028227998191828,0,1
0.006377334068509219,0.011708526048854367,0,1
0.007953561020336912,0.01147805677978552,0,1
0.007089858067727483,0.010607140304249852,0,1
0.005907488952865593,0.009983162379574287,0,1
0.004680278784518098,0.01376443193621499,0,1
0.006881392407853824,0.009597427976224053,0,1
0.009212095401957361,0.009965979299832351,0,1
0.008210512643675004,0.01024450068557053,0,1
0.00823275193842703,0.009833117023983241,0,1
0.005849011544466504,0.007682832931633372,0,1
0.006971244983378665,0.009065895203606622,0,1
0.005542228978047761,0.01035768842816361,0,1
0.005851493594415374,0.011364535186334802,0,1
0.007843157967577256,0.014955951467656617,0,1
0.006603797031868162,0.01214543281235078,0,1
0.009177695367293322,0.012394244070490465,0,1
0.006087279661841663,0.010518182563351767,0,1
0.00661941152604158,0.011315767722190216,0,1
0.005919966371991316,0.011150747153380608,0,1
0.006624776640293301,0.010552135751420475,0,1
0.00772549590180881,0.009943770938201485,0,1
0.00791001209608274,0.01055297001609311,0,1
0.0065093032317283354,0.011865106506406257,0,1
0.006889720640682465,0.010111270825897904,0,1
0.00603382488847364,0.013444468970444426,0,1
0.006825240408212369,0.010056172263537088,0,1
0.006894496183912275,0.00936990362563922,0,1
0.007462216806844169,0.00993659716497117,0,1
0.008006138105044655,0.012956844437568943,0,1
0.00597257637172286,0.01290627267116983,0,1
0.006329095377689265,0.012378658979088806,0,1
0.009076002052747478,0.012404172811552162,0,1
0.005339143314167692,0.01200384175236834,0,1
0.00539224832897407,0.013657204758865229,0,1
0.005500268907782479,0.012058179174548161,0,1
0.006567673263266181,0.010834942326823605,0,1
0.006087948066628021,0.00985712167764789,0,1
0.0046327638447989485,0.009750331357214093,0,1
0.007011944698274126,0.010042530423821236,0,1
0.0077067747349049195,0.010352525538052736,0,1
0.006756259094809431,0.010231265798602366,0,1
0.006662996720653124,0.009098660791456277,0,1
0.006039220069277245,0.009373670097601856,0,1
0.007796654991313375,0.009532721838136396,0,1
0.006903954869582788,0.008702382102135413,0,1
0.006503806292893947,0.012373194346919943,0,1
0.007608821568985753,0.012170451318830176,0,1
0.006982141336641646,0.01142256366253307,0,1
0.006697749007543158,0.011743798824070468,0,1
0.006705432923239597,0.011256476031882073,0,1
0.004596848863009153,0.00855513003583412,0,1
0.007080335405499132,0.011279388047210176,0,1
0.00648496990152431,0.010793293207974805,0,1
0.006703987297241057,0.010351485009987425,0,1
0.0069755901561553806,0.010507511768272599,0,1
0.006551554195999956,0.010977626487413959,0,1
0.005245148987948469,0.010773176162185075,0,1
0.006647965336677537,0.008857358452487463,0,1
0.005711258731828182,0.00866626320856918,0,1
0.007420612206056644,0.008625567033090713,0,1
0.006072347394800923,0.009237220076296855,0,1
0.008891049402736429,0.013379982713604705,0,1
0.005403395676177307,0.011361722961606044,0,1
0.006390260258866969,0.01191348760830533,0,1
0.003023997726772964,0.012236457211643998,0,1
0.006084033689597527,0.009960454333504332,0,1
0.006340625783571134,0.010761035182911846,0,1
0.007214962527602063,0.011624880232225243,0,1
0.006515761054406165,0.01061905313627807,0,1
0.006603046295693583,0.010313125026102212,0,1
0.006678042335361449,0.010385427223631978,0,1
0.007149446876420087,0.00904765857210578,0,1
0.008893979161006899,0.007027059038131753,0,1
0.006105326873045952,0.00982502620884881,0,1
0.006875061157574418,0.009231233703812887,0,1
0.006878147017165943,0.009759312521990509,0,1
0.006262519570269824,0.012482740322399287,0,1
0.006310512715753104,0.012039314183663852,0,1
0.006541360852204505,0.011579241286130375,0,1
0.005998450096022853,0.012349500576178474,0,1
0.005592525352634572,0.012217185392877583,0,1
0.0069608047642011825,0.00979244629438911,0,1
0.005904553059594353,0.010861460551370276,0,1
0.0071858078188757266,0.012876041146969117,0,1
0.007316563798489615,0.010857643858384931,0,1
0.006187847521835672,0.010644225204756922,0,1
0.00747209639368765,0.010452496023309166,0,1
0.007122595045963297,0.009682155956636644,0,1
0.006050352900745143,0.00803259708674159,0,1
0.005720943507157438,0.009566847972121383,0,1
0.006595019734192615,0.00934510222793221,0,1
0.006274485299706582,0.012405965998157556,0,1
0.006038974058636696,0.012221553180868632,0,1
0.004277768328172049,0.011337373588097154,0,1
0.008611353723885832,0.014011272012664005,0,1
0.006198491881833531,0.01145791192246705,0,1
0.006410162082064012,0.010827981480108323,0,1
0.006597566566183867,0.01166654576274894,0,1
0.00710000690194865,0.010681830564015143,0,1
0.006190091651284834,0.009661757635282197,0,1
0.006506227862948941,0.009013646221354685,0,1
0.00614344811347625,0.009116778238251622,0,1
0.009571017684676757,0.010614238758315898,0,1
0.006079332487159777,0.010215137728659148,0,1
0.003967801364278796,0.010711162511246227,0,1
0.006145989906655539,0.010792687490164979,0,1
0.006643581630354627,0.012399094470443118,0,1
0.006120317490036507,0.011996326840198171,0,1
0.007261123413753653,0.008831652369482346,0,1
0.0066633630039695255,0.011716536344730945,0,1
0.006312153562675486,0.012235843586091522,0,1
0.005925863304138427,0.009758173030058055,0,1
0.006388064679351755,0.013552886884470618,0,1
0.006058697510793993,0.011241339332783908,0,1
0.006527120144908861,0.009227972114388396,0,1
0.005232296935306796,0.012093018828461342,0,1
0.004397216246677616,0.009527107729595675,0,1
0.006247667723639091,0.008341032709785211,0,1
0.006326482817207213,0.009925255323253586,0,1
0.007859845243104034,0.00961493113523842,0,1
0.00584053225233978,0.01416561888832442,0,1
0.005376557911678246,0.011283715621591112,0,1
0.006872470586701249,0.013340848352642647,0,1
0.005983058869454674,0.011980619116262128,0,1
0.006131468592692049,0.011057869688805884,0,1
0.0056515570512291405,0.01129835894339341,0,1
0.005171417132002981,0.01041668932645203,0,1
0.006884947052295165,0.011260409164931885,0,1
0.0064878358941575865,0.009970719929368713,0,1
0.006407568442670465,0.011836733841899611,0,1
0.0059458806967958005,0.008892667022912033,0,1
0.007135279099548941,0.010037421411611886,0,1
0.006888011371616029,0.009960782191827796,0,1
0.0059345907492864315,0.009768939593454163,0,1
0.006499491622508635,0.012342947867386862,0,1
0.0059176651107112985,0.011946495487369944,0,1
0.00629387999093091,0.01169463544583304,0,1
0.0057117167161433976,0.011713945250468323,0,1
0.006194475894928351,0.012182964445004038,0,1
0.007702750255727098,0.010393663854310143,0,1
0.006541373940159716,0.01052539159692965,0,1
0.005088742001372144,0.010433062473173528,0,1
0.004930274221128327,0.010255329612226496,0,1
0.006125650674858708,0.01017576903661114,0,1
0.006809237318567676,0.009614366742994094,0,1
0.0061741655393843355,0.00978066637637101,0,1
0.00814229514275342,0.01025109714452617,0,1
0.004870866402636484,0.012338533262880397,0,1
0.005630353997006708,0.012067490868325561,0,1
0.005300885592851219,0.010489447278557587,0,1
0.007660968728771655,0.013958901617542801,0,1
0.007054452943857188,0.011316250710282826,0,1
0.006334162080366697,0.010824270769122919,0,1
0.005848713005467316,0.008666242378829677,0,1
0.005097287483316401,0.010413747103738406,0,1
0.006066375396208029,0.009580897518668436,0,1
0.005617393360334208,0.009417236172243732,0,1
0.006537141321490915,0.009413690418362807,0,1
0.006032741139020191,0.009503823206977109,0,1
0.006224004179085773,0.009377495550817341,0,1
0.006167045697849518,0.012215698625935396,0,1
0.0065127823083393115,0.012106922935800943,0,1
0.006665303464265044,0.011074019159995275,0,1
0.0051094835668790625,0.011807152840471366,0,1
0.005850686961088953,0.010841101145989459,0,1
0.004405683521697091,0.0103124491856101,0,1
0.005565119687271314,0.011638107939929556,0,1
0.006059394735728631,0.010619752255188164,0,1
0.006223912719365483,0.008996962239608865,0,1
0.005511598936568047,0.011218077768288495,0,1
0.006077844292325796,0.009680699773416217,0,1
0.0059483991162500235,0.009310430242292592,0,1
0.004098551906965888,0.0143982597909342,0,1
0.0047456314749493595,0.012793027448068931,0,1
0.004649292012423215,0.011685816198305114,0,1
0.0064187241520992635,0.010469985361218133,0,1
0.007137057781062852,0.01098788731342767,0,1
0.005478909065684216,0.009607685947109796,0,1
0.005771038732276318,0.010198537904931713,0,1
0.0058957666744177,0.01045515396281802,0,1
0.005721479984579241,0.009941109527775695,0,1
0.005040925568170292,0.009536379903792967,0,1
0.005973031250538184,0.009636369844920478,0,1
0.005624236854154622,0.00897803311289681,0,1
0.005443122540360256,0.011506688457211684,0,1
0.005571700668139145,0.010639650234159333,0,1
0.005849417156591834,0.011585350038201858,0,1
0.00499171816625207,0.010858922666380506,0,1
0.00566970989709364,0.00955703511760072,0,1
0.007294757951878517,0.01031352637972791,0,1
0.0051864267797445286,0.010219056431416015,0,1
0.006123924397312568,0.00950980604077017,0,1
0.006054248665288501,0.007260845098695187,0,1
0.005933215207997827,0.010388852017914396,0,1
0.006386551642286375,0.009742135361716028,0,1
0.008779559149484646,0.011587282109050058,0,1
0.004990481307099229,0.011500725777257964,0,1
0.005083619902311811,0.011506288717365197,0,1
0.006338761204539444,0.010339564652498558,0,1
0.005715821808325531,0.010874813270056035,0,1
0.00540657302617662,0.010499706570026536,0,1
0.005554038578130933,0.010362779504936859,0,1
0.005377963100789654,0.010084922078167925,0,1
0.005781968533467357,0.00997189120784513,0,1
0.006061114229202059,0.009189838352247051,0,1
0.006067584125586846,0.008020714050175235,0,1
0.005520175667512921,0.011678939832739424,0,1
0.006178707022906002,0.012226822110720627,0,1
0.004640365286284453,0.010026519072031824,0,1
0.005939919343410593,0.010632119171680868,0,1
0.004084092793780627,0.011023830867616472,0,1
0.005205822451919166,0.010696308618941693,0,1
0.006227306145812734,0.011395274856853292,0,1
0.006285417146028873,0.009863983279585193,0,1
0.005501461756212132,0.010234182076800494,0,1
0.0030498617065854157,0.009306032891629302,0,1
0.005343355204327996,0.01184463821361648,0,1
0.005369889156744043,0.011427169915112568,0,1
0.005345365167060086,0.011628398562432762,0,1
0.005409571284790337,0.010307143335243203,0,1
0.005149148181768815,0.010985243698117724,0,1
0.0041129060949753275,0.008974852119529053,0,1
0.005345396962908618,0.010600137002168705,0,1
0.005567243441198506,0.00970108853188434,0,1
0.0058121038333152,0.010075066349481304,0,1
0.005478133317364116,0.009590001938888806,0,1
0.006298791588076473,0.011339893798001923,0,1
0.00507598717677731,0.011467451269880422,0,1
0.005381049025488601,0.011544981698379619,0,1
0.004820928747540113,0.01059356331689263,0,1
0.004809921346817318,0.011019907855730883,0,1
0.005294356678842245,0.010118838669848512,0,1
0.005088532745018956,0.010061324721288236,0,1
0.005787410085175542,0.009953815591092294,0,1
0.0037372298265099376,0.006748288422194154,0,1
0.00443522455735957,0.011825649284216654,0,1
0.007261710059297037,0.013314539718847374,0,1
0.005014238387093197,0.011163732209967333,0,1
0.003371416685914128,0.012130800522691476,0,1
0.004262752093084593,0.011745852048633017,0,1
0.006685713930516545,0.010618104929929666,0,1
0.008601272576535876,0.010140425201954942,0,1
0.00624828442668737,0.009995459533878877,0,1
0.0052311656867459035,0.009035425984773844,0,1
0.004987177113986312,0.011885362310025665,0,1
0.004271355467869344,0.01070689762344129,0,1
0.00621923387158919,0.011192461061596671,0,1
0.004533844061840962,0.011316531764046662,0,1
0.0051389017053170664,0.009199992155324736,0,1
0.00326565907709063,0.008336077127828979,0,1
0.005489997971589265,0.011239629534969176,0,1
0.005224499356984739,0.010188251584967771,0,1
0.005886001845460655,0.00851240831932483,0,1
0.006320092911311466,0.012061173978290242,0,1
0.004856806504875777,0.00879503147512357,0,1
0.004413897849452352,0.009172110683967127,0,1
0.004993753482928055,0.010819588705197768,0,1
0.005012002001314936,0.010498519237506313,0,1
0.004346902168529493,0.0092221976953699,0,1
0.004785158752334799,0.011710314735081337,0,1
0.005772734770071952,0.010333162839750377,0,1
0.00692339958609256,0.009340859083472996,0,1
0.004527919828456477,0.011904657638886783,0,1
0.004430331376375991,0.010889124941074028,0,1
0.005047851002346799,0.01069290448300063,0,1
0.004584635583600495,0.01122753918140179,0,1
0.006540607795305543,0.00975698402518027,0,1
0.004982993910873583,0.010091182754943452,0,1
0.00421581915990848,0.011474686256787459,0,1
0.004295589707444569,0.011389774899743731,0,1
0.005430932299477208,0.01218800934380028,0,1
0.00477735273532137,0.010705620762680074,0,1
0.006598407320106698,0.010148690504227077,0,1
0.006462776535857293,0.010399116096505666,0,1
0.004906108846632945,0.010176679987163047,0,1
0.008725082592676783,0.009685446741589415,0,1
0.005010141564253045,0.011179793944967662,0,1
0.003734739176530586,0.013802334013146948,0,1
0.004936357441024264,0.009451371457137602,0,1
0.00274486595227173,0.013082052814687162,0,1
0.004453289595141184,0.01092773711898559,0,1
0.00592596981296385,0.009399740036131202,0,1
0.003084153336719231,0.011050705504314211,0,1
0.0038019479670157014,0.011358699311697291,0,1
0.005028304790572714,0.011090247194545655,0,1
0.0042317497846318134,0.011672064942352418,0,1
0.004669145885991297,0.0101321105611056,0,1
0.004766751074372365,0.010012341820301435,0,1
0.004145381803252422,0.009300192659139207,0,1
0.0035044330269886305,0.01057229829788766,0,1
0.006063478338727922,0.013606632138959419,0,1
0.005873480152880352,0.010561281600883416,0,1
0.004608775441754775,0.012960110343110605,0,1
0.004787725698418459,0.009252746043330543,0,1
0.00420016171946697,0.010062971843303974,0,1
0.0038545956973196054,0.00969599534735526,0,1
0.004811674098380064,0.011000248213259478,0,1
0.004939243225312423,0.01083703189666448,0,1
0.004725572064485493,0.011288465840808106,0,1
0.004547027110641126,0.009809110410680312,0,1
0.0040637552314419165,0.01065507646116842,0,1
0.002341249948413556,0.008455168708654289,0,1
0.003985033088132585,0.010902582045537478,0,1
0.007718087915077089,0.008535744650969488,0,1
0.005118445270202095,0.012463305475632444,0,1
0.003528737337364714,0.009812866923298072,0,1
0.0033069859291604163,0.0111463029568919,0,1
0.004633486931792911,0.01038511792865163,0,1
0.004168974197783134,0.010273768013891906,0,1
0.0043709515306343556,0.010730985043126749,0,1
0.004667525332088251,0.010967559137860707,0,1
0.005064776155125171,0.009877851329659503,0,1
0.0060694498113409365,0.010348759804817111,0,1
0.0035227335280564116,0.01158987018965942,0,1
0.003801963820146131,0.011137738821734538,0,1
0.005336408522455098,0.010983699660509756,0,1
0.003950404151491254,0.010903594595574802,0,1
0.003942038885087903,0.011021892699249355,0,1
0.005082397894472822,0.009630817391193374,0,1
0.002823330813779234,0.01165697432286613,0,1
0.003953719889371139,0.009435225938987697,0,1
0.003500081559524582,0.009740827348573646,0,1
0.003744422159724408,0.01033421643779189,0,1
0.0028992209156311027,0.010121442513097921,0,1
0.0038386730479747374,0.010580391919754066,0,1
0.0021503151345931655,0.008970361125616387,0,1
0.00339162231465571,0.010523927726341009,0,1
0.0012484822955209837,0.015128045630074315,0,1
4.966967102874068E-4,0.01427528142470624,0,1
0.002100775615515399,0.014183652694803716,0,1
0.001429748572528656,0.0145302507300148,0,1
1.576038169533138E-4,0.012953967321269735,0,1
9.731718606003215E-4,0.013511128064620355,0,1
0.002282156368845924,0.013317794182891422,0,1
0.002855890617400623,0.014663359300552091,0,1
0.002045177890361743,0.012564183278027346,0,1
0.0018431020486312335,0.013157102382484877,0,1
0.002778781352361797,0.011944268258386105,0,1
0.0031241663883240884,0.01180043130829954,0,1
0.00285523620473245,0.01230950233551279,0,1
0.002712569928800833,0.011445852558513601,0,1
0.0024132585025005335,0.010306848651025026,0,1
0.003110624016092222,0.008114762657385201,0,1
0.003510670315475253,0.01138617096539993,0,1
0.0033864356964673015,0.011023232335224833,0,1
0.003706544102601351,0.009914382176340594,0,1
0.0021859561447369574,0.013621321417227479,0,1
0.001868021125494493,0.01231579982086793,0,1
0.002192931013424805,0.013123291405730974,0,1
-0.0010622176063836023,0.012258048616588076,0,1
0.002057491509935378,0.0135190344695762,0,1
0.0018057623871212127,0.013427783114641677,0,1
0.00409845964719023,0.013504963169679958,0,1
0.002185698764263391,0.012979255184350422,0,1
0.0031424531525018145,0.011571049963663562,0,1
0.0036304372533848485,0.012322129888752323,0,1
0.004682886266667361,0.013527566093595138,0,1
0.0011526920844525741,0.011859447950775866,0,1
0.0033905623700190624,0.011568434215122695,0,1
0.004062696939527313,0.013438295912052386,0,1
0.002875964715386988,0.010518136573892072,0,1
0.003319637650814388,0.011203596923131179,0,1
0.0033690532524550338,0.012096867881275213,0,1
0.0036176640816642904,0.010874008587142645,0,1
0.0015912377246402357,0.014145691894537637,0,1
0.0026480517262789513,0.014098477530433244,0,1
0.0016013538178418028,0.014194246636958518,0,1
6.404878409288203E-4,0.014592437779228149,0,1
0.0015493514216655922,0.014868471977489478,0,1
0.0024343811885316194,0.013351506161376403,0,1
0.0014092924495621951,0.012395996082868118,0,1
0.0012385574504678225,0.012134049746826603,0,1
0.0015847544228504895,0.013878651216561502,0,1
0.0027614745584055504,0.01085654221934879,0,1
0.002747806084029171,0.012498200616458736,0,1
0.0034336680257212714,0.011192985976938108,0,1
0.002050316694923481,0.013211936008891288,0,1
3.8104052409594625E-4,0.01117901525180694,0,1
0.002886431426976437,0.011363302450173519,0,1
0.0029623032752416944,0.01114135102245633,0,1
0.0024315546250566955,0.011942043167213475,0,1
8.384830446322686E-4,0.010110199836231,0,1
0.001521342563923938,0.014397199931592572,0,1
9.701966050869895E-4,0.014024990925375645,0,1
0.0031979816973185735,0.013962693531361228,0,1
0.0015344596859859915,0.01352538812609516,0,1
0.0018142008377554936,0.012466326895152393,0,1
0.0016773038374438022,0.013063107215929749,0,1
0.001359698549077503,0.014429549507371945,0,1
0.002228539420962073,0.015212632489172102,0,1
0.003181218114666312,0.012428039073889108,0,1
0.002523296539397856,0.013815532353209255,0,1
0.0010924630813605265,0.012241821090195788,0,1
0.0031596205466360187,0.011232388330131364,0,1
0.002390562744329938,0.011786449650486822,0,1
0.002411269457461293,0.011894272968518436,0,1
0.0019396070703030456,0.012021551283189465,0,1
0.004919488709106665,0.010898345702468048,0,1
0.002828363210637956,0.010428900502209038,0,1
0.001612785716499396,0.014089525971715443,0,1
0.0012034171689947666,0.013924785709067964,0,1
1.5894833550209674E-4,0.015485007848198397,0,1
0.001098754202800091,0.013463489447015222,0,1
0.0015105466282475893,0.013428085247949459,0,1
0.003172408237316151,0.012703461442409409,0,1
0.0016125229371156521,0.01270146121557484,0,1
0.0013024428556397012,0.012837096052894466,0,1
0.0024795344971405868,0.012746728299704862,0,1
0.0030743989841589604,0.013770500654109504,0,1
0.0023007626187538117,0.011279344081570882,0,1
0.003685786224700648,0.011430926265513867,0,1
0.0024845274078496324,0.012150271667892251,0,1
0.0025261353856236637,0.01173027115285547,0,1
0.0023891408829645184,0.010102550659355494,0,1
0.003074435309269451,0.01232788719246459,0,1
0.0017697865790920323,0.009717877530578031,0,1
0.0045851082990874415,0.015004110053943169,0,1
7.056808130833008E-4,0.012524099596968234,0,1
0.0034293838136953466,0.0122122042503179,0,1
0.0024926071950704684,0.012411460568766635,0,1
0.004080387928630668,0.013054841039037828,0,1
0.0019203548829670805,0.012776163561613034,0,1
0.002551272667124732,0.011922424678633536,0,1
0.0030233175000714237,0.011290713818788644,0,1
0.002366532461167553,0.012363372296887476,0,1
0.002651922692956141,0.012161082784858526,0,1
0.0024374250732176923,0.013487999359177844,0,1
0.002111243765783284,0.011382461855060208,0,1
0.0012892164547258693,0.01144130004036065,0,1
0.0033057717776884005,0.010835291032770021,0,1
0.002276912800939013,0.012884575693164459,0,1
0.0034840446735838293,0.009575375469845151,0,1
0.004943119363588913,0.01465552030446375,0,1
7.073350648034357E-4,0.015149642797368697,0,1
-6.48728576242669E-4,0.01487327376890449,0,1
0.0018720240769370784,0.013215229933005765,0,1
0.0022233569160764,0.014279000840956393,0,1
0.0028505212781723063,0.013097201450364854,0,1
0.002014702142568482,0.012502770879359382,0,1
0.001625861796003302,0.011914210316041878,0,1
0.0018097997094248886,0.011513411491242614,0,1
9.836971116916563E-4,0.012612676440842808,0,1
0.0014118642786387962,0.011305793740011538,0,1
0.0018090136185658899,0.012573010843163476,0,1
0.0028508254513548025,0.011399179912439071,0,1
0.002954873626967929,0.010928465128755026,0,1
0.002005329390370184,0.009787219160630823,0,1
0.0033254307443360016,0.009382445016770232,0,1
0.0012859925500694504,0.014040943057596894,0,1
9.77769268919008E-4,0.013883720061940363,0,1
0.0027597940714463513,0.012795884651221784,0,1
0.003629287424168864,0.01073654666978622,0,1
0.00412155046141593,0.010106758684448979,0,1
0.005040146929794223,0.014277573336294837,0,1
0.002762540145870298,0.01332800679914579,0,1
-2.530626152868645E-4,0.010761328121067698,0,1
0.0020229726681738375,0.011510993013136397,0,1
0.002985305744034423,0.011375329143838637,0,1
0.002240943291918192,0.011610202101947225,0,1
0.0013998705955733579,0.011449194302738365,0,1
-0.0017112889862644243,0.01145973379081824,0,1
0.0029447906608705957,0.013167760574937008,0,1
0.002167917430066099,0.011740034113619811,0,1
0.0018054006581800365,0.015175592772718956,0,1
0.0013884329140503651,0.015036933183719587,0,1
5.283882321787151E-4,0.014744143049273175,0,1
0.0011064313623874672,0.013520286870830721,0,1
-0.0018517032363206442,0.014824110287422887,0,1
0.0018463981612547387,0.011993429496397649,0,1
0.0036624824861552414,0.013992773782257729,0,1
-3.85059884684608E-4,0.012752473411554981,0,1
0.001991033740867157,0.01213685771481035,0,1
0.0023647060788825162,0.013102769244896123,0,1
0.002384555348844764,0.011165127489393268,0,1
0.0019233592003994708,0.011715574783691412,0,1
0.0017195148259127946,0.012671882609930659,0,1
0.002352364208861501,0.011041560504506148,0,1
0.002476468984701179,0.011303593783131933,0,1
-2.794507407407778E-4,0.013012133734978512,0,1
0.0013532084271401974,0.013047332482716245,0,1
0.0014090951953006883,0.012804612837741062,0,1
0.0021665999772643198,0.014013447039141938,0,1
0.002850942007097666,0.01332968408266197,0,1
9.548620878461027E-4,0.010892704488642919,0,1
0.0022124537292316777,0.013327383878532419,0,1
0.002187648681224764,0.01212080719466032,0,1
0.0015948158018300345,0.011345671596168618,0,1
0.001913797670505241,0.011791983066116913,0,1
0.0026402641043249083,0.011855743589972158,0,1
0.0026018479520215276,0.01206744753116683,0,1
0.005035355947915097,0.010266750776098649,0,1
0.002646019995275054,0.011476200951636385,0,1
2.9270275664587583E-4,0.015938036319591682,0,1
8.360924847729377E-4,0.013756843808951948,0,1
0.0011215875445172517,0.013294033181214736,0,1
0.0011797570056191321,0.012885883270195589,0,1
0.0014820756378815757,0.012856213694040787,0,1
0.001192388081244904,0.011507960603481894,0,1
0.0014151129874129438,0.013557459147724904,0,1
0.00232178572318854,0.012905162081712055,0,1
0.0033806943164778735,0.0126715170157901,0,1
0.0018877013784710447,0.011685421692262965,0,1
0.002455004230228896,0.01251422061017925,0,1
0.0010227729110188592,0.012212437582287631,0,1
0.001344142311167929,0.010414542101180892,0,1
0.0013451191660137838,0.011752173780682875,0,1
0.0017911678074443006,0.014589075666812659,0,1
0.0012148607638938626,0.012867102961153641,0,1
0.0019872955776156025,0.012898497989823248,0,1
2.938924797139056E-4,0.0122657400736841,0,1
0.001974344923875247,0.013190607161330184,0,1
0.0010631134671357267,0.012311488645704938,0,1
0.0014431369777793753,0.012259634015642444,0,1
-1.6380566421996817E-4,0.013631523391496897,0,1
0.0016108238838345652,0.011846971363161473,0,1
0.002077857280925807,0.01141612353668669,0,1
0.002974547678697601,0.01265778314866611,0,1
0.00322384723350905,0.009633486285369242,0,1
0.0011551894166746475,0.010936610278419771,0,1
0.0010369745913985909,0.013626961473685292,0,1
5.027452349941294E-4,0.013739723549162145,0,1
6.735501552457796E-4,0.01069557658468737,0,1
0.0014229486555055145,0.012632204059654446,0,1
8.978630583903397E-4,0.009811879246317932,0,1
5.117667576658587E-4,0.01172562158042044,0,1
0.0013288079331227073,0.012322717778519982,0,1
0.0011513913483395739,0.011304380306276677,0,1
0.0025352272666302384,0.011646773183899818,0,1
0.0018674307420949896,0.012126842501038433,0,1
9.858682503809202E-4,0.011836149094274528,0,1
9.5698517187019E-4,0.01280594523627745,0,1
0.002539501126623066,0.010699989263567473,0,1
9.034103336459383E-4,0.013128282736153457,0,1
0.002667722667084724,0.015328215441123585,0,1
7.066548877812113E-4,0.013076556907636025,0,1
0.0010259913752426798,0.012987311453084252,0,1
7.138806027900312E-4,0.012420591316022297,0,1
2.6803338322236274E-4,0.013009658687779644,0,1
9.06951568698717E-4,0.012505440056001607,0,1
0.0018773919893341029,0.011587981713091871,0,1
0.0015542186286977345,0.011917484957103614,0,1
0.0018098539907560373,0.011596939742977073,0,1
0.0026098194395872995,0.010915306513803789,0,1
0.001318071839728441,0.010363181210021265,0,1
0.001197352543897031,0.011866072168097316,0,1
0.001204452916355219,0.012638333862194633,0,1
0.0016546063248030834,0.01395726639301749,0,1
3.4084484487384827E-4,0.013653617316478983,0,1
7.173061178284859E-4,0.010752475482999155,0,1
1.9028191994962382E-4,0.011938650672041352,0,1
0.0018427149198392764,0.012506218927307139,0,1
-2.4339314016949754E-4,0.011412113531457185,0,1
0.0017958039259237818,0.012038989347288542,0,1
7.340566107099947E-5,0.011071923775426703,0,1
0.0010518270847581894,0.012196739812167212,0,1
0.004208644637545878,0.013480615576226611,0,1
0.0028866079164923237,0.011121358145984868,0,1
-0.0010092096522213714,0.014007429617131058,0,1
8.47843620813767E-4,0.013789749075835439,0,1
1.2795863612164593E-4,0.012853132386993496,0,1
6.756715708429124E-4,0.013247948659624005,0,1
-1.4863799629863885E-4,0.011259563437595497,0,1
0.001148326792121087,0.012634737531997332,0,1
0.001929741542311037,0.012703798015978887,0,1
0.001012068052485228,0.011513595208825587,0,1
8.675820688818157E-4,0.011582747429594307,0,1
0.001550782731201639,0.011886761090654379,0,1
0.0024890162467047024,0.011935795095008658,0,1
-7.227141792689795E-4,0.012428605813950205,0,1
5.890494886824754E-4,0.012791531798957392,0,1
5.221657999743877E-4,0.012898442042746256,0,1
4.152283085038075E-4,0.012473455772862284,0,1
-7.39605462403385E-4,0.011940893321408982,0,1
9.981979196631756E-4,0.012376204365415916,0,1
0.0013796453355660958,0.01494821920769319,0,1
0.0011525773241169348,0.01191531868313944,0,1
0.0012969030548936804,0.01219226642620896,0,1
0.0013129169556555433,0.011456252820910976,0,1
0.00296982535728597,0.011383485468655292,0,1
-5.053996808702059E-4,0.01353690279069629,0,1
1.6966971028389955E-4,0.013186830370604117,0,1
0.0013833250463131418,0.01233082953135123,0,1
7.906041867585578E-4,0.013018069503348701,0,1
6.749931059075651E-4,0.012759631776802038,0,1
0.0023048087116696917,0.013727147347567411,0,1
2.4254630419611356E-4,0.011791379669635301,0,1
3.486270999102519E-4,0.011156214904183968,0,1
8.307906533431829E-4,0.013270459748911907,0,1
0.001946965369041379,0.011077623290857593,0,1
0.0016967335694225121,0.009588078868001811,0,1
4.7826236426086764E-4,0.012897225471727222,0,1
0.002101192399046045,0.012541594043490437,0,1
0.003580725580259012,0.01301340187995973,0,1
0.001198313652184979,0.011369400814018688,0,1
1.9586726787761594E-4,0.012705315946059266,0,1
0.0015633193923115533,0.012124723646574083,0,1
0.003208200817599329,0.010847764214463897,0,1
4.1983935820837857E-4,0.010425708475543055,0,1
-0.0027438608690246178,0.011079668787956135,0,1
8.558902472916664E-4,0.011039089777054775,0,1
0.0010122276822826259,0.013719624392166957,0,1
6.161024989331822E-4,0.012128437584352758,0,1
8.86899832772407E-4,0.013131302987015212,0,1
8.065342002078341E-4,0.011936210146886367,0,1
-9.194626390690981E-5,0.01512064396256423,0,1
9.200781651117256E-4,0.012044143979351952,0,1
0.0031846326187697353,0.011315977390621535,0,1
0.0019148529205235607,0.009487602427753292,0,1
0.0016074985442956701,0.012043250103281899,0,1
8.133487248707848E-4,0.013007848986192855,0,1
5.166605235955926E-4,0.013077979321140848,0,1
6.445445294569821E-4,0.011516745633282643,0,1
0.0014476305948740219,0.01253667215032229,0,1
7.072103314603395E-4,0.012501509035898514,0,1
0.0013601949813194369,0.011665401536482657,0,1
5.609096057979351E-4,0.012985017782182282,0,1
0.001334468250629635,0.011706333744445695,0,1
4.8212728398907905E-4,0.01048301102366541,0,1
0.0012579871933214135,0.011398640254178681,0,1
-2.797196421940302E-4,0.012604435700136666,0,1
-2.9385454172903405E-4,0.0123618554590626,0,1
7.971440621840731E-4,0.013188531610813596,0,1
-0.0010421619179927142,0.012499668563706564,0,1
8.195277803594777E-4,0.011334990763067977,0,1
2.7682931624501333E-4,0.011968752347883482,0,1
-0.0014571358944049668,0.009191372348131983,0,1
8.456322982612444E-4,0.011310507031017747,0,1
2.989728882400893E-4,0.012768533507490708,0,1
-0.001045855864070359,0.012434447545852356,0,1
3.926250433303691E-4,0.009178102277056437,0,1
-9.342401831278E-4,0.013102170797753283,0,1
0.0011090617589970431,0.010148585099907188,0,1
7.087915461192469E-4,0.010373084738623469,0,1
6.541880885845893E-4,0.01178492912442384,0,1
-0.0010967835633229484,0.0124606976396768,0,1
-6.508317057045018E-4,0.010680387096079907,0,1
-0.0012507549036431798,0.013523639527224,0,1
-4.5694270368873673E-4,0.012972479682343102,0,1
2.2815228708403815E-4,0.01263587489313497,0,1
-0.0015990222714150294,0.012382313887317264,0,1
6.630829445634127E-4,0.01271451818118358,0,1
2.6081104031411013E-4,0.011450036581060865,0,1
0.0013834639478326157,0.010695454650787388,0,1
-0.002529099401914981,0.013141969102651092,0,1
-0.0010015028468787846,0.013034832474919125,0,1
1.3776658163147417E-5,0.012091161543282757,0,1
2.446835074950477E-4,0.015194629984056431,0,1
-1.0973184976269751E-4,0.011537445886705588,0,1
0.001299333762869095,0.012419217380767246,0,1
0.0012522672070726716,0.01122581149755285,0,1
0.0011447648692214302,0.010443672812250232,0,1
3.260214245791118E-5,0.012435585896644754,0,1
-0.0016969860894280064,0.01193378208993814,0,1
0.0017580596654893663,0.012296041378035912,0,1
4.5996369702548526E-4,0.012334254608016073,0,1
0.0012682258092121064,0.010492152171110672,0,1
6.976569151231999E-4,0.011318975022082086,0,1
5.2311685384324186E-5,0.01248456442440897,0,1
-6.388431836819069E-4,0.010706384271258059,0,1
-1.9596592315501856E-4,0.013047940072923501,0,1
-6.834482150144048E-4,0.010766184926679849,0,1
5.460821805549958E-4,0.012502021978859463,0,1
3.7205012104590444E-4,0.01157010691008962,0,1
0.0022229904332019728,0.012143890807513198,0,1
-8.82140944122819E-4,0.013274721429890904,0,1
0.0027682835872048393,0.012532823138807828,0,1
-3.236397315405306E-4,0.011845703916829226,0,1
-2.9049318787080147E-5,0.011480618605047599,0,1
-0.0010191043030796344,0.012188670353143404,0,1
3.88467367908949E-4,0.010690650227587913,0,1
-8.049099280846848E-4,0.012102120949222661,0,1
-1.982045204103015E-4,0.012150392434133789,0,1
3.433760735250257E-4,0.01099924415786151,0,1
-8.42437074422771E-4,0.011688527189483426,0,1
2.9446503173101055E-4,0.011372284480514047,0,1
-5.980097817925097E-5,0.012210672581802041,0,1
-0.0017028721921833097,0.011633075025765915,0,1
2.6343110095912876E-4,0.011648143662503888,0,1
0.001024649147890229,0.01229861466565842,0,1
-6.733729312720242E-4,0.010794558554480247,0,1
-5.344527142909214E-4,0.01226841596133883,0,1
7.663846840530674E-5,0.012119424366359707,0,1
6.919617292374844E-4,0.01203188013297954,0,1
-3.4299277379104667E-4,0.011416929325231197,0,1
2.9021004764292243E-4,0.012391552144771395,0,1
3.4807010844795094E-4,0.01079155968015373,0,1
8.561743921747399E-4,0.012658119688212975,0,1
-9.187250186390554E-4,0.0116128908651572,0,1
-5.239624285474437E-4,0.011912035415996568,0,1
-9.288396455620002E-4,0.012651395460367379,0,1
-7.536950962956486E-4,0.010192220952001113,0,1
3.3434677638180326E-4,0.011721374789371592,0,1
-4.261476996104858E-5,0.011725375038573774,0,1
-4.2835649342502964E-4,0.010681952702184623,0,1
4.527380760411651E-4,0.010445764772201587,0,1
-7.019291553808391E-4,0.014321507877457357,0,1
-0.0015409082686422878,0.011124011990843724,0,1
-0.001481649244219115,0.012144784771550184,0,1
-3.522463187637608E-4,0.011994354167712726,0,1
-7.355597928867078E-4,0.011697193903923854,0,1
-3.296627880277006E-4,0.011967824140699003,0,1
0.0013498293821835624,0.01169317857383936,0,1
-0.0019790669344735353,0.010768369519622976,0,1
-0.0020706038132495734,0.006445508902210319,0,1
-0.003799127288838057,0.007351145210031699,0,1
-0.001344860877096708,0.008489123250430192,0,1
-0.0045263167601195175,0.006851723165855026,0,1
-9.406030465674112E-4,0.007430137421598887,0,1
-9.262868582344297E-4,0.008046453141640425,0,1
-0.0021529758614027648,0.007621178810994868,0,1
-0.0015753178753370584,0.008734888840704308,0,1
-0.002849303575205442,0.008480213575705551,0,1
-0.0037143480027344426,0.010786903527884716,0,1
-0.0018445405804457635,0.008239918500119757,0,1
-0.0017646291115043684,0.00907571269571506,0,1
-0.004242369165575353,0.00922573542545314,0,1
-0.005176526372234514,0.009844338759185426,0,1
-0.0044171492687334005,0.011807228216986047,0,1
-0.002828360504945056,0.010224861901079303,0,1
-0.0036960739365642227,0.00976739459699379,0,1
-0.004599359987334791,0.008621604291117635,0,1
-0.004445177184309782,0.010422016905598694,0,1
-0.005237251039388387,0.009546638673043159,0,1
-9.647378794781491E-4,0.006278664301904412,0,1
-0.0025429776926353745,0.007175562007259361,0,1
-0.002688635393422983,0.006964100357884423,0,1
-0.00479495610220078,0.009748912135342692,0,1
-0.002094542084473653,0.005457899336279574,0,1
-0.0033752362970057713,0.008163813245483965,0,1
-0.0030731266050887172,0.008633007528816843,0,1
-0.002978545211216315,0.007742164722693437,0,1
-0.0015605351463692748,0.006382689821086987,0,1
-0.003401773394387589,0.00928899857631965,0,1
-0.0033682176765327493,0.0081178598426078,0,1
-0.0026018507250347607,0.00898145443063137,0,1
-0.004079801617090411,0.009903573823208094,0,1
-0.003925169181479446,0.008852501050571726,0,1
-0.006284535453082096,0.008398923335592097,0,1
-0.003480405939335452,0.010998159702161336,0,1
-0.005001589391456167,0.009268674328526072,0,1
-0.0023478509572035368,0.012129201044377895,0,1
-6.050779827556751E-4,0.006810676547545529,0,1
-0.0024396951835033613,0.007494954205493572,0,1
-0.002403336930103431,0.007398570084058303,0,1
-0.003146887004717136,0.007688336761124312,0,1
-9.237357448079649E-4,0.009269869767123545,0,1
-0.002523748695266156,0.007662307692562452,0,1
-0.0029041840715264586,0.008655558980899872,0,1
-0.005174031589712072,0.009304700204155102,0,1
-0.002916582868486585,0.009440019969084525,0,1
-0.003971475120352156,0.00838724676001693,0,1
-0.004007377618069746,0.010424225750965861,0,1
-1.4575593417575345E-4,0.00936025593888706,0,1
-0.004219448620867514,0.00943887681284776,0,1
-0.003942024586345235,0.009542950702736742,0,1
-0.004571465445079726,0.008707752523200569,0,1
-0.004656765984046329,0.009196798922174816,0,1
-0.004462461238412167,0.00972600940228304,0,1
-0.0056601483723880625,0.010473944562007042,0,1
-0.004888469056598533,0.010315411914780952,0,1
-0.0015778121310282538,0.008514263954260578,0,1
-0.0026457993554449815,0.008044957299219934,0,1
-0.0019658555152390444,0.008217868650527359,0,1
-0.001280888724190093,0.00845447426983654,0,1
-0.003355349040235613,0.010807372982751275,0,1
-0.0026828603024761184,0.008387838941882535,0,1
-0.0028249760986295384,0.010481676344995292,0,1
-0.003968048357198516,0.008398468264428085,0,1
-0.0034433755532604494,0.009161804171117165,0,1
-0.002921642063543304,0.005487080574416093,0,1
-0.0036126918752900005,0.009366760177564572,0,1
-0.004925305063126615,0.009053091122595128,0,1
-0.004059902085392411,0.00907117730951959,0,1
-0.004223150598883384,0.00966413042575465,0,1
-0.007139675353018237,0.009226498873123445,0,1
-0.004970598495889785,0.00925703237875609,0,1
-0.004580827228383995,0.01014147947066056,0,1
-8.018005342908022E-4,0.007009028729507251,0,1
-0.0013176931669692414,0.008950571051038336,0,1
-0.0011822868719550141,0.006688266822985488,0,1
-0.0031858009772790198,0.007962505852352607,0,1
-0.0027808028948257592,0.008628228332371504,0,1
-0.0023511388246341657,0.007082096685727817,0,1
-0.002845178754414951,0.008818339734726193,0,1
-0.005302959055648716,0.00887430724823701,0,1
-0.003929127482479254,0.009190822311198167,0,1
-0.0021393857441156603,0.008178520519789989,0,1
-8.728253772823545E-4,0.009882091918453125,0,1
-0.003478756932935204,0.009118624671246038,0,1
-0.0031755190480944155,0.009679576856995825,0,1
-0.0029483632788166237,0.00963062316173771,0,1
-0.002766806454502329,0.010503458433284771,0,1
-0.004344737760030632,0.010101871995302119,0,1
-0.004425660351672577,0.009701213788712186,0,1
-0.0020137887260404225,0.0077737026247283545,0,1
-0.0024929032370502933,0.00833902108930901,0,1
-0.0019711450757686298,0.010623418770751843,0,1
-0.0010155486890311342,0.009924680460678782,0,1
-0.003102150166069321,0.007161141742934113,0,1
-0.002505488724763623,0.009015787431789074,0,1
-0.002396990418131938,0.009088453776529627,0,1
-0.002907720777373902,0.009018881755278681,0,1
-0.0024128505654666677,0.0075417558268074635,0,1
-0.003109356803219731,0.009216235553004002,0,1
-0.005299811717026321,0.00842326368068903,0,1
-0.0036389134835425304,0.009879827192279323,0,1
-0.003663921752297725,0.009174055784422588,0,1
-0.004345348369810126,0.007773267805391217,0,1
-0.003430594546548081,0.010750950476178921,0,1
-0.004004593161526014,0.01053076276181815,0,1
-0.004591663738221964,0.009455597726832483,0,1
-0.0017462067188025426,0.008038584439652196,0,1
-0.0016849945292135226,0.008406926828732704,0,1
-0.002301986505467717,0.008363462214206899,0,1
-0.0013762320778022263,0.007757409654656888,0,1
-5.968258403943392E-4,0.008924860432868097,0,1
-0.0010539084084627492,0.010457449372428483,0,1
-0.004462506853580599,0.008144889112245734,0,1
-0.0016036288229198431,0.009151700049807556,0,1
-0.003104375794978162,0.009311486640671218,0,1
-0.002645376734235012,0.0074759777019343535,0,1
-0.0029986504958117747,0.009466158510431416,0,1
-0.002902533384630624,0.010038003208887963,0,1
-0.0038048582233233827,0.009820292829972608,0,1
-0.004751696414124213,0.0101192253876795,0,1
-0.0027325446750591344,0.010831685877705522,0,1
-0.004028676380832202,0.010484330247154203,0,1
-0.0011880873462685748,0.007794411691867108,0,1
-3.0775790988538056E-4,0.008808445443821485,0,1
-0.003032719076806836,0.009620931790750168,0,1
-0.0029398139399005397,0.008560652506144401,0,1
-0.002148295636538327,0.007087038733494895,0,1
-0.002394379055481171,0.008821876136242544,0,1
-0.002779135290183427,0.0092397866531988,0,1
-0.0025912346862151663,0.007901188741599492,0,1
-0.0031299400705670035,0.00913914445708518,0,1
-0.002967706167096919,0.009630710938494432,0,1
-0.003613639240639253,0.008545333265347408,0,1
-0.0030148813846854164,0.010113934209452927,0,1
-0.003425342881601505,0.010209390403677892,0,1
-0.0027860727747007095,0.009898067772818313,0,1
-0.003986005011371507,0.011814731750316684,0,1
-0.0042943375816024585,0.00955194263927812,0,1
-0.002478924068566778,0.007872058568558809,0,1
-0.002971850249312552,0.009146861241493665,0,1
-0.0020330547129652084,0.008696124545674347,0,1
-0.002009990102254088,0.008308685032377243,0,1
-0.00204564256477942,0.00935960765860565,0,1
-0.0026536554288320935,0.009307105910360573,0,1
-3.4710141185034977E-4,0.008500887713470453,0,1
-0.0019608985415255978,0.00923197367339133,0,1
-0.0037569226518786615,0.011090923262409815,0,1
-0.0024667192764257985,0.008870071834140592,0,1
-0.003301585486363635,0.009783287628678987,0,1
-0.003604020880222891,0.00943327140480787,0,1
-0.006123984659081237,0.010367528328304983,0,1
-0.004101622047145832,0.012315932656871111,0,1
-0.0038589038992232916,0.009413776986311849,0,1
-0.006672015012570861,0.011096603024235062,0,1
-0.0015286518702082386,0.008362661744602467,0,1
-8.837958974330039E-4,0.008923128399895102,0,1
-0.0019934769427069426,0.00843404522474516,0,1
-8.11726822154509E-4,0.009330111321911453,0,1
-0.002171856377480046,0.009471114638403331,0,1
-0.002654493026976148,0.007165637690819667,0,1
-0.004214084495245858,0.009029451925701358,0,1
-0.002474695513373359,0.009929010176042244,0,1
-0.006346099203310442,0.009294780172883186,0,1
-0.0028905648791459496,0.00904447453831511,0,1
-0.0019372713399362174,0.00799978354295441,0,1
-0.003520207072241075,0.010707291983238599,0,1
-0.003195977071957483,0.008299426000624785,0,1
-0.005012070525090589,0.009425513614916513,0,1
-0.0018572101444271115,0.00816382004982896,0,1
-0.0018224556292222725,0.007706174593211235,0,1
-0.0020456923905052206,0.00798356908885509,0,1
-0.0026892517040679013,0.009879637223850228,0,1
-0.0019039449023471235,0.009274622503629516,0,1
-0.0023117289634137735,0.00905201530480006,0,1
-0.0036912938126815176,0.008483810399804573,0,1
-9.794327438326419E-4,0.010361640311862538,0,1
-0.0022504177409635603,0.010459821881378359,0,1
-0.0032996841209569044,0.01121766269926225,0,1
-0.0027587527406173064,0.010496597614165907,0,1
-0.0036921111033559775,0.009853133830202645,0,1
-0.0046332728926473075,0.011158274699841273,0,1
-0.004238669671412605,0.010227353453659178,0,1
-0.004061606278881486,0.010662107779902712,0,1
-0.002755476736841535,0.009762744738331098,0,1
-0.0022353585886072487,0.007153783468404215,0,1
-0.0028148365900836376,0.007919974514259477,0,1
-0.002769004066600106,0.01005655251270538,0,1
-0.0029566421614071843,0.009809020329085255,0,1
-0.005203550223456387,0.006521978489433675,0,1
-0.003592468309193031,0.010517778659415057,0,1
-0.0021019231662079,0.009921958186888779,0,1
-0.002963751238692113,0.009909309807027304,0,1
-0.002270584517928817,0.01117778294986911,0,1
-0.003376790787862772,0.01163160877535816,0,1
-0.0039006122110341692,0.010241363172812828,0,1
-0.002683105162159606,0.011594619618966712,0,1
-0.003150833089848791,0.012287016993507562,0,1
-3.5325086728835853E-4,0.005919954210954598,0,1
-5.875065150069734E-4,0.009040923758250904,0,1
-0.002443755094000265,0.009032749563410273,0,1
-0.002998971003856128,0.008666954996677221,0,1
-0.0021382809678329256,0.009244673005061892,0,1
-0.0037076260205136033,0.009206477589682079,0,1
-0.0028502143490673586,0.009763030015570006,0,1
-0.003350431846776648,0.00861820195420139,0,1
-0.0036194287933389115,0.010886719682368429,0,1
-0.0040652450182967325,0.009357478243023638,0,1
-0.0032108796534091833,0.014194594249252407,0,1
-0.0032820084475747384,0.010504654556809118,0,1
-0.00455975440141926,0.011007270551706852,0,1
-0.0070588251453137605,0.008625234559797208,0,1
-7.664065831947265E-4,0.008742799342322546,0,1
-9.062905230283959E-4,0.009615919771097475,0,1
-0.001833476872987731,0.007835991673985257,0,1
-0.0026952896057603347,0.010042860410808959,0,1
-0.005589157785881084,0.008955277937246871,0,1
-0.0029568748500748633,0.009617399720185929,0,1
-0.002747480999322528,0.01015723533433436,0,1
-0.0018174795265592202,0.01010521307998827,0,1
-0.0026073979061662818,0.009481416869617806,0,1
-0.0014531536093834417,0.01352072203936827,0,1
-0.0028609707828210615,0.01077743421312754,0,1
-0.0028850638507324144,0.010842040881048263,0,1
-0.003966955597147307,0.01101877783955159,0,1
-0.0018872491453011606,0.008707312578643395,0,1
-0.002382602968767556,0.009750236298761568,0,1
-0.004041631779949813,0.0084289127988016,0,1
-0.0018645236040224834,0.009476849382226182,0,1
-0.001532641029488561,0.009383022564731882,0,1
-0.0024541719505213402,0.010367493351353273,0,1
-0.0020875482252132433,0.01056791491406523,0,1
-0.003168744549824846,0.00911869866422153,0,1
-0.0034764922593912046,0.008892176539819233,0,1
-0.0031919786582707247,0.010164776199224821,0,1
-0.003195235416873127,0.01019779147060808,0,1
-0.003362376846018838,0.009252287588611198,0,1
-0.001831301234422843,0.008683349021473703,0,1
-0.001643211255378147,0.009856875102313123,0,1
-0.001988414565992565,0.008017937930236054,0,1
1.7197629806984892E-4,0.011478525243804391,0,1
-0.0030627725472098122,0.00993225556288903,0,1
8.700817400022779E-4,0.008755076700062602,0,1
-0.0015423698222487908,0.009623489025985412,0,1
-0.0035420954111812877,0.010447944826205481,0,1
-0.001083300833249516,0.01120150772325959,0,1
-0.002792819684737208,0.009511051844834383,0,1
-0.0032282503364446788,0.010885092045148533,0,1
-0.003662045296170353,0.008993038172361684,0,1
-0.0012081704849233397,0.00921148017319495,0,1
-4.55186169504925E-4,0.008300430782804891,0,1
-0.0018847586713575746,0.00951569567189682,0,1
-5.391874170976358E-4,0.007711199348336532,0,1
-0.0029818632857816743,0.01023426046584954,0,1
-0.003945482141894322,0.010741208307503965,0,1
-0.0038449925695765047,0.010921737793663039,0,1
-0.004307355686577368,0.007552860405261066,0,1
-0.0028258844435704866,0.009957075151696854,0,1
-0.0031023705578717906,0.010612702183043492,0,1
-0.004950179457021643,0.01052818199765757,0,1
-0.0035461616196622633,0.010691373051084724,0,1
-8.588697336162361E-4,0.009673362219230328,0,1
-0.0022065841134883504,0.008328602876554686,0,1
-0.00161046003725151,0.009536520085852132,0,1
-0.0020693705351553142,0.009505283971608838,0,1
-0.003270115342438479,0.010558089484757092,0,1
-0.002049943881009824,0.010036733255167435,0,1
-0.0034035237779094195,0.009463012538558146,0,1
-0.002926986072556021,0.007971500032623422,0,1
-0.0038061672528236965,0.010224785193114934,0,1
-0.0020382626870915875,0.010383689181561122,0,1
-0.00274106993893054,0.010549105982774412,0,1
-0.0018153934240608624,0.010011348444483538,0,1
-0.0033920949538989234,0.0119257584580189,0,1
-0.002687324530112875,0.008978164579224882,0,1
-0.0018742899471506107,0.009761054309136862,0,1
2.523843123037218E-5,0.008905784357112317,0,1
-0.002485434518403077,0.009286696041416883,0,1
-0.0012472961441547302,0.007763527319508579,0,1
-0.0029925458245757086,0.010321715103763035,0,1
-0.002997173869179941,0.010973381755188687,0,1
-0.0027399743276823353,0.008926037803067942,0,1
-0.0031561840385715984,0.01088532747120737,0,1
-0.001756578010240883,0.006057313888234421,0,1
-0.001785829507420618,0.010083463367263302,0,1
-0.0020876389483087303,0.007106787876073187,0,1
-8.636789237840652E-4,0.010050494325112519,0,1
-0.002285292837945694,0.00897972474572815,0,1
-0.0023345779219893503,0.010292524481002565,0,1
-0.0025060147543898986,0.010634642591763586,0,1
-0.0026219379485280404,0.010018974570166895,0,1
-0.002314359785233552,0.011260559298996992,0,1
-0.0026027969727980163,0.010625991234529246,0,1
-9.593744200759346E-4,0.007801678154503034,0,1
-0.001050894783371889,0.0101261454829186,0,1
-0.0021040971429340215,0.009909982586555274,0,1
6.969816833792323E-5,0.007367480835605909,0,1
-0.0025563793757336036,0.009978535466007719,0,1
-0.003488803928520075,0.009276482811460937,0,1
-0.002408726032687653,0.010599513406200967,0,1
-8.764972294028963E-4,0.01109814123690333,0,1
-0.002909342579711999,0.012791634672534335,0,1
-0.005361242937908734,0.012246098445816908,0,1
-0.0021414689219471247,0.010274726280982914,0,1
-0.0015768832777693224,0.009859666376440895,0,1
-3.5577575415562524E-5,0.009478355217640103,0,1
-0.0013255628719135808,0.011043668459212149,0,1
-2.837324201466997E-4,0.009126944555651295,0,1
-0.002714677653968464,0.009772413948960279,0,1
-0.0026299473055611633,0.010273076816479635,0,1
-0.002786524692866015,0.010248514705787767,0,1
-0.0022572738414786005,0.009151617504231182,0,1
-0.001639715798042151,0.011237884825422803,0,1
-0.002142392695781719,0.00903964258893569,0,1
-0.0012958294729041977,0.010168187091465448,0,1
-6.792277444611218E-4,0.010117627704350901,0,1
-8.771776185431168E-4,0.008915896240296397,0,1
-0.001808912256988028,0.010634499533744377,0,1
-0.003455707811801457,0.010809389839408304,0,1
-0.0022184730353700228,0.011043840669192638,0,1
-0.0038805445648419103,0.011096469550526462,0,1
-0.003696654191762302,0.013602812877715918,0,1
-0.002207668184030933,0.01044583447656714,0,1
-0.0021203079952203103,0.009230157189075583,0,1
-0.0017656309615181663,0.009813917279886408,0,1
-0.004461235477887935,0.009235394014791792,0,1
-0.003142998435413018,0.01130204758874686,0,1
-0.0026430944039431917,0.010790167980536355,0,1
-0.003621324924640124,0.012766636954213791,0,1
-0.0033487586398160832,0.010889654193307848,0,1
-2.019450009707828E-4,0.009567980116222771,0,1
-0.0013648794406387057,0.010206202519105098,0,1
-0.0018407989302169849,0.007502617761174397,0,1
-0.0021151340899970184,0.010631384855243103,0,1
-0.002226231396027124,0.010480030996168581,0,1
-0.0019392991750957808,0.010664206820295447,0,1
-0.002064791763369807,0.010067201029217935,0,1
-0.0023653445980609577,0.009270454583834018,0,1
-0.0013151292174498268,0.010022701052460411,0,1
-0.0013704917596707032,0.010603638620927607,0,1
-0.0014417021770773144,0.009950430955960592,0,1
0.001697146293845662,0.010170135127423024,0,1
-0.0028114332230778083,0.010345078864789935,0,1
5.759428569160725E-5,0.013831257618833958,0,1
-0.0015974924229347715,0.012412719276936497,0,1
-0.002058039506800184,0.008948909663911552,0,1
-0.003957310820891987,0.009399670448029645,0,1
-0.002038459316034466,0.013610674200918962,0,1
-0.0017271952335770166,0.010432477727743356,0,1
-0.0021533909169687664,0.010108301485800024,0,1
-0.0013778214050666046,0.007570084183094235,0,1
-0.0024259930114319665,0.01104674846013595,0,1
-0.004941478156982739,0.01124441188267488,0,1
-2.365424129280302E-4,0.010632276240070633,0,1
-0.0024075825848366194,0.010494978585438242,0,1
-0.0017969844675672835,0.009444929986444982,0,1
-0.0020154074931983475,0.011403583849942023,0,1
-0.0037396994013762846,0.011551430637854836,0,1
-0.0022076989315087327,0.009797774960887932,0,1
-0.0018337832706165663,0.010999772884490175,0,1
-8.672855650984257E-4,0.009566286800921536,0,1
-1.9418154097068942E-4,0.010975261346024494,0,1
0.0012869990326119325,0.010265083313361588,0,1
-0.0021226683052070084,0.011010956249524478,0,1
-1.823862467777029E-5,0.011975450260600243,0,1
-0.0021686764886022464,0.01107856017378641,0,1
-5.053241268465347E-4,0.009233551997550467,0,1
-0.004149138696154307,0.011326692332708943,0,1
-0.0015193331153336956,0.010716269672369223,0,1
-0.001916844020377356,0.010929640521158473,0,1
-0.0011949062593320451,0.01066168317218028,0,1
-1.253302544842623E-4,0.011372840143223591,0,1
-0.0026715706222825517,0.010836677755362692,0,1
-0.002852908438196315,0.011209781574614682,0,1
-0.0026031743064466226,0.01095151233145211,0,1
-0.0018668716436453158,0.010978001432242595,0,1
-0.0016917941021818025,0.012058675343958932,0,1
-0.001311707991373179,0.01117091110229849,0,1
-0.001260905668030059,0.010604563249448726,0,1
-0.0015134725080717469,0.010212604782013858,0,1
-0.002272062516440488,0.011933406388767734,0,1
-0.0018327195843280508,0.010555366180871292,0,1
-0.00168372103809816,0.011227521670064269,0,1
-0.0022159051538963963,0.010464038321295884,0,1
-0.004642434756822255,0.012882164997147828,0,1
-5.703239378303485E-4,0.011053032228933493,0,1
-6.763014823142749E-4,0.0107501833149056,0,1
-9.364429926680035E-4,0.01126179062206594,0,1
-0.003945319263783347,0.011303703016879685,0,1
-0.0018513413602704927,0.011847051052949704,0,1
-0.0017039120379717077,0.012156259049924482,0,1
-0.0014568860867975818,0.01035638996789297,0,1
7.903000122796568E-5,0.009453805288755935,0,1
3.933040476601338E-4,0.009888267908229,0,1
-0.0011509647551925886,0.010782960072245417,0,1
-0.00142734583072511,0.011431564994391909,0,1
-9.29660161910944E-4,0.01049865741714024,0,1
-0.003272113843217751,0.013324792792852163,0,1
-0.0019843230726318186,0.011210616829300506,0,1
-7.821971732314464E-5,0.012240123861987211,0,1
-0.0016683236914492245,0.010786695178681588,0,1
-9.19631558636212E-4,0.010131429400154515,0,1
-2.920361693517115E-4,0.011624826161301002,0,1
-0.0014597932314586062,0.012042787134783168,0,1
-0.004822961067273518,0.005994974103604638,0,1
-0.0049463449804297704,0.006688680193978646,0,1
-0.0051789325402719424,0.006927615440907346,0,1
-0.004063286711672879,0.0072533834747532736,0,1
-0.003674616396295263,0.010252112319474082,0,1
-0.0046888051318790935,0.008316369388222233,0,1
-0.0029650111152918833,0.008613083079575687,0,1
-0.0046385269050262384,0.008477665076509293,0,1
-0.0054327242597002395,0.009125623275058994,0,1
-0.004188044848981605,0.008524913776880251,0,1
-0.002352646650120562,0.008964014303462215,0,1
-0.005900803908423735,0.00875256326786632,0,1
-0.005207342272345362,0.009189780327161192,0,1
-0.005522752533254842,0.008660953797881524,0,1
-0.004598128402587516,0.010092940773542907,0,1
-0.004719630151783879,0.008518212240512905,0,1
-0.007153649843852909,0.01175195070292621,0,1
-0.004623964542261302,0.009569418665743762,0,1
-0.004849925778602985,0.007595550909249684,0,1
-0.005400398706281679,0.006277911811648099,0,1
-0.004666374967154153,0.007301023295926553,0,1
-0.004758917643770536,0.007315959993333027,0,1
-0.004470685331136428,0.006829417364250986,0,1
-0.004940089333308713,0.007635132718896953,0,1
-0.0031530655617739,0.007859424179438062,0,1
-0.005424764429775015,0.007832159379295716,0,1
-0.004960503257415396,0.008271784537927505,0,1
-0.004890694068627456,0.008774774849458173,0,1
-0.005492446367377706,0.009910963404528747,0,1
-0.004481163472596921,0.0086729268925414,0,1
-0.007116984100297631,0.008953028807611474,0,1
-0.0055653286262739654,0.009239581391047623,0,1
-0.004444910354445963,0.009688999667508085,0,1
-0.002886887328187176,0.011421733142324643,0,1
-0.004270492902233059,0.006498104708822333,0,1
-0.003990447771467144,0.005155109896296781,0,1
-0.004666767441525897,0.007015106530161865,0,1
-0.006618665954680009,0.009336462963617204,0,1
-0.0049034874541975465,0.007528235835855393,0,1
-0.004916341630040921,0.007820963994144652,0,1
-0.004409059339162135,0.006705499310128717,0,1
-0.005246603644158381,0.008019843818364335,0,1
-0.00240913416812262,0.009168628836241604,0,1
-0.0074705340843678365,0.010027831476529574,0,1
-0.003414726993402822,0.00869078002754318,0,1
-0.004873554012102666,0.00897413780112033,0,1
-0.0022300386135959242,0.009419216508195279,0,1
-0.00529016208742711,0.00887857883935108,0,1
-0.003834278195976338,0.012060548088997312,0,1
-0.007009769476347383,0.008192745977263612,0,1
-0.005974791395552039,0.004888748303064166,0,1
-0.004900395053602262,0.006611362861460722,0,1
-0.004383250882323363,0.007133752183164155,0,1
-0.005440191381184768,0.004610134399684509,0,1
-0.005332536766486816,0.00605832254868535,0,1
-0.005099978728385826,0.00765866980891886,0,1
-0.0058300300191089895,0.008462223726060368,0,1
-0.004400069413341739,0.009079268727408695,0,1
-0.004622260542598209,0.012225814932512175,0,1
-0.00445980979206396,0.008827526747169228,0,1
-0.004970759248463708,0.008274561014265797,0,1
-0.006906299530877864,0.009808866526636643,0,1
-0.005795060573190554,0.010209347167463691,0,1
-0.004798029625559074,0.008820318960101685,0,1
-0.005316443359557614,0.011733597713628594,0,1
-0.005719433344902219,0.010977645629109762,0,1
-0.003588868476527813,0.0061271335043611265,0,1
-0.006419928923910228,0.009993177130832403,0,1
-0.006295410162696122,0.009070259161245185,0,1
-0.003880089294398525,0.0074778561299569625,0,1
-0.005986429534937315,0.006948940243063539,0,1
-0.0044996825768719015,0.0053204585408086575,0,1
-0.006591532460653201,0.008880056911531225,0,1
-0.00477369992997463,0.008327847801589731,0,1
-0.004323991769620996,0.008164908722572854,0,1
-0.006109158065797444,0.008929744848670235,0,1
-0.004973749960628017,0.008562209233155387,0,1
-0.0040120650253685245,0.00905080170903049,0,1
-0.005138878265314077,0.009118481020941111,0,1
-0.004269469926484342,0.008683212137691859,0,1
-0.004032373826965772,0.009867010009175812,0,1
-0.005365251287925832,0.005541136959809944,0,1
-0.004740496194567847,0.006827723603475326,0,1
-0.003917199735498264,0.006476284615799175,0,1
-0.0044637283390975046,0.0075981322293808985,0,1
-0.004231433370237986,0.007387210006666011,0,1
-0.0045217013303757774,0.008049542333893427,0,1
-0.005012466925189588,0.0073088727624998,0,1
-0.004328606389712551,0.008059018757849729,0,1
-0.00458898506241471,0.007189640191554082,0,1
-0.005427266884064578,0.009911857710407814,0,1
-0.00515144291723667,0.010031418262067132,0,1
-0.004718710360038219,0.01084143252530159,0,1
-0.004101842659708165,0.009319680905540922,0,1
-0.004897184393491294,0.009383639053774064,0,1
-0.004737086632721318,0.004032466875670611,0,1
-0.004065461141642719,0.008602441530040611,0,1
-0.004349828484324663,0.006418364406389232,0,1
-0.004762193285405986,0.007473675680497062,0,1
-0.004610536887132456,0.006432372437248541,0,1
-0.004287259016041393,0.007943405107529649,0,1
-0.0038617916002362898,0.007440722937020706,0,1
-0.00531616672875892,0.007241968389290279,0,1
-0.00525683375723266,0.008511160846954755,0,1
-0.0035409203287020768,0.009057695713316558,0,1
-0.0059016680522588705,0.008850216930648101,0,1
-0.005226865819607166,0.009469954327028242,0,1
-0.003020272632294081,0.009328942117011045,0,1
-0.004546449027246033,0.00942343407141274,0,1
-0.004889346240451878,0.009831016789910007,0,1
-0.005437282909242021,0.006915428540957084,0,1
-0.004654533385884795,0.007439415186216981,0,1
-0.0037947373315843093,0.00706769315137438,0,1
-0.003592931941654125,0.007737401641221517,0,1
-0.004171576006821409,0.007749619355179132,0,1
-0.003947924749814056,0.008422803411899119,0,1
-0.0031805992900702015,0.007511117667185538,0,1
-0.0031697458803741745,0.009078543915052341,0,1
-0.0036277654265375703,0.00811253272911892,0,1
-0.005102294896033546,0.010275588351684047,0,1
-0.004599223286751835,0.009608781770827659,0,1
-0.0040988688128416485,0.00940736587962743,0,1
-0.004314315654480997,0.008719978380058307,0,1
-0.005328370331008179,0.009619249745341353,0,1
-0.0038495482991593574,0.006310032978236149,0,1
-0.004185516709114665,0.006947773459689433,0,1
-0.003468777852656668,0.008199459298984297,0,1
-0.004071868525345634,0.006749652222445112,0,1
-0.003789756252123714,0.00875714524294006,0,1
-0.003080869405085892,0.008250569083284417,0,1
-0.005352937248020482,0.005525849070678923,0,1
-0.001950895032328357,0.00918963131559975,0,1
-0.005435838686896672,0.006906474213218725,0,1
-0.004081690121613047,0.008589311348307586,0,1
-0.0036332695195819627,0.008652989845153114,0,1
-0.004671273009902621,0.010097073492394911,0,1
-0.0037063599749760892,0.006430325211134298,0,1
-0.0039261174992657405,0.006064557750233465,0,1
-0.004659910968132192,0.007207312141690888,0,1
-0.003249955182622542,0.008628473995851284,0,1
-0.0035006182845776406,0.008419104481916285,0,1
-0.0035956792058279255,0.007913646422343112,0,1
-0.004646965589038571,0.00797242453717843,0,1
-0.004310609110855479,0.00944676684807446,0,1
-0.003208566748283652,0.007809526013424529,0,1
-0.006219604202482046,0.010964072339996026,0,1
-0.002051114633722756,0.007887859514082302,0,1
-0.004302683703263385,0.009036713445696478,0,1
-0.003800493925518886,0.00878594873531117,0,1
-0.0036150088730351328,0.006090582084741218,0,1
-0.004246171788842997,0.007042253610910106,0,1
-0.004740377635887237,0.0055505479435327566,0,1
-0.0049232756010744805,0.008580217657645169,0,1
-0.005341347120924614,0.007811386696380728,0,1
-0.0026125764695456334,0.00857056125442967,0,1
-0.0036717625819161163,0.009265740577116205,0,1
-0.003820916313161832,0.009790589387090813,0,1
-0.004125707669237293,0.00858234354749048,0,1
-0.004236662179325715,0.009215836655828709,0,1
-0.0039016542261986016,0.00868860195116534,0,1
-0.00431072222732047,0.00972603074809975,0,1
-0.007837962687158863,0.007818850279607853,0,1
-0.004438417539036034,0.006834303243740642,0,1
-0.0034179516970879622,0.007103712383134558,0,1
-0.0032848483129315448,0.00738833445346273,0,1
-0.00364302523553961,0.007718742415778952,0,1
-0.004073797537983703,0.006730673270786275,0,1
-0.004010159686205573,0.00823827746144512,0,1
-0.00508650678675538,0.008884502255771382,0,1
-0.005873050359496839,0.008342711955076527,0,1
-0.004582568415802286,0.011688519896403895,0,1
-0.002955637505607697,0.008311261739807629,0,1
-0.0041244695943665486,0.008723438428906211,0,1
-0.0037053998038016666,0.006783071795740531,0,1
-0.003776286908971058,0.007032521633969673,0,1
-0.0037090688904444892,0.008151330448261529,0,1
-0.0053111134786709485,0.0073215228307599595,0,1
-0.0026054214984004066,0.007304985291506636,0,1
-0.0037529839017083847,0.007977733404532722,0,1
-0.002480494846896742,0.008974597203057134,0,1
-0.0032275355081533433,0.012003962747464474,0,1
-0.004777581040361426,0.008434306576177782,0,1
-0.003500191679885501,0.009043952644562736,0,1
-0.003919023143939774,0.009285329316119651,0,1
-0.004981910797524186,0.0069835994209757135,0,1
-0.003162885751573705,0.005886971219606678,0,1
-0.0013019068593034331,0.006969161747410501,0,1
-0.00317111277667635,0.006705571716176875,0,1
-0.003119078050588425,0.0067468404949890684,0,1
-0.0030251577219715066,0.008201474867386472,0,1
-0.0037380223084818504,0.007064703177497548,0,1
-0.0034630481328480458,0.008534009797791014,0,1
-0.002399812204452269,0.007975567638378287,0,1
-0.0035625680745094935,0.008583754342195745,0,1
-0.003950564011004836,0.008700537416541925,0,1
-0.0035091469068712963,0.005339168127504091,0,1
-0.003199969915181312,0.00783548616505949,0,1
-0.0036045284392737043,0.007327145704228303,0,1
-0.004232827587827603,0.00803391180532347,0,1
-0.0053075575885116865,0.007454830349910126,0,1
-0.003390384337251345,0.008380952055109291,0,1
-0.003616626523662337,0.007729831922912522,0,1
-0.0037910032941826793,0.009917120938086174,0,1
-0.004364400369055552,0.010330110690311499,0,1
-0.004082088168657247,0.011015478870818479,0,1
-8.761708466201752E-4,0.006436228389002814,0,1
-0.0043321618705881365,0.006513845536527709,0,1
-0.0035896018543042285,0.00712244936997275,0,1
-0.0028181292793650102,0.007806254470960048,0,1
-0.003578353969260376,0.007903929701773118,0,1
-0.004681119572926876,0.007450016034256797,0,1
-0.00707829501146872,0.009539936921317365,0,1
-0.0036254426948606356,0.009283932553271576,0,1
-0.004892921012616572,0.00809164960217784,0,1
-0.004463353878756652,0.007964632190535267,0,1
-0.003109807467517259,0.007480157783438519,0,1
-0.003996229900069993,0.006667262394463806,0,1
-0.0034853886575392087,0.00715228633116502,0,1
-0.0041047888483376725,0.006922589176213755,0,1
-0.004440178863041755,0.007484891078013288,0,1
-0.003634564233604069,0.008107353615932521,0,1
-0.003506775114396268,0.008083856886891382,0,1
-0.0044858054592537425,0.011255873582141866,0,1
-0.0034389273483645577,0.008224801714554853,0,1
-0.0035270441076606703,0.0078230142902756,0,1
-0.004202212678787568,0.006053419501810421,0,1
-0.005178560866721633,0.007539724577241149,0,1
-0.003886826867390817,0.00787151589508086,0,1
-0.0034669553351817203,0.009214827720872256,0,1
-0.00473851610917057,0.008270814939798844,0,1
-0.0049207740422010406,0.008399880314283426,0,1
-0.002217743864390964,0.008898348968104035,0,1
-0.0035378620767572548,0.008851643023757351,0,1
-0.0024038632401665702,0.006189735435308325,0,1
-0.0033519279441819308,0.007268793078616335,0,1
-0.002467745677029009,0.005775390749612208,0,1
-0.0032780986709751267,0.007689299902548998,0,1
-0.003955630624678719,0.010084258777483078,0,1
-0.002056565603107481,0.009040258328992155,0,1
-0.005295378785274543,0.008007845537563844,0,1
-0.004417644050025529,0.008904053815332906,0,1
-0.0034892515490696986,0.008846756677515574,0,1
-0.002017458755903533,0.007145704048546008,0,1
-0.003968936172436059,0.006928346102941867,0,1
-0.0032109391127458256,0.008536857812753004,0,1
-0.0035972487317015097,0.008217385216477012,0,1
-0.003230149409704324,0.00862192658155756,0,1
-0.00453334364811614,0.008726666809228461,0,1
-0.0027537826185742844,0.009295451399582823,0,1
-0.0032483861935370317,0.006829688410889984,0,1
-0.003150858882259606,0.007283745595075244,0,1
-0.0031214405105290896,0.007480130238499351,0,1
-0.0027678239975467154,0.007581854253727055,0,1
1.3573155245893734E-4,0.0065443618524529505,0,1
-0.003377474405295386,0.00806605132184858,0,1
-0.0023932943898212766,0.010666839756330622,0,1
-0.0038781196751313304,0.008494497896548462,0,1
-0.0013472453021672424,0.006585078117778584,0,1
-0.003617788755386118,0.007239979875050089,0,1
-0.0031230158998284967,0.00751967407837778,0,1
-0.002988793820144481,0.00805570519469505,0,1
-0.0037945057059969698,0.009127943891793833,0,1
-0.002467962456449275,0.009457404431834876,0,1
-0.005247049214348403,0.008863845028969801,0,1
-0.004356496263990108,0.006956826490619004,0,1
-0.0042336870366544484,0.007242831941682121,0,1
-0.002868023380849942,0.006991674742088994,0,1
-0.0030086413044201304,0.008111414589590648,0,1
-0.0029313930604284613,0.007852110905870867,0,1
-0.003717306055761544,0.007140318024398237,0,1
-0.0023796042250050424,0.006464160795531272,0,1
-0.002649107359625928,0.006928581171079066,0,1
-0.0024039359017911685,0.0071704261600191825,0,1
-0.0033827736754351375,0.006549990453504998,0,1
-0.003999968209023515,0.007601338450649816,0,1
-0.00222647227290413,0.008621120412550311,0,1
-0.0027368589313625873,0.007137356943849069,0,1
-0.0024024043173658557,0.005929937407369906,0,1
0.0010374796195959958,0.00794753936119459,0,1
-0.0053187810570987015,0.005431367430058306,0,1
-0.002832049961183363,0.007912620431295161,0,1
-0.0022956376069236868,0.006599355942072987,0,1
-0.002043380493493355,0.007014576908836459,0,1
-0.0036000319266449254,0.007241353413581414,0,1
-0.002903051588354143,0.007440744584251975,0,1
-0.0017504575619445135,0.007365789533551588,0,1
-0.0029129222809252775,0.006413494086595152,0,1
-0.0013912199196145052,0.005802120688152274,0,1
-0.0029592183684469474,0.0069114533830889145,0,1
-0.0027001804854463996,0.007213248166315729,0,1
-0.003365492329704554,0.008290874584903013,0,1
-0.002739002795049757,0.0068809839654966135,0,1
-0.0024758768029650496,0.008614420304349718,0,1
-8.878750421378492E-4,0.007783025543126306,0,1
-0.002986800945912264,0.007552208506179965,0,1
-0.002529121471296382,0.008812650820786812,0,1
-0.002284824925119738,0.007582124357804737,0,1
-0.003598796858588315,0.007292481588959426,0,1
-0.002479911448512785,0.007789031676664194,0,1
-0.002321185977819749,0.005380508122347122,0,1
-0.0021038920260988657,0.007554101980411655,0,1
-0.002284480332979897,0.0063044408788274055,0,1
-0.002049912055853709,0.006859711760092763,0,1
-0.002456868276009146,0.007989088070973531,0,1
-0.0020055544339687027,0.008567348184490033,0,1
-0.003210418957955501,0.006808256877932989,0,1
-0.0020305915636042258,0.007101779979511925,0,1
-0.001718343264832419,0.006876171761719355,0,1
-0.0012579531314697943,0.008725794914819198,0,1
-0.00190234228447064,0.007121325115986473,0,1
0.0016538246796783235,0.008323432126216734,0,1
0.0013664702626944132,0.006822336140494213,0,1
0.0013991036053141149,0.008547769461303725,0,1
7.768616160425829E-4,0.008354730424303736,0,1
-1.097291016618634E-4,0.009872466585690682,0,1
7.433722285652178E-4,0.010346395346772168,0,1
4.668441313666685E-4,0.010296932882777218,0,1
1.1592753443839898E-4,0.009262324172835316,0,1
0.0016310256614057003,0.010616019034536673,0,1
0.0022504725032258,0.007328632634018769,0,1
-2.536639046135889E-4,0.010817514581638583,0,1
-3.400009074264431E-4,0.009258170931730479,0,1
0.0014614277895891716,0.007940375028331295,0,1
-5.078249349673666E-4,0.010375090281610622,0,1
-5.729423933965223E-4,0.010398137181974432,0,1
-4.402474360675538E-4,0.011593828216027297,0,1
-0.0014382255673637886,0.011659616124652465,0,1
-7.165431835550549E-4,0.011730557299000011,0,1
0.0019053950670833671,0.009033652106364589,0,1
-3.2537320454238726E-4,0.008504486036138237,0,1
0.0020197775799135655,0.009092665181472667,0,1
0.0016637809699031967,0.010071108842123127,0,1
3.1143157192691E-5,0.0087635104039837,0,1
0.0016775917494843348,0.009802992144821693,0,1
-2.0625684634740606E-5,0.009410926298114993,0,1
6.124954764234342E-4,0.009903378893923382,0,1
-0.0016080976218188635,0.010510906407188495,0,1
8.78139793268267E-5,0.012307853257908218,0,1
0.001168681689513763,0.008897066156667214,0,1
-1.3779336849975422E-4,0.010639688771666352,0,1
-3.8356138354580176E-5,0.01102056466456191,0,1
5.327186302678732E-4,0.010144854674522,0,1
-5.235899337162201E-4,0.011384243487369125,0,1
-1.3141518498581265E-4,0.012627880559444313,0,1
-6.474889041376992E-4,0.011370955134333545,0,1
0.0010942773069334115,0.006998445290627537,0,1
0.001423520465936384,0.008611170565397806,0,1
0.0013438599159152295,0.008597081732111624,0,1
0.0015361024726357707,0.008739110744328206,0,1
0.0010450528162708474,0.009023375293888289,0,1
8.605369292840558E-4,0.009274226143392697,0,1
7.406422961896351E-4,0.009171164343001442,0,1
0.001968851881731649,0.009937031220939741,0,1
-3.3732642858990536E-4,0.011860756151020446,0,1
-5.295998619060931E-4,0.009673457587120984,0,1
-8.713349509471154E-4,0.011784145142071717,0,1
0.0021713420503722603,0.008571739640275057,0,1
-8.795804174174713E-5,0.010914268117105939,0,1
1.923169030269936E-4,0.010534496560500942,0,1
-8.26328041749914E-5,0.011359506108013607,0,1
4.0843923817401856E-4,0.010539400204454312,0,1
0.0016936312591678687,0.00979286853267801,0,1
0.0014375807132800205,0.009585967303000657,0,1
9.962098326997241E-4,0.008475642630857254,0,1
5.583949268730206E-4,0.007834099990773433,0,1
0.0015225220225970506,0.007200862274767413,0,1
3.825619016342902E-5,0.009720156821459729,0,1
9.047242039809141E-4,0.009717883195843508,0,1
4.699004797697098E-4,0.010275372319202761,0,1
0.00126841485303611,0.009415429055955353,0,1
-5.083261516854776E-4,0.00934680138926664,0,1
1.9412541731757347E-4,0.010241098726133397,0,1
2.1057263310903955E-4,0.009743587525284963,0,1
-0.001589904859273071,0.012208700017486165,0,1
8.828004891648912E-4,0.012006279485226394,0,1
-2.1564722794209328E-4,0.01109184168691309,0,1
9.606274500551545E-4,0.011956589213565927,0,1
-1.1193442763659615E-4,0.01120418573646458,0,1
7.461321835020005E-4,0.008594449867369191,0,1
0.0014601440088659952,0.008542772291748569,0,1
8.398507856464702E-4,0.008441396861160489,0,1
-8.133356543313543E-4,0.011468789034426627,0,1
-0.0011420926326419485,0.0087451349165301,0,1
8.818599342650324E-4,0.00995502804295156,0,1
2.158628895713996E-4,0.010364907359294883,0,1
0.0010200099757162755,0.009594054107550282,0,1
8.472304461764979E-4,0.007718300390986876,0,1
3.6637859472626075E-4,0.010370678053999749,0,1
0.0019371437920170475,0.01010186977023304,0,1
-0.0016361728076376926,0.010397703516766565,0,1
-4.485867491726575E-5,0.01011966392734513,0,1
5.084397114083715E-4,0.010863937873808103,0,1
-0.0011027610458521386,0.010218892634741353,0,1
-5.431098573436881E-4,0.011372852927663189,0,1
4.615897217107756E-4,0.008435174768953335,0,1
0.0013847298088819368,0.008924213085781087,0,1
6.227321785656221E-4,0.009142556262599208,0,1
0.001746188704747887,0.009856067470539211,0,1
0.0012848134865182522,0.008637807044436058,0,1
9.549694299200848E-5,0.010860863164761021,0,1
0.0012051765967233982,0.010804826865132839,0,1
6.054750627895297E-4,0.009866460812498127,0,1
-0.0014919819715549577,0.012395839055712156,0,1
-3.5328786189192935E-5,0.011574787495916858,0,1
-0.001001253373112506,0.01225316671070358,0,1
0.0016801850471949802,0.01134937736056934,0,1
6.900073274964625E-4,0.01162100161280348,0,1
-3.1363900557625956E-4,0.010192250751163628,0,1
0.0020077933130201574,0.010626233687458509,0,1
0.0016462465286653366,0.008650684584015985,0,1
-0.0011021855193883042,0.006567537040687276,0,1
0.00180093080740132,0.00978380750892729,0,1
9.369216584583773E-4,0.009002123433509101,0,1
-4.1893301863523243E-4,0.00736798685017777,0,1
9.692801519823591E-4,0.009394680757463811,0,1
9.986042513992544E-4,0.00972727708648249,0,1
-1.1237464496251058E-5,0.011140535550616362,0,1
0.0013121220133843151,0.00970319656555929,0,1
-0.0013193605277722457,0.011095812856451297,0,1
8.138441123607733E-5,0.010547957046759421,0,1
0.0013263197147340906,0.011218356030967805,0,1
-0.001131232770420771,0.010071581715643783,0,1
0.001063213897909638,0.01096542156334327,0,1
0.0023915761139002324,0.0083216203237332,0,1
0.0013857188606077207,0.008783742966122736,0,1
0.0015818134505485193,0.00906387207069018,0,1
-6.897842688539943E-4,0.011327466560785964,0,1
0.0010973574244435432,0.009451959246374124,0,1
9.480655399791304E-4,0.009444892732717924,0,1
0.0013204047361672507,0.009989863281787232,0,1
4.5642800802817176E-4,0.009079963894783362,0,1
0.0010700845617646212,0.010129360030423373,0,1
6.712413420719846E-4,0.010218504604390445,0,1
0.0017684653863573106,0.009902067865818646,0,1
-6.992333500688703E-5,0.010833153652758092,0,1
1.2019457282583438E-4,0.010939907456392457,0,1
-7.039522933987723E-4,0.012020108579572548,0,1
0.0018341450036786539,0.009701921060782775,0,1
0.0019367454099660983,0.008589416450836078,0,1
6.238747651255465E-4,0.00883057684651735,0,1
-0.0016362289243372049,0.009383583905990717,0,1
5.168989264781462E-4,0.009032897560027424,0,1
4.017722269525849E-4,0.00893934524599041,0,1
0.0017047073015104984,0.01006542933464176,0,1
7.440272606417119E-4,0.01015368827199699,0,1
7.839839447929741E-4,0.01024276996101838,0,1
0.0014012937521344835,0.009727011704504402,0,1
1.8214033385381687E-4,0.010076103441767546,0,1
-0.0015841891491359635,0.011238738385180679,0,1
0.0010896164344960423,0.010066690034415748,0,1
4.212042768069258E-4,0.01112739560688893,0,1
0.0021980228692159397,0.008924809762372388,0,1
-0.001736082809682923,0.007759806044322864,0,1
0.0029876797995802124,0.009897237291710725,0,1
0.0014805504027758664,0.009625166547929213,0,1
1.8738004176721784E-4,0.009248953553268964,0,1
1.118227382927905E-4,0.01000778113363408,0,1
0.0017359731989229736,0.009068866769962946,0,1
0.0013214508058299707,0.011040765752260687,0,1
2.1158721400171636E-4,0.010457524517987964,0,1
6.583540254253995E-4,0.009811397832147017,0,1
7.591702651651023E-4,0.01055893947749564,0,1
4.237200321679288E-4,0.010930543653805124,0,1
1.3243132169433273E-4,0.010652233247031925,0,1
2.8416402481406335E-4,0.010357885210611671,0,1
0.002215283082383256,0.008714794454374598,0,1
0.0015811945926496734,0.010290200426258408,0,1
0.0024826296198478762,0.006938488826073623,0,1
0.0024303880572466856,0.009214590724822119,0,1
-4.4425175000648225E-5,0.007451973545811048,0,1
0.0014138477233747308,0.010829857882652652,0,1
0.0011102880665020101,0.009453914560784088,0,1
0.001150709106948176,0.010153042500619644,0,1
0.0022186374637972062,0.012044966262815728,0,1
0.0012115450874401168,0.010255073534048866,0,1
-5.739141912189751E-4,0.013834499533065134,0,1
-0.0011856174580574291,0.012853392032303007,0,1
0.0023467637435302204,0.011096444809100143,0,1
0.0019533042199378855,0.008317917527090678,0,1
0.001029712159346126,0.008550349724639989,0,1
9.82669920354352E-4,0.008874785508980848,0,1
0.0010019648997289655,0.009746295006394897,0,1
0.0036818715958610183,0.009819135938247014,0,1
0.002095917355534305,0.00993925380761214,0,1
7.447347458336462E-4,0.00887044079616439,0,1
0.0010827053885758748,0.009760297820138491,0,1
0.002342760247143291,0.01101953933076517,0,1
7.948822749399396E-4,0.01068912153552908,0,1
5.670871657052921E-4,0.01092490360405975,0,1
5.260945269775482E-4,0.012173134294588163,0,1
0.0021246275442034306,0.00912063048357841,0,1
0.0012893712950884902,0.009123286794297764,0,1
0.0018410810840383495,0.009353430005412004,0,1
0.004152612871419462,0.008278266338863931,0,1
0.0010034116494551067,0.009652335963549724,0,1
7.281828570742194E-4,0.010084668129956956,0,1
9.572412194766175E-4,0.010104152528655432,0,1
-3.960056583897697E-4,0.010990665154637681,0,1
0.0018913879744955223,0.010849292074622357,0,1
3.259607624271037E-5,0.010839077993154391,0,1
5.784591736521047E-4,0.011142906800967883,0,1
5.005657459917964E-5,0.012489388223693651,0,1
8.37560236977933E-4,0.008969201157310046,0,1
0.0019446563242423926,0.00941252983671134,0,1
0.0014322333686083181,0.008404046540772547,0,1
0.001991467856150534,0.00959718312019761,0,1
0.0015048125992446562,0.00873899702454884,0,1
0.002177977649915242,0.009867684298451331,0,1
0.001016904158840653,0.010569582356263518,0,1
-4.0975624842621883E-4,0.008080306621628756,0,1
7.044846695294394E-4,0.009728725215982335,0,1
0.0010260091588879207,0.010247099844739559,0,1
4.771472733088726E-4,0.012094649141131047,0,1
0.002418519121547246,0.00875715475549105,0,1
0.0017466891380003902,0.010222990982363414,0,1
0.002048013658710404,0.009457574731873041,0,1
0.0021982616180562047,0.00948959825798445,0,1
-1.5117470784057867E-4,0.010019039791738703,0,1
-0.0013774766806307188,0.01085333186637481,0,1
-5.096452167385685E-4,0.009993189543313049,0,1
-2.161261806563552E-4,0.010195794920675046,0,1
0.0015321665836877465,0.011748318042715847,0,1
0.0018293803838514294,0.011726225669889529,0,1
3.607656733289398E-4,0.011311273062033295,0,1
0.001507237348416239,0.008651120629254933,0,1
0.0019710995259999827,0.009907220986987798,0,1
0.0016458243063635202,0.010991088367504459,0,1
0.002770791266408447,0.010298343715513322,0,1
8.142462846662436E-4,0.007940452199087468,0,1
0.00257196264991858,0.008899667843882067,0,1
0.0016392084525698914,0.009762693181327543,0,1
-2.350208154247826E-4,0.009572077847584671,0,1
9.457947267206756E-4,0.010422370468497897,0,1
0.0011555210070007774,0.010756069923613111,0,1
8.497399487357283E-4,0.010982101201998985,0,1
0.005458160225693153,0.009050230988849776,0,1
0.0020767228406040465,0.009681406579689623,0,1
0.0031380275195350142,0.00901415919053948,0,1
0.0033369354839378608,0.010927952258840355,0,1
5.226994892288864E-4,0.009324463373428607,0,1
8.879491104987758E-4,0.010563624565913409,0,1
5.952543433751733E-4,0.010975625606986032,0,1
0.002690126810858721,0.010487764842278147,0,1
-3.364146209729746E-4,0.010901350248470172,0,1
4.0852253434295777E-4,0.010064547116300449,0,1
0.0010836024775423567,0.009328670537866924,0,1
0.0022848740717844518,0.009589053995959317,0,1
0.0013936173078369983,0.00950471637094093,0,1
0.0015704958033521221,0.008170430162981072,0,1
0.0024457604884420754,0.010178245020393085,0,1
7.49489245649664E-4,0.009974980771175024,0,1
-0.0013342796935254839,0.008429099562067196,0,1
7.382088094471194E-4,0.01067588673298376,0,1
1.9096126280203343E-4,0.012233200446811258,0,1
0.0026092786407897906,0.00974649646436611,0,1
9.239775718485769E-4,0.007942721550218548,0,1
0.0022446721535130314,0.009365837801436409,0,1
0.0024617526553687634,0.010078151521359028,0,1
0.0025809386951738786,0.01109573588538823,0,1
0.002030664657452001,0.00943134221109955,0,1
0.0018521472131455604,0.00916849649488457,0,1
-9.404444920683528E-4,0.010313562343229329,0,1
6.676220739144924E-4,0.012079940319738264,0,1
0.004110276384932246,0.007933768933367995,0,1
0.003358080770028436,0.010618503819909293,0,1
0.0032279188742421706,0.009587631096132832,0,1
0.0012887255396676761,0.008972791254880317,0,1
6.423572059736833E-4,0.010643116141875741,0,1
0.0012168910199144326,0.010476803077739488,0,1
0.002404437143833104,0.011382183745352437,0,1
0.0028751423747711007,0.011399066258631069,0,1
0.0015872928779310732,0.011276222384190567,0,1
0.0020839113888680254,0.009173803262049342,0,1
0.0034100574105228204,0.009190788986357881,0,1
0.0027174356925327562,0.010294753987810868,0,1
0.0034391976959903137,0.012622451337502389,0,1
0.002679138028473466,0.010211462529541027,0,1
0.001514183573729549,0.010707619689824654,0,1
9.484469642055321E-4,0.010231060637432276,0,1
-4.086407558537987E-5,0.013797780363787919,0,1
0.0022648486619463184,0.009406889567064515,0,1
0.0021989972304717114,0.009931824209448811,0,1
0.0028149926806839125,0.0100422908807728,0,1
4.920428777481602E-4,0.01259421515037225,0,1
0.002163201086010644,0.01159606241092757,0,1
5.487585244989875E-5,0.009400144311640787,0,1
0.0019998771611190787,0.010651039270320281,0,1
0.0013814139596809148,0.00989453127312275,0,1
0.0023897717358422775,0.008716152578395853,0,1
0.0019387831546706558,0.008560786746448477,0,1
0.0024420436197770375,0.010071840638657265,0,1
-2.6910676174164537E-4,0.01009890799298701,0,1
0.0026672501214338646,0.01059378525196094,0,1
0.0033674045910327024,0.012042880880882892,0,1
5.082239301706826E-4,0.011491452351042663,0,1
0.0014498598701040697,0.009524771316528801,0,1
0.0023163609118811218,0.009123328795802016,0,1
-5.266492623648183E-4,0.007123639869396413,0,1
8.92447219215857E-4,0.009746930343354287,0,1
0.0011694118181821986,0.011870597281469183,0,1
0.002076702988472625,0.011254079620247758,0,1
0.0019452277069085483,0.012439429074066635,0,1
0.0027779055636524093,0.009982803869147266,0,1
0.0024790465738711263,0.010375787263985697,0,1
0.003019458284705462,0.009004374829744272,0,1
0.0013875109483137535,0.008793467111353669,0,1
0.0021406405259355586,0.010648735833672181,0,1
0.0018524888104755706,0.010901455807721182,0,1
0.003905553919569727,0.009623094698553023,0,1
0.0029611464109131173,0.008553871617939628,0,1
0.0019394680863909007,0.010481485072455032,0,1
0.0010974106539708595,0.010890457474482846,0,1
8.518676637588572E-4,0.00990524646500943,0,1
0.0026063190718149344,0.010700738098419286,0,1
0.002473351317185139,0.010216028018869784,0,1
0.003724582615985692,0.007391818279708407,0,1
0.002176773685265419,0.009642940087379894,0,1
0.002951780528604026,0.009493612631330708,0,1
0.001967916637215299,0.010371171082438067,0,1
0.004103437881929325,0.009938198458950945,0,1
0.0035626239467757095,0.010031777442088994,0,1
0.002229988293176162,0.009566532980487904,0,1
0.0013638229182439644,0.010730511073507766,0,1
0.002335111563108261,0.01058363300881257,0,1
0.002282472073261588,0.008625773704607828,0,1
0.0033944787247024433,0.01019435695349093,0,1
0.004835677417446224,0.012461299376294652,0,1
0.0015109489215064842,0.01088136270821433,0,1
6.757856547610672E-4,0.00913889476103908,0,1
0.0029792660004073876,0.008207329722343937,0,1
0.0029412370272984107,0.009438145935170271,0,1
0.003139667157948158,0.01029879114134173,0,1
0.0024460181985044606,0.010777303693372584,0,1
0.0031017398548197506,0.010317331327545455,0,1
7.433128397704113E-4,0.009183934899921004,0,1
0.0023286464719764395,0.009460414904696695,0,1
0.0028102636311465755,0.009573664165927804,0,1
0.003957657648146094,0.010930558479515098,0,1
0.0037081485130140606,0.00989064136892776,0,1
0.0028908732550448697,0.008881462311884055,0,1
-1.1123319326742716E-4,0.011854811702075214,0,1
0.002410940974439181,0.009800217502088922,0,1
0.003245140080246396,0.010480856918893304,0,1
5.757591506323725E-4,0.01004972334869256,0,1
0.003891864826339234,0.011284433197060332,0,1
0.004042706577417457,0.009827740752402808,0,1
0.0037138558713672334,0.009620561472297026,0,1
0.0012308193749596328,0.007985350402814955,0,1
9.972079006516767E-4,0.007948392287624163,0,1
0.0017279279245080664,0.008832468137450158,0,1
8.650109035379677E-4,0.00807049152538554,0,1
-0.0013805587894314014,0.0071964743895940805,0,1
6.881470836388331E-4,0.00807025095545281,0,1
5.900013957422374E-4,0.00850656974221226,0,1
3.093965784342676E-4,0.00795442427619154,0,1
-0.0019442204532196209,0.005820588951765817,0,1
-8.638279310674543E-4,0.0073978384190323794,0,1
-0.003454236564643622,0.00814845643625598,0,1
-4.5446526705762323E-4,0.009063243509783343,0,1
-5.895153855865525E-4,0.008116162771097979,0,1
1.3370518439343351E-4,0.007205359279526138,0,1
-0.0015021792306034573,0.007618876502008433,0,1
4.298223340929604E-4,0.008031221520460038,0,1
-0.0012142849503429536,0.0068367469819372835,0,1
-0.001759718274521852,0.006809471523095499,0,1
1.5637921919128006E-4,0.0069759626262056295,0,1
0.0023799899505963034,0.00940698318315607,0,1
-1.7628802391811248E-4,0.008458152148162444,0,1
-0.0013224743893034908,0.007539938613064369,0,1
9.350968828532567E-4,0.0073694872605499515,0,1
-0.0012145618488503909,0.007247417571415524,0,1
5.249191672953865E-4,0.008623665225696325,0,1
1.5102864980852344E-4,0.008265406569387242,0,1
4.1023293230144504E-4,0.006888962379599723,0,1
-6.722922356044797E-4,0.007693230530439645,0,1
6.496268674473248E-4,0.007401170572512898,0,1
0.0010593572223329963,0.0071856525265546825,0,1
-1.0938565466846534E-4,0.0067727570817592625,0,1
0.001790194289607062,0.007772974993658876,0,1
-0.0024808041043020376,0.007603928829386604,0,1
-0.0012980808638306065,0.007785006195439801,0,1
9.39583846985996E-4,0.008609882022535074,0,1
0.0033131463247634864,0.009468731892612313,0,1
9.681807761486212E-4,0.009278572911431443,0,1
-1.845414579018201E-4,0.007523500820615726,0,1
7.160527236630603E-4,0.007390350685991499,0,1
0.0010562655515354259,0.008393280815250571,0,1
-2.6810708326809594E-4,0.008150663654156584,0,1
-3.9409117997842925E-4,0.007868062975818206,0,1
-9.783124900943458E-4,0.0087369727586113,0,1
-0.00293599353063271,0.00933591616516561,0,1
-0.0014056626460098036,0.007975595403340984,0,1
-8.625530047160505E-4,0.007864775644024031,0,1
-0.0016610240934716298,0.0103598320257299,0,1
2.5787359992446665E-4,0.008449555673684337,0,1
-0.002568514113575528,0.006518382312199639,0,1
-6.495161128469174E-5,0.007670847950523417,0,1
0.0012982018938399184,0.008206749653919813,0,1
8.999315430110097E-4,0.008876064788249646,0,1
5.203423458933485E-4,0.008205042278450748,0,1
0.0011166048631211325,0.008153235435957031,0,1
-7.381825517075378E-5,0.008152978187376286,0,1
5.838732403474318E-4,0.007439391115819091,0,1
4.978539468519482E-4,0.008305495113707886,0,1
-0.0011325077699878702,0.01113764308065801,0,1
-4.5970266365866186E-4,0.007969985423094454,0,1
4.4336292419431763E-4,0.0067611657731207605,0,1
-0.0020175041425658726,0.007634902201871984,0,1
-0.0020982665749193544,0.00919687501081435,0,1
-7.758975436723383E-4,0.007313052689054001,0,1
-0.0017221870939911122,0.007483659310460751,0,1
0.0021722613271846305,0.00866790206047603,0,1
3.3413844423386073E-4,0.008756343733180324,0,1
-2.6007395896032466E-4,0.007904710019262915,0,1
3.210312764438461E-4,0.008646064755793676,0,1
0.0011277669507424209,0.00870458066180494,0,1
-1.1423016453975721E-4,0.007628684873965956,0,1
0.0010362713615743712,0.007966005953284457,0,1
0.0013022528723932037,0.005289932107486457,0,1
-1.2438936732567146E-4,0.007707222469675913,0,1
-3.209508649269501E-4,0.008222915732913427,0,1
-0.0014909553322123136,0.007031524489783306,0,1
-0.0017932072339778202,0.008469096358958136,0,1
-3.784263291719057E-4,0.00849951254079879,0,1
-8.24981270743852E-5,0.008391623037597187,0,1
-9.424001146081544E-4,0.010443801927951269,0,1
-0.0020454940708872662,0.009137736088314058,0,1
7.813056382277538E-4,0.008554857072155808,0,1
0.0015416646601634756,0.007239376722876165,0,1
6.923080768180849E-4,0.007104805051522465,0,1
-6.399086744898888E-5,0.009718577854841016,0,1
0.0010881802471791402,0.008586903920988412,0,1
-1.6890444747143463E-4,0.008753167195600403,0,1
-0.0010342332906959483,0.006557128484032933,0,1
-0.0015103905116541697,0.009857219430038647,0,1
-9.535693086061743E-4,0.008253608178803754,0,1
-0.0016496973449152284,0.00725974765085811,0,1
-4.3895962336912444E-4,0.007552301747101205,0,1
-8.877526871902304E-5,0.00801759799822383,0,1
0.0013532207602124189,0.00966409731549473,0,1
-8.286718486982884E-4,0.009052451097111395,0,1
-0.0015651915215905505,0.007625761036314333,0,1
6.188794625273078E-4,0.007794958763339724,0,1
0.001417913642003299,0.009161593025082196,0,1
1.7290552794466346E-4,0.008429132328461514,0,1
-9.799108804019563E-4,0.007911575845181157,0,1
0.0026962318781142535,0.008742521257780833,0,1
9.168467501254091E-4,0.00808367667388139,0,1
9.79954631753583E-6,0.011162204790139482,0,1
-2.142402634536995E-4,0.009026553602427158,0,1
-0.0020929858021160024,0.008599342898667005,0,1
-5.119591160050082E-4,0.008495693774435912,0,1
-0.002002425705147954,0.008389200747054622,0,1
-6.174990363815544E-4,0.00848670200851422,0,1
-0.001800369098656332,0.008578197141403366,0,1
-0.0025077372957018848,0.01114767505826446,0,1
0.001179653381186227,0.009506929466661554,0,1
5.875310865242274E-4,0.007375971184722825,0,1
1.823301412912609E-4,0.007917814345988764,0,1
-0.0012854031325317133,0.009053272898790652,0,1
-4.7426031058772465E-4,0.009152020734178984,0,1
0.004077344120150932,0.008997438730723064,0,1
3.967082093471642E-4,0.0075112459055342974,0,1
2.1125696791029052E-4,0.007732580354393879,0,1
-9.716429118490683E-5,0.008686503868592347,0,1
-0.0012038891042676673,0.007087700631242553,0,1
-0.003092444901820834,0.007895402372679624,0,1
-0.0012545052379402245,0.008350767213090849,0,1
-4.4074535906718124E-4,0.009152299192308845,0,1
7.989755642792602E-4,0.009217610840050863,0,1
0.0026395771344714194,0.011036579318141863,0,1
3.9199302922276894E-4,0.008897604471951537,0,1
0.001617227049137982,0.008720748216961897,0,1
3.1940399222071716E-4,0.008814915307983402,0,1
-3.201445530009494E-4,0.009513731076587414,0,1
-0.003779266819419037,0.00767018074701074,0,1
8.427081274799954E-4,0.009845489107477238,0,1
-3.8408498892770495E-4,0.007662649292050463,0,1
-0.00147598177037885,0.011057025794334957,0,1
-9.587673380454832E-4,0.008709734194096371,0,1
-0.00111706871502708,0.009383042486846096,0,1
9.788958459270355E-4,0.008519793560681983,0,1
6.718272665309822E-4,0.008844946550947651,0,1
-9.696413977501237E-5,0.0077981327353377275,0,1
7.018461091553204E-4,0.009155495068859227,0,1
-8.337844578529452E-4,0.008019657109976349,0,1
5.097955961549185E-6,0.009101774368034393,0,1
-3.5680640129402106E-4,0.008672433793695377,0,1
-6.132762958112636E-4,0.01161259671040207,0,1
-0.002197200858446933,0.010615689557758861,0,1
-0.0021761859428005396,0.006346268672015111,0,1
-0.001524135387017963,0.007958964764882333,0,1
4.156320584952048E-4,0.005889461453243962,0,1
-0.001167537385111609,0.008688757205932306,0,1
-0.0011607028800268676,0.008312104159121031,0,1
2.99541998348697E-4,0.009313826314573453,0,1
4.8716762818081774E-4,0.010211288372480918,0,1
-1.4510704530046155E-4,0.008879081672237383,0,1
7.364600945262553E-4,0.011840821712703174,0,1
-5.741173603509261E-4,0.009446902529261829,0,1
-5.914777804366341E-4,0.008538487215331155,0,1
-3.7710415820193307E-4,0.009043483661324027,0,1
-1.417995362420942E-4,0.007937295542861673,0,1
-8.562224569130585E-4,0.0058301036781325775,0,1
-0.0022925272412218393,0.00888952042983867,0,1
-0.0012807947329647996,0.008833242195366749,0,1
-7.138647128754366E-4,0.007753558627858084,0,1
8.031192712796162E-4,0.010136267131756629,0,1
-9.933842469213354E-5,0.008853592910881253,0,1
3.312185329014107E-4,0.008783424040286291,0,1
-4.979690435744508E-4,0.010167232239798044,0,1
-1.654267980937408E-4,0.009803830329981689,0,1
3.921249616555604E-4,0.008857430853126846,0,1
-1.8910965834121755E-4,0.009263544995800944,0,1
-5.008870617122244E-4,0.00892483110672042,0,1
-0.0011274649579595195,0.007814100539248706,0,1
-0.0014527561640032458,0.009222837568578814,0,1
0.001595709168793801,0.009877030568265086,0,1
-1.1414308402132424E-4,0.005958143340873777,0,1
6.282159441128929E-5,0.00980753689424531,0,1
-5.599499454408398E-4,0.010302535792248203,0,1
-0.0016550281142928744,0.00899972484945714,0,1
-3.2106834448210336E-4,0.011082855398857373,0,1
-4.433745561614873E-4,0.008955480285976097,0,1
-8.82479609506169E-4,0.009011150232274895,0,1
3.05485121751875E-4,0.008864619725266195,0,1
0.001343118203227661,0.011089898853813068,0,1
-0.0010339677206871191,0.008960260738048181,0,1
-0.0019036590475619837,0.00888741888772618,0,1
-0.0017545537616944888,0.009668913755503458,0,1
0.0011902840501895934,0.008874114493778172,0,1
5.713743689772796E-4,0.008922382656615708,0,1
7.814467275989229E-4,0.00922542846261466,0,1
-0.0033631871243103404,0.007319790183273761,0,1
-0.0014726442777514151,0.009493799096836262,0,1
-0.0013972746844857983,0.008526332690215343,0,1
-0.0018194251617564834,0.008123068252251646,0,1
-0.0024716978467260774,0.01132228703327754,0,1
-9.63782886840758E-4,0.007727763281947121,0,1
-0.002772809196933592,0.009214136560769675,0,1
3.02494296593735E-4,0.00930195210259958,0,1
8.266131779048059E-4,0.010512692315282225,0,1
0.0011533524746013713,0.009578526022199699,0,1
-1.977366585431691E-4,0.009530020789120583,0,1
-0.001223239123858236,0.010223280238534532,0,1
-3.0876090655285806E-4,0.010379832584634568,0,1
0.001490072261707974,0.011526202426048635,0,1
-5.555701135845436E-4,0.008870300233113505,0,1
-9.92769142687153E-4,0.008815181785508233,0,1
-7.931630506801141E-4,0.010083153049699473,0,1
-0.0014434979872437201,0.01146851793740142,0,1
5.695791070986326E-4,0.009652362460687736,0,1
4.8681772085037533E-4,0.0085603736359482,0,1
-0.0031378553527400756,0.01186607449235687,0,1
-0.0017999481550327319,0.008553012539317473,0,1
-8.950863737897317E-4,0.010568924927784868,0,1
-0.0022410605933311477,0.009100084775148976,0,1
-0.0031735752117848857,0.010189519029549038,0,1
-0.0030282976033344897,0.008341889691313662,0,1
-0.0018889917989937325,0.00980072921763936,0,1
1.6437140759320752E-4,0.0095577591006062,0,1
4.742381084756126E-4,0.009976301312386788,0,1
0.0010991373684265144,0.009468828011262176,0,1
-0.002190807271280727,0.008562552413718096,0,1
-2.863357171742187E-4,0.009773450877897818,0,1
-0.001342538664672869,0.0072283432604426275,0,1
-8.588504626379125E-4,0.010849425328718755,0,1
-0.0013127700348700409,0.009706655225152,0,1
-6.377684897769782E-4,0.00940741657783786,0,1
-5.518213878739398E-4,0.009674514340054365,0,1
1.5859485210668365E-5,0.010001851831692615,0,1
0.0011928664056278543,0.009010485134771117,0,1
2.317421407397915E-5,0.009428402053460927,0,1
-6.04194792129688E-4,0.009527943916383428,0,1
-4.794462423938625E-4,0.009931254762726124,0,1
-5.261511158886568E-4,0.010041346777564209,0,1
2.0636314442960393E-4,0.008977679217470875,0,1
0.0025463708656567672,0.010388756134872211,0,1
-3.8149619854675575E-4,0.009435230350745913,0,1
-0.0012501508743276235,0.007253442851465692,0,1
-2.2040486926407579E-4,0.009815601435205547,0,1
1.7118048963722502E-4,0.010075370012232809,0,1
-4.2603764900906913E-4,0.010473698749201368,0,1
-5.858285335103982E-4,0.010006178134927485,0,1
0.0010033419420376584,0.009349438053846491,0,1
-0.0015297236078719724,0.009383636910833026,0,1
-0.002624223159923108,0.010095988079185164,0,1
-1.0805889719048782E-4,0.009522707131656327,0,1
3.560838056014377E-4,0.009134844669704777,0,1
-7.687974097630669E-4,0.009732041858642319,0,1
0.0012506278621322881,0.00847678966792745,0,1
-0.001254647215659587,0.009239620659934026,0,1
3.586181255749555E-5,0.00950633464557526,0,1
4.182206213521049E-4,0.00951110814958422,0,1
1.2525574292297792E-4,0.010054176574542389,0,1
0.0019128063818247792,0.010554256863640752,0,1
1.0740067771792819E-4,0.009727770309102879,0,1
-7.194938152286648E-4,0.009479764186625746,0,1
1.734052338610663E-4,0.012493842045470344,0,1
-0.002297408499733808,0.009160580451282648,0,1
-6.159208003688811E-4,0.008755444990372103,0,1
-0.0014500925755135596,0.009914767598850313,0,1
-4.706151494854985E-4,0.00949013303224672,0,1
-7.70608385950663E-4,0.00914003212643664,0,1
-9.055740425048156E-4,0.009334414806133094,0,1
-3.2731216397949677E-4,0.009600658463235845,0,1
-9.395995610458977E-4,0.007223619828440123,0,1
-0.001501935954374428,0.009491111765145789,0,1
-9.860873546225194E-4,0.009767303566106179,0,1
-4.355522771677097E-4,0.009384492733568424,0,1
-3.548231527698736E-4,0.00968069553202715,0,1
-0.0011094803767291133,0.009645423044445137,0,1
2.59456692565801E-4,0.010585654524656088,0,1
-8.49773261567512E-4,0.010134498823329802,0,1
3.370066043063028E-4,0.009864085189633191,0,1
-0.001424318615970537,0.008963628331850942,0,1
-1.6933321421364116E-4,0.01064770946279539,0,1
-2.9179292849979753E-4,0.00676058858912552,0,1
-3.173478331716684E-4,0.00824260316236461,0,1
-9.907907811341251E-4,0.010159192626086392,0,1
-0.0017181458510269706,0.00845471293434066,0,1
6.039950912188062E-4,0.010239507942061516,0,1
-6.718023393580683E-4,0.010953224988074635,0,1
-2.3095986118552413E-4,0.009363931287334194,0,1
-0.001968239297801541,0.010346494086943872,0,1
-7.436585549964097E-4,0.01088959853443468,0,1
-0.0017769772943865838,0.011023774147770074,0,1
-0.0014391433819532795,0.01002401752393979,0,1
-4.4574116343113347E-4,0.009381432572969577,0,1
-0.004299395461211983,0.011123888400782583,0,1
8.012430106289478E-5,0.009839063916709497,0,1
-0.0011592393870341982,0.010371333195095093,0,1
-0.0023398942117891573,0.009287544024148803,0,1
-6.439626634393837E-4,0.010606549160073286,0,1
-2.9611260430000393E-4,0.00972706805588068,0,1
-0.0017242316554433464,0.010475433115818363,0,1
-6.232541995805033E-4,0.012192446784385694,0,1
-0.001287077328207527,0.013836718789098182,0,1
-0.0021180981427903612,0.010163896712959582,0,1
-8.199665061770688E-4,0.01002582589864465,0,1
-4.305899870481099E-4,0.010962054214493915,0,1
-7.680785074183692E-4,0.010552294849782281,0,1
-0.0010584806673383212,0.011115706301386134,0,1
-0.0018832208181177419,0.009444161527540258,0,1
-2.9390823246126266E-5,0.011378883153156607,0,1
-0.0036327001342585587,0.013266328946995374,0,1
-0.001266144946195676,0.0122018965763578,0,1
-0.0011722844843236318,0.009284222780594932,0,1
-0.0011392082241051405,0.011534122853640439,0,1
-9.430410518666288E-4,0.010805711069166985,0,1
-1.0179223430814075E-4,0.011026412430698438,0,1
-5.745393196052053E-4,0.010497628232369724,0,1
-0.0016231288760046427,0.010406319131574127,0,1
-0.0024149888501309898,0.013118663722797162,0,1
-7.36030828419197E-4,0.011278619198834366,0,1
-0.006318302819239742,-0.005211635177450505,0,1
-0.007260873115857642,-0.004861306283220419,0,1
-0.006759128806017631,-0.00555516064782601,0,1
-0.006187342617282916,-0.004451387961754213,0,1
-0.007423732191989752,-0.00432047027689661,0,1
-0.008068243433399638,-0.0037654332068172156,0,1
-0.007359423329856868,-0.003793914101793473,0,1
-0.006089019607614121,-0.005413346239463385,0,1
-0.00680982958521048,-5.782445781889805E-4,0,1
-0.006511996728455503,-0.0036718487000796,0,1
-0.005694610908749934,-0.005075134669346796,0,1
-0.006316581058387316,-0.002341581818734589,0,1
-0.006579994320347665,-0.0021331964613883073,0,1
-0.00880666087787447,-0.001837654797081486,0,1
-0.008087128058804367,-0.0021920153046352336,0,1
-0.007835283184816858,-0.0036520007815854564,0,1
-0.007727114973814346,-0.0044859253536840196,0,1
-0.006836969193916653,-0.005598733642272819,0,1
-0.0065704535332369585,-0.0050185974465211825,0,1
-0.006405895426757999,-0.006863405805628036,0,1
-0.0063364938125011734,-0.0048543714274098615,0,1
-0.00646599944336176,-0.0036953198137691734,0,1
-0.007994493731171616,-0.0031362612636377275,0,1
-0.008500586422610302,-0.0035874435231734885,0,1
-0.00639853264658052,-0.003161448175850688,0,1
-0.008423097945027694,-0.0012381299760255348,0,1
-0.007761533317419701,-0.0024875355292604956,0,1
-0.008092149506384663,5.594928684597014E-4,0,1
-0.008391571268307724,-0.0054650962229858685,0,1
-0.007119113396864962,-0.004078261601441891,0,1
-0.00710184585345824,-0.004318595049298083,0,1
-0.006019422747910711,-0.0036300979832177686,0,1
-0.00841928801313436,-0.003806475284729042,0,1
-0.006481454191125498,-0.0031338172001364826,0,1
-0.006428092867600937,-0.0034009023687815356,0,1
-0.006640395735399518,-0.0014620087475673206,0,1
-0.005363289339082131,-0.0035247314289807144,0,1
-0.009159441143476112,-0.002649248200931701,0,1
-0.007548907035314063,-0.002740363356350101,0,1
-0.007595350161911243,-0.0025949058575846225,0,1
-0.007686672576708473,-0.002539361747913601,0,1
-0.007848139090519029,-0.0022640799370944494,0,1
-0.007339085127729624,-0.004547797113402831,0,1
-0.008873288740292187,-0.003478710230870956,0,1
-0.006945633932367472,-0.00417399845569847,0,1
-0.00808808754297177,-0.006516760733678805,0,1
-0.00848010860957153,-0.004528033669261704,0,1
-0.007160500009495546,-0.0025506252812643876,0,1
-0.007048725285951663,-0.0036973970805343425,0,1
-0.007157301012214726,-0.003987168206870911,0,1
-0.011145288799876337,-0.0029271825906565475,0,1
-0.009464080894393727,-0.003275575080892064,0,1
-0.00940579091034674,-0.002164406183354088,0,1
-0.00662971844532009,9.175549694291178E-4,0,1
-0.006725861053560202,-0.004772695034092806,0,1
-0.004641809644538271,-0.003103752659067529,0,1
-0.008899371181363504,-0.006143288670704995,0,1
-0.007401685926440918,-0.003582598700988143,0,1
-0.006756476913346522,-0.0031022043313419364,0,1
-0.008030051528311571,-0.0032319975492508496,0,1
-0.00745303434701132,-0.003906660466249517,0,1
-0.006099177296841931,-0.003047283281057052,0,1
-0.006530077845130941,-0.0031447809178753528,0,1
-0.005819564866791717,-0.002944704374090237,0,1
-0.0063404599869289055,-0.0020429511287366406,0,1
-0.008749563646403974,-0.0022698803706599382,0,1
-0.006275493107241568,-0.002368627516029719,0,1
-0.005267158038609685,-0.0042893942515563775,0,1
-0.009040909479654203,-0.002769233420034134,0,1
-0.0075418408649144805,-0.0028977563860799202,0,1
-0.0069352287260990185,-0.004022187431062711,0,1
-0.0068309486777061185,-0.005278950406785725,0,1
-0.006608329065682008,-7.447816991016451E-4,0,1
-0.005926748177167537,-0.00433020923599931,0,1
-0.008012262888453976,-0.0030410850145723644,0,1
-0.006583011509885823,-0.002733810243883319,0,1
-0.008682084191212157,-0.0024576759846731857,0,1
-0.008014965956008915,-0.0031566257706354835,0,1
-0.006604963935639079,-0.004683137182467557,0,1
-0.00543950452648574,-0.006102396565255509,0,1
-0.007922175086766257,-0.005541656913321761,0,1
-0.009814167930104718,-0.004837354316329805,0,1
-0.006744520956302054,-0.0037860995022199464,0,1
-0.0076502499583241965,-0.0038242540140904723,0,1
-0.0068161973554728425,-0.003491900971455243,0,1
-0.005530839831224892,-0.002838104909242843,0,1
-0.006628359383549308,-0.002262088377489146,0,1
-0.007441718584635576,-0.003237609400691572,0,1
-0.007418345628758467,-0.0026735205307270855,0,1
-0.007345654707108131,-0.00167372721299706,0,1
-0.008127115140882022,-0.004249510154693945,0,1
-0.006284407833788739,-0.004585478470204342,0,1
-0.006221923882354491,-0.005073762449213384,0,1
-0.005740844276198912,-0.001842224986530976,0,1
-0.006705733546986761,-0.0040686030983124,0,1
-0.00768430406410576,-0.003035702735195524,0,1
-0.005654826390663111,-0.0014121211051877714,0,1
-0.006839524936213819,-0.0031563277384271844,0,1
-0.007361024407477729,-0.0038128382351362566,0,1
-0.006425675957380443,-0.002810678490904503,0,1
-0.0068281299223780035,-0.002127766704051921,0,1
-0.006314330821193188,-0.004529055921090482,0,1
-0.0064507784248703515,-0.004016869943657172,0,1
-0.007294589584141151,-0.004890938284429742,0,1
-0.006667806293257092,-0.004805788551570565,0,1
-0.006974313810108192,-0.004384148860551386,0,1
-0.007186802126341485,-0.0035059840214106018,0,1
-0.0071392964874961475,-0.0024709771618536915,0,1
-0.00838377507510016,-7.197046923473989E-4,0,1
-0.006118349486330804,-0.004470414555927398,0,1
-0.006727623814331736,-0.002261296921756466,0,1
-0.006640400954299554,-0.004584775219677877,0,1
-0.0071746439323873085,-0.002594585149280595,0,1
-0.0067081772156373344,-0.004917625380919481,0,1
-0.006300736358755486,-0.002804786993801817,0,1
-0.0069866803179991,-0.002505060357571269,0,1
-0.004981606333706943,-0.002283283733280362,0,1
-0.0069843340336498,-0.0029643255668103043,0,1
-0.0068612129233656316,-0.004596090553253028,0,1
-0.007199964717167291,-0.002079610559094695,0,1
-0.00729654926427418,-0.003102779777204976,0,1
-0.006570839628723671,-0.004795629862735037,0,1
-0.007383494351588948,-0.005158617814473003,0,1
-0.007166100650185215,-0.003956124732771767,0,1
-0.0066655595943593835,-0.0038130694195200703,0,1
-0.006621336265165919,-0.004462566972188309,0,1
-0.006505659290990724,-0.003709456132352667,0,1
-0.007648698547218319,-0.002475582969506944,0,1
-0.005261483891884939,-0.003160121417534335,0,1
-0.006762785745769855,-0.0026996895006234137,0,1
-0.0065475016182332865,-0.0024302933965295085,0,1
-0.006470131956558557,-0.003486724956048417,0,1
-0.00648837989634175,-0.004136740435885263,0,1
-0.006414412178675939,-0.004618625739775666,0,1
-0.005376310619749429,-0.003535186238774078,0,1
-0.005828238919120187,-0.00448837619615865,0,1
-0.00666300416285193,-0.003317078617481245,0,1
-0.005498403221153709,-0.002886090203706112,0,1
-0.0044811565791002764,-0.002895106677490607,0,1
-0.007036108643316688,-0.0027776202200626636,0,1
-0.005457921997708852,-0.003931387810801794,0,1
-0.0068056461852045985,-0.0027707544686998826,0,1
-0.007494770873901335,-0.003895051864571815,0,1
-0.006546739860127447,-0.0032815637662462443,0,1
-0.00633090738210734,-0.0031466196361911386,0,1
-0.00570105935354285,-0.002755640765507792,0,1
-0.005810313074897819,-0.0017056827658415142,0,1
-0.006568987036725799,-0.0026155042481515543,0,1
-0.005936937353503972,-0.002310851701691452,0,1
-0.006771711390119457,-0.003913037818581249,0,1
-0.006326888901439956,-0.0034652833998259054,0,1
-0.006077891141645324,-0.003748658922306139,0,1
-0.005950915102256603,-0.0033719998203727013,0,1
-0.005814289230116614,-0.0033310032414512187,0,1
-0.006369214786188785,-0.0030777099414028737,0,1
-0.006991830871768284,-0.0025583707301795153,0,1
-0.006241909330204484,-0.0015531910757637048,0,1
-0.006168811636711979,-0.004232396358586435,0,1
-0.005968569322818393,-0.0038681480719081245,0,1
-0.0048679981741711585,-0.004529852480111795,0,1
-0.003820046541148722,-0.003194565494350528,0,1
-0.00759271663122073,-0.003415277338414867,0,1
-0.005575971428338214,-0.004343722175636412,0,1
-0.006467796871593533,-0.003172213665563576,0,1
-0.006336313844629303,-0.0020260619208212318,0,1
-0.00753596750979968,-0.0029631110703423834,0,1
-0.006282909798135971,-0.005838722040591995,0,1
-0.00646794450154408,-0.004492515649098775,0,1
-0.00673703902789749,-0.003109360411519342,0,1
-0.006335495783336582,-0.002568380878018092,0,1
-0.006581054089092274,-0.0028939959436567134,0,1
-0.006293839700427265,-0.002609769542823176,0,1
-0.0041339994510830496,-0.005496558337300072,0,1
-0.005998426277928623,-0.0018803636087830632,0,1
-0.005759104910275632,-0.0032027001066157325,0,1
-0.0045831288546677494,-0.005150691434664146,0,1
-0.005886749763383029,-0.003975541021641787,0,1
-0.006024049109425742,-0.0030443467960378596,0,1
-0.007675510265957375,-0.002773883123590503,0,1
-0.00738847004382993,-0.006208095935024147,0,1
-0.004840538102107343,-0.0035796089325968827,0,1
-0.005775632757867718,-0.0034939740117470564,0,1
-0.006318016853766488,-0.002672294265716197,0,1
-0.006118174910944189,-0.0031880843854699315,0,1
-0.004966840355415451,-0.002103993907927521,0,1
-0.0069029929625298,-0.003683916247524849,0,1
-0.005086710801388424,-0.003334474242222283,0,1
-0.00435716527026687,-0.0038795093327162536,0,1
-0.005581394369764399,-0.003740467620524998,0,1
-0.007788869090989577,-0.0031482351502071667,0,1
-0.006868514448300869,-0.0035759574931123065,0,1
-0.005515678268846654,-0.0022937891807261785,0,1
-0.005604115664136257,-0.0042302331370573446,0,1
-0.005705681272527231,-0.0035580138248352397,0,1
-0.007162554529421743,-0.0032284853283231878,0,1
-0.007310119765713148,-0.005956738745289972,0,1
-0.005899488771158919,-0.0026923467836397316,0,1
-0.006396030591804953,-0.004471346260530214,0,1
-0.006100775676529677,-0.0028899249972745814,0,1
-0.005291129916008482,-0.0032509636704343013,0,1
-0.007079217277105328,-0.0030586495859517594,0,1
-0.005283881175136832,-0.0026480109453459496,0,1
-0.005928216816197113,-0.0021111305831668253,0,1
-0.00567814795108585,-0.0034825547977323,0,1
-0.005198426586078077,-0.002095598546728186,0,1
-0.005841635477298965,-0.002919482567463104,0,1
-0.004636595186866639,-0.0011952278905134582,0,1
-0.006056747544282508,-0.003554179199149775,0,1
-0.0036929945034601206,-0.003383921005355841,0,1
-0.005577023106956347,-5.771750255965496E-4,0,1
-0.008039737421692403,-0.002588020404356747,0,1
-0.005528724900853348,-0.0018418575937972292,0,1
-0.0055307251558651925,-0.0035022307923925898,0,1
-0.005154961870943049,-0.0033160072583305897,0,1
-0.005030263656454068,-0.001491479630057679,0,1
-0.004978536937354766,-0.002678804926180176,0,1
-0.004651268614551806,-0.0029072137028922714,0,1
-0.006458821135620997,-0.004048056610669745,0,1
-0.004830720060641523,-0.0026101622757654197,0,1
-0.003853504210140925,-0.003025114641049343,0,1
-0.004951178294412889,-0.0025747053972907464,0,1
-0.006817776000463003,-0.0044122558140347835,0,1
-0.004679812555303915,-0.0027973658591929455,0,1
-0.00556452200970378,-0.0028493829239968982,0,1
-0.005273488336653311,-0.003842339703754705,0,1
-0.003937298300331347,-4.577458473196007E-4,0,1
-0.005673566095074296,-0.002316914572764691,0,1
-0.00448242122211916,-0.003396726417037819,0,1
-0.003986886209034104,-0.0022182101329678624,0,1
-0.005710668155220057,-0.0018468264089898934,0,1
-0.004318456731409042,-0.003365804405408835,0,1
-0.003070059370184801,1.9058169941720555E-4,0,1
-0.006040519329187709,-0.0027707527321358537,0,1
-0.005592915996565442,-0.0021970078883565493,0,1
-0.005661935558601158,-0.0025898441514545217,0,1
-0.008298909463379474,-3.9670228520220503E-4,0,1
-0.005917259904638721,-0.001544219968471653,0,1
-0.005659822321016326,-0.0029788113727055236,0,1
-0.006321629115957568,-0.0033779573401289537,0,1
-0.006939356296119497,-0.0022415119528749012,0,1
-0.007695323018515157,-0.002416578335234482,0,1
-0.007605974928141908,-0.001394280465670153,0,1
-0.0077758957511139875,-0.0022935067763227867,0,1
-0.009589524083195682,9.958005380632084E-5,0,1
-0.00860685480022452,-0.003617540713052125,0,1
-0.005263609379035439,-0.0033054833484946083,0,1
-0.005508402796675774,-0.004159887437303962,0,1
-0.0033692841535819416,-0.004242242921493164,0,1
-0.0051094906300494895,-0.002764375058353633,0,1
-0.0072673597638756365,-0.0014999459606700738,0,1
-0.005673686277847283,-0.0021837282060623298,0,1
-0.005587533012448167,-0.002722575015758655,0,1
-0.00665995219454469,-0.0017546252825888307,0,1
-0.006541271624643503,0.001179189828717803,0,1
-0.006693935900059576,-0.0023468570577479192,0,1
-0.0068417554349161505,-0.0028826036975406403,0,1
-0.006939135829594524,-0.0022413643951874067,0,1
-0.006637741099481138,-0.0021946902138531956,0,1
-0.00745478978628099,-0.002356157891645152,0,1
-0.008413603696255163,-0.0022843754022869593,0,1
-0.0031633169935937865,-0.0031844379896526697,0,1
-0.006282137255973957,-0.002116361016045966,0,1
-0.005522262380980272,-0.002263609781378574,0,1
-0.005744432195467716,-0.003479149068425979,0,1
-0.004262699250619513,-0.0018916336168230043,0,1
-0.006333437441083128,-0.0025024319615589317,0,1
-0.005559927585447342,-0.0023484148332608332,0,1
-0.0052988748124545414,-0.00204365389731506,0,1
-0.0058049722684491495,-6.117314332593636E-4,0,1
-0.006385751609144386,-0.0027066919059260683,0,1
-0.007507240430298232,-0.001993617903833858,0,1
-0.007375456838194098,-0.0022437515388656058,0,1
-0.006619750039062828,-0.002356277750994982,0,1
-0.008060763662169684,-0.003173327094502492,0,1
-0.004744260340943971,-0.0028536273021942306,0,1
-0.002041526566530002,-0.0029809331574808242,0,1
-0.0034764867344205764,-0.0027281086552164123,0,1
-0.004990824396371805,-0.001836028127940361,0,1
-0.005556466283413649,-0.002727965142628481,0,1
-0.005475813398991428,-0.002743125306243251,0,1
-0.005644021780574793,-0.002255488235033089,0,1
-0.006109778386143232,-0.0023202497051305897,0,1
-0.007754089018960497,-0.0013719175701947602,0,1
-0.006157144339124858,-0.0022603769608614613,0,1
-0.006992678711185278,-0.0020727910308864336,0,1
-0.00801973886825302,-0.00162222654222358,0,1
-0.008860274891861914,-0.0012987139881053139,0,1
-0.007055995448303259,-0.0016882176718519127,0,1
-0.005077420998764689,-0.002700795046589181,0,1
-0.005527385453160312,-0.0026939874956114634,0,1
-0.004826103396194988,-0.002464440057998637,0,1
-0.006383998643657759,-0.0025337637909056097,0,1
-0.005092752284148793,-0.00180719580726055,0,1
-0.005956277624425194,-4.041719736126225E-4,0,1
-0.006568606713052805,-0.0026860605672866895,0,1
-0.004895794928873836,-0.002774362857577657,0,1
-0.008349533583620306,-5.3797716428586845E-5,0,1
-0.006851271307330086,-0.0016946920471775915,0,1
-0.007182242119453654,-0.002009331540404363,0,1
-0.007064788347354902,-0.0031788004848825324,0,1
-0.0086528538937403,-0.0020404764616849358,0,1
-0.007600128945866296,-0.001935742533203474,0,1
-0.0047818199542523625,-0.002534841479619608,0,1
-0.005089161659450807,-0.0022771233945944156,0,1
-0.0058369969339450035,-0.003184743637562789,0,1
-0.0024967294040159093,-0.0018517736696238797,0,1
-0.004482284634349997,-0.0047729281121899735,0,1
-0.005550853489126855,-0.0035992781905485605,0,1
-0.00490672565439368,-0.002434122424724942,0,1
-0.006071957894686219,-0.0028254758064594552,0,1
-0.006790566344838931,-0.00222509655819933,0,1
-0.008628922298310587,-0.0013726930987667607,0,1
-0.006667256842406392,-0.002212782922576105,0,1
-0.008443133567373093,-0.002347801427055442,0,1
-0.007365330263406222,3.418047540046778E-4,0,1
-0.005154318971357949,-0.0014993954265070835,0,1
-0.005835464677406388,-0.003563982777987584,0,1
-0.004533539429386594,-0.004468765355799574,0,1
-0.006929477269267697,-0.002288987214147322,0,1
-0.004929003602440787,-0.002412196000728683,0,1
-0.0038745163404579103,-9.576756805620235E-4,0,1
-0.007532822511079062,-0.0012586301351544854,0,1
-0.00622362562467483,-7.96075617803121E-4,0,1
-0.006565492296852743,-0.0018519581727447832,0,1
-0.005876670456399959,-0.0016375315685934863,0,1
-0.006026274530486171,-0.0015808380370702102,0,1
-0.008103137062018793,1.5517922083145084E-4,0,1
-0.007362991635931302,-0.0015563964285794081,0,1
-0.005664965826533913,-6.144917443387571E-4,0,1
-0.004713554220474447,-0.0017017443651316788,0,1
-0.004798394953634758,0.001253002608386716,0,1
-0.005726400490426833,-0.0033031154940866003,0,1
-0.006121828773606571,-0.0023843459153113583,0,1
-0.004403212581852646,-0.0045704765950092905,0,1
-0.004896086638529853,-0.0032207608679077574,0,1
-0.006572165059409449,-0.0022158298430476216,0,1
-0.006620878865988046,-0.0016443302225119525,0,1
-0.00576040502449228,-0.0018258192093730432,0,1
-0.006461179340625542,-0.0017949350467372977,0,1
-0.0076292355682571495,-0.005124108063529487,0,1
-0.00615251748741143,-0.0028437105560901264,0,1
-0.0035602091989175603,-0.003074121772596317,0,1
-0.005816574138956646,3.7342882034670986E-4,0,1
-0.006069178393635654,-0.0013398278482656687,0,1
-0.006026506836203925,-0.0034855296322015396,0,1
-0.006286399085980818,-0.0018525354201458263,0,1
-0.006080066113066077,-0.0018224993632855973,0,1
-0.00639428002262036,-0.0015999453607312495,0,1
-0.006522946267908626,-0.0017200519209948934,0,1
-0.006882468401303463,-0.0018051882386943526,0,1
-0.008065407105018348,-0.0023552198514407924,0,1
-0.00473764548145229,-1.2998986844005428E-4,0,1
-0.004939258790595564,-0.002074671745679487,0,1
-0.00410086768054878,0.0010077383712718188,0,1
-0.004992155046636074,-0.001217224636499086,0,1
-0.0056278638153802905,-0.0033492742610020327,0,1
-0.006091912492912861,-0.00120851620648929,0,1
-0.00943739730344016,-0.0014350548867987222,0,1
-0.006912915145494896,-0.0010275950322927358,0,1
-0.005611158831249822,-0.0018605503538882777,0,1
-0.005829823278504894,1.1666361347567657E-4,0,1
-0.007119424971573574,-0.0028896919416750537,0,1
-0.00465039483839937,-0.0018509199121099068,0,1
-0.004348577809382327,-0.0024351801563690773,0,1
-0.005098862499662217,-0.0020012636927769023,0,1
-0.006561434505358507,-0.0017329420008002025,0,1
-0.006143010836981209,-7.672067641767057E-4,0,1
-0.007067033220209686,-0.001707458521357195,0,1
-0.00586683025508571,-0.0029087484385896065,0,1
-0.0062278956137502605,-6.840614026523836E-4,0,1
-0.007006974897510011,-0.001178927343675802,0,1
-0.007088276514128477,-0.0016423703890683268,0,1
-0.005482617243823094,-0.0012242773952890365,0,1
-0.004139244507247683,-0.0025204019267056274,0,1
-0.005141536909631435,-0.0026431437603044406,0,1
-0.006025026115098303,4.2161418017442297E-4,0,1
-0.007316546442144807,-0.001384445468651476,0,1
-0.006973199851399984,-0.0027943188134468833,0,1
-0.006562743786578471,-0.002120285737779633,0,1
-0.006179051843167028,-0.0013851684980048836,0,1
-0.006513048001416379,-0.002030039932354058,0,1
-0.006797058029190098,5.4227436462284176E-5,0,1
-0.007648197543682798,-4.627652573661166E-4,0,1
-0.007159725824460708,-0.0028879843410470336,0,1
-0.004699415605471605,-0.002144783442809348,0,1
-0.0056698369936351726,-0.00240791398463678,0,1
-0.009318528681448899,-0.001074489945633783,0,1
-0.0070850741191595,-9.367357311912177E-4,0,1
-0.00598708338555285,-0.00267296282952851,0,1
-0.005931884747840009,-3.9839868025059197E-4,0,1
-0.006399878226433216,-0.001218297860979446,0,1
-0.006507162210001701,-0.0014029274691296789,0,1
-0.005708779479944446,-0.0026852931411642856,0,1
-0.007020496518899643,-0.0019080237049503154,0,1
-0.004252762559013133,-0.0013723207863484835,0,1
-0.004923834153269689,-0.0012515189547235505,0,1
-0.0062273747523817705,-0.0034525733263483815,0,1
-0.004453425573863356,1.7658557610621483E-4,0,1
-0.0033950276533056553,6.591538678129527E-4,0,1
-0.0058240569688787795,-0.0010263467438497765,0,1
-0.006118045141934464,-0.0017083617882950577,0,1
-0.005281913890234597,-5.451185035648648E-4,0,1
-0.007193886689832291,-2.2419987650639856E-4,0,1
-0.004855427096889237,-0.001679674709654542,0,1
-0.0034278265283283474,-0.0015290110923569433,0,1
-0.0036165883706951564,-0.0014450846127406882,0,1
-0.005602797661247554,-0.0016280617984950764,0,1
-0.006005668940790229,-0.0017487491496626683,0,1
-0.00760701751000417,-7.481045595045593E-4,0,1
-0.00626823782290351,-0.0014600292422784894,0,1
-0.005612199886953978,-9.475440209312273E-4,0,1
-0.006113285700505201,2.3438825811158566E-4,0,1
-0.004665126623553216,-0.0013395741013843107,0,1
-0.0057125311065344955,-0.002157369807170186,0,1
-0.005956819199722695,-0.0012586535069954367,0,1
-0.005390922171461292,-0.0011857020929340934,0,1
-0.005262816235226563,-0.002149279880948758,0,1
-0.003625782370814405,-0.0030070741393651724,0,1
-0.003497388919641412,-0.002890293061380301,0,1
-0.004559523195819923,-0.003369381554626195,0,1
-0.0058213904092364105,-0.0015162118177234325,0,1
-0.004050101013867806,-0.0014266446018310034,0,1
-0.005952412149177462,-2.482758479074202E-4,0,1
-0.004644875314135322,-0.0019340126859399372,0,1
-0.008697882608718349,-0.0010996869295471058,0,1
-0.006541157975750335,-6.275062356935811E-4,0,1
-0.006009150947833867,-0.001351573332868589,0,1
-0.005191030021307236,-1.831799227000744E-4,0,1
-0.004861422284706342,-8.656796368065119E-4,0,1
-0.0076521451682205295,-0.0019170815906499401,0,1
-0.005360523081419407,-0.0013021675311234437,0,1
-0.005405137119766718,-9.248390246646777E-4,0,1
-0.007226804701327993,-5.049622306722671E-4,0,1
-0.004716916267261213,-0.00434510250793818,0,1
-0.005667755328662253,-7.29531907887542E-4,0,1
-0.006251104240631652,-0.001353540919900883,0,1
-0.004209495128810513,-0.002109960503029224,0,1
-0.004527884236649806,-0.003185020858648616,0,1
-0.005423796367044773,-9.963001876970507E-4,0,1
-0.0056745325548853845,-0.001033138056770694,0,1
-0.007420603015673755,6.993337265793103E-4,0,1
-0.00576729717501802,-0.0012676119233976776,0,1
-0.0068384495633185775,-4.347468517487008E-4,0,1
-0.005494639780608752,-0.0034651430535682323,0,1
-0.00652961063010858,-0.0020754923438865264,0,1
-0.004056704653629403,-0.004451533793923102,0,1
-0.006060925992914585,-9.175604432157851E-4,0,1
-0.00586110214524975,-0.00253992076234449,0,1
-0.005384644276742058,-0.0028671945724427546,0,1
-0.00791368589882114,-0.0011361137900472815,0,1
-0.004523261024948125,-0.0015995136694757109,0,1
-0.00704537153657617,-4.733577119424455E-4,0,1
-0.00584930227830108,-0.0013675783147926474,0,1
-0.005629873944510434,-0.001330443753034466,0,1
-0.0062691511349049454,-0.0015376560746681266,0,1
-0.006211846014803077,-8.69256290881717E-4,0,1
-0.005959093732267714,-0.0025792017209175025,0,1
-0.005679711596192201,-0.0015114400924596003,0,1
-0.004981096423613706,0.0014496878526267041,0,1
-0.005826692315847124,-3.659505868849129E-4,0,1
-0.007102963460808797,6.071591376175533E-4,0,1
-0.0031235271410343752,-5.157169212254901E-4,0,1
-0.006136904332260169,-0.0015345426602474163,0,1
-0.005899272723445043,-8.145125875625949E-4,0,1
-0.005422960502206828,-0.0013677620360309831,0,1
-0.0036324383706864785,-9.908951639508745E-4,0,1
-0.006492545987908239,-2.1865331493625025E-4,0,1
-0.0046871618013090005,2.806813039849024E-4,0,1
-0.0036774165016782473,-0.0014901543372249602,0,1
-0.006273682695738954,-0.002084394730576545,0,1
-0.005704534838862154,-7.031521949945873E-4,0,1
-0.0026065598283125943,-3.7506809454742967E-4,0,1
-0.005771063541514732,-0.00180059412198198,0,1
-0.004513943976734716,-9.45709315241278E-4,0,1
-0.006563306313844886,-0.0010157135739754816,0,1
-0.007529684207027467,-8.363231456667658E-4,0,1
-0.004948129826706134,-5.432821660249491E-4,0,1
-0.005654611806707326,-2.5168619906504227E-4,0,1
-0.004248391279021205,-1.1338891567271282E-4,0,1
-0.005629509348305725,-5.346933073304446E-4,0,1
-0.004666571713057888,-2.1267309745830442E-4,0,1
-0.004163623328168604,-0.0025487802750278413,0,1
-0.006000913612222955,-0.0019677901342958853,0,1
-0.005052255494010416,-4.5842755692864786E-4,0,1
-0.0054456425807362895,-0.0013632396599394996,0,1
-0.007952749295492006,0.001606528701290141,0,1
-0.005131236487026382,-4.1644372938824014E-4,0,1
-0.005756324382032344,-5.641179156700127E-4,0,1
-0.006401909583371269,0.0015493869719794896,0,1
-0.005073945575877603,2.1516508468238607E-4,0,1
-0.004809914969595924,3.2263295340843195E-4,0,1
-0.004680588254412695,7.511606937309449E-4,0,1
-0.00390726403865174,-0.002108480006316989,0,1
-0.006296910403863965,-0.0022263791372526586,0,1
0.007927785124557527,-0.012635965205023483,0,1
0.005862891133320792,-0.013384708321324398,0,1
0.007554323774092943,-0.012663746156984892,0,1
0.006791280028095759,-0.012792172748919861,0,1
0.006577680264285014,-0.012675204017311701,0,1
0.0063359706480128255,-0.012521578091608568,0,1
0.009563366828308953,-0.011990278555568449,0,1
0.006881810545183269,-0.011014266234534883,0,1
0.007623537836998958,-0.011465118824476735,0,1
0.005536712563444223,-0.012244062304384675,0,1
0.003961687128519496,-0.01395288244735896,0,1
0.006829566915468655,-0.0086796260762848,0,1
0.005345050967813806,-0.010878698172493645,0,1
0.006047307332813211,-0.011880335471626409,0,1
0.005947493023849348,-0.009525128549383262,0,1
0.006042773781138984,-0.01020616309096243,0,1
0.0067311683110789005,-0.013246898535985582,0,1
0.006015907978269695,-0.010203312696487058,0,1
0.006886996978423643,-0.013902303882178679,0,1
0.008630955809288394,-0.010886802731269676,0,1
0.006169529177712079,-0.012996063283502128,0,1
0.0058356377822272884,-0.012165062559549198,0,1
0.005205909009060537,-0.012666603156151066,0,1
0.005715049402976672,-0.011866379175536035,0,1
0.006241450629473345,-0.011185933326408512,0,1
0.0058262498500634245,-0.011233983711577349,0,1
0.006010508216471891,-0.01063322724722737,0,1
0.006220945753111846,-0.00917241453303621,0,1
0.0019114383132553556,-0.011391676483764686,0,1
0.006063748127926491,-0.010704595507204581,0,1
0.007323230603102984,-0.012317711009519826,0,1
0.007922174269667914,-0.014163167403498843,0,1
0.006015192830990453,-0.011242369404046366,0,1
0.006403820640433986,-0.01283110829441391,0,1
0.006499045164930946,-0.01218206873397817,0,1
0.003100022967195227,-0.010814954729182962,0,1
0.0068757420377879835,-0.011552148992039947,0,1
0.006124264526416821,-0.011614226746061234,0,1
0.005597047824392897,-0.010282031230577445,0,1
0.003614329771056521,-0.008439335226779471,0,1
0.0054106132375417795,-0.010691744287829572,0,1
0.005521505214769718,-0.010239120859607972,0,1
0.004765729701236477,-0.011424797366787266,0,1
0.0056634689624975336,-0.01048308680567169,0,1
0.006524033220023176,-0.012900374610951702,0,1
0.006501185063750674,-0.012056457325790321,0,1
0.006226507925456403,-0.01284899115809981,0,1
0.00485582274428006,-0.012365665341680886,0,1
0.006708050802038237,-0.012337663600064308,0,1
0.009611128048959295,-0.011146315179111748,0,1
0.006223633327404961,-0.011588860160157923,0,1
0.0061442897033500525,-0.011617628842116296,0,1
0.006852661456910021,-0.01027495183327977,0,1
0.006754499102851307,-0.012778469840160261,0,1
0.0062280261234194815,-0.010541836997758786,0,1
0.005699336240965133,-0.010816210137758422,0,1
0.0076370273075262295,-0.011110834601302199,0,1
0.0063856026880297215,-0.012808298011118076,0,1
0.004216127276715468,-0.014593829513864226,0,1
0.006888244312654537,-0.013616377288024116,0,1
0.007922059188909189,-0.011655052598677702,0,1
0.00800334606805623,-0.010120292501035095,0,1
0.006571458297820331,-0.012390439221193152,0,1
0.006748939177814307,-0.011533082584477794,0,1
0.008020308890076155,-0.011605639212952582,0,1
0.0070787757441575245,-0.011511058891536918,0,1
0.003809552192352593,-0.010741374720237883,0,1
0.00607958783296012,-0.010991855284825878,0,1
0.002211024714859577,-0.009160940519598497,0,1
0.004601930692412048,-0.010612209615900278,0,1
0.005119581306458296,-0.010875895874948522,0,1
0.00839665563066344,-0.012733133563923645,0,1
0.007713198890035984,-0.011803439335715536,0,1
0.004828471700100524,-0.012806059797337498,0,1
0.006022863845213198,-0.012887344440529268,0,1
0.007215080138722612,-0.012980489072853856,0,1
0.00618260648648409,-0.012079128349460481,0,1
0.009569554505331887,-0.011872934288142536,0,1
0.007297399989882074,-0.010980152623171091,0,1
0.006017195478595371,-0.011110108013123022,0,1
0.0067322046150667765,-0.010086648169731968,0,1
0.004855185388279489,-0.012671116442182958,0,1
0.00561245189516439,-0.01085467986538103,0,1
0.008255539483497488,-0.013560037417780361,0,1
0.007545401690663186,-0.01224448211926322,0,1
0.007234265853410074,-0.0124544503043226,0,1
0.006374089004384672,-0.012426777172324169,0,1
0.0028256978933944668,-0.013020716958744074,0,1
0.005209098016022561,-0.011921611185200076,0,1
0.003614875867388883,-0.012957170612028248,0,1
0.005714734134352025,-0.011609792532556154,0,1
0.0036704418338587477,-0.012496144626153446,0,1
0.00485834449825174,-0.0109436339502363,0,1
0.006210530080477922,-0.012058662865388566,0,1
0.0059050890462467925,-0.010946847377698452,0,1
0.005415788989180361,-0.01131638385019155,0,1
0.007398311972768873,-0.012223612395860974,0,1
0.0065052900010428745,-0.011803782743785213,0,1
0.007025487480979397,-0.011621737739085283,0,1
0.007843786195263037,-0.012711429006817558,0,1
0.0053824614549874625,-0.012863963305917752,0,1
0.006028254934433872,-0.013252482465623529,0,1
0.006519072084755528,-0.011689336911067265,0,1
0.005696136618563052,-0.01004374040456955,0,1
0.00629164251756606,-0.01117021005544687,0,1
0.006563658978602993,-0.009875640648605946,0,1
0.007386192771459246,-0.011353797558344361,0,1
0.007778778041597323,-0.013335504151566934,0,1
0.008235101299792462,-0.013466357605529868,0,1
0.007598142902822908,-0.012976740303292182,0,1
0.009457344918037668,-0.01072065842979365,0,1
0.007443635336672212,-0.012292028982621694,0,1
0.007761802655728447,-0.01327482054060194,0,1
0.006358405878788052,-0.011528970636425908,0,1
0.00673253066834235,-0.011226259689390025,0,1
0.007150930234145651,-0.012815208907114791,0,1
0.006272859075510413,-0.010960765124542035,0,1
0.007142189268120414,-0.010024839941737949,0,1
0.006903969053017935,-0.010904461072790403,0,1
0.0059917611471563435,-0.009608011548669835,0,1
0.007181887142090403,-0.011935848586018592,0,1
0.007243007650443381,-0.012218099991216045,0,1
0.007676780956004398,-0.012031315048652798,0,1
0.0062891493574919535,-0.011320185458881351,0,1
0.0065160577668281604,-0.011572480601286196,0,1
0.0065375383864269224,-0.011533645846241255,0,1
0.00623641434110161,-0.011110817381188132,0,1
0.006367744710329791,-0.01093125117581636,0,1
0.006487178598032862,-0.011390997562983908,0,1
0.007153146900907441,-0.013336127757543262,0,1
0.0073378657929095824,-0.01252602391214104,0,1
0.005825323112073091,-0.014994270663318428,0,1
0.006292512486722212,-0.011623471165757269,0,1
0.006666181151895882,-0.013231521039998273,0,1
0.007024415450590407,-0.011813389259486013,0,1
0.007744600696842421,-0.012895387542666876,0,1
0.006510625132359753,-0.011070123251811009,0,1
0.005392504667593836,-0.010837103405952344,0,1
0.005505526857854942,-0.009247003064523923,0,1
0.006414611553334035,-0.010890383549327929,0,1
0.00845897599909976,-0.01327313245775408,0,1
0.007488123083118837,-0.012458538315414809,0,1
0.007339551706902663,-0.012424699169177223,0,1
0.007064186288484611,-0.01142447242458203,0,1
0.007354467177783601,-0.011844336492936806,0,1
0.006004819624827949,-0.0119771179330172,0,1
0.006994744713318394,-0.011378434355520996,0,1
0.005806320170972548,-0.01253390431302505,0,1
0.0072318934758930295,-0.008919881969142266,0,1
0.006446975120920447,-0.01062576179515456,0,1
0.007676318089691185,-0.012489528332573056,0,1
0.007456289995971336,-0.012524349418806237,0,1
0.010192530227824816,-0.011245575484546765,0,1
0.005816918619688896,-0.01104004277416918,0,1
0.007575775719616948,-0.010937599251790168,0,1
0.003622573236189963,-0.010188541486156532,0,1
0.00650763936670584,-0.011064752586265148,0,1
0.006535036841483709,-0.011625927289258903,0,1
0.0066024704346778025,-0.010423263002103784,0,1
0.007292046785544514,-0.010689159337435984,0,1
0.008493787504565614,-0.012698173190577686,0,1
0.007121999841370053,-0.01247934557470382,0,1
0.006427869580439395,-0.014158537048385258,0,1
0.007502129474587561,-0.013567324899812055,0,1
0.006862708799046413,-0.011730612968650096,0,1
0.006259582866092283,-0.011198939490193053,0,1
0.008402217831826899,-0.010591490985220388,0,1
0.005190682635168232,-0.010483203717556653,0,1
0.007275848394534521,-0.009626446143534056,0,1
0.00843352343197338,-0.011794525593895395,0,1
0.006318500465137377,-0.012513829667620439,0,1
0.00530443329855385,-0.012862187180896085,0,1
0.0054335909347750545,-0.013103321618741955,0,1
0.005515971143747744,-0.010838462477201175,0,1
0.007030531852078578,-0.009807705361100353,0,1
0.00704137353725947,-0.011141621818881297,0,1
0.007418461672597469,-0.010609356495734268,0,1
0.007874588123003224,-0.012525835220763566,0,1
0.008717767274288128,-0.011896826526831526,0,1
0.007535213169964373,-0.01262239046120814,0,1
0.006211076542707943,-0.011160311562919103,0,1
0.007845697431997783,-0.008705698840324428,0,1
0.006380946635023616,-0.012432138860775405,0,1
0.008619310799157448,-0.010783532410650516,0,1
0.006939647860691728,-0.011255089626912376,0,1
0.00793003127709661,-0.01218560315463882,0,1
0.007714274255948892,-0.0118334490020968,0,1
0.0077491232284696955,-0.01196358988893721,0,1
0.007896522366949528,-0.00985620546243123,0,1
0.006859944102198507,-0.0118804542111753,0,1
0.0074819080509804506,-0.011290678529509615,0,1
0.008474133951001035,-0.01022119087712999,0,1
0.007232761207482711,-0.01108322569140056,0,1
0.007142208592588666,-0.012477522743569426,0,1
0.007020252798835867,-0.011362146568115444,0,1
0.008054025246062397,-0.012103324532953019,0,1
0.007362724703506077,-0.010623838908199955,0,1
0.007167941664461396,-0.011067678633484448,0,1
0.007472807606554055,-0.011119137368246925,0,1
0.008285463501901319,-0.009914663313892829,0,1
0.00654582115685493,-0.011846531457053243,0,1
0.0048106540085747175,-0.01389897469424383,0,1
0.007855392260397363,-0.010725600490393441,0,1
0.007319399051878594,-0.010946010585954605,0,1
0.007191624542447772,-0.010987716251953635,0,1
0.007462660615446448,-0.011264652582700213,0,1
0.005973040961388778,-0.012194480971990482,0,1
0.010435658954128563,-0.012056782992903019,0,1
0.007977646172824211,-0.012190272834401782,0,1
0.007523693982391064,-0.012751113936410879,0,1
0.008492443720105686,-0.010565025799368103,0,1
0.007469288946919894,-0.012263710614725778,0,1
0.0077322002491819015,-0.0103637529275095,0,1
0.007037569201836018,-0.010894292260736424,0,1
0.00806705265898836,-0.012267148992211188,0,1
0.00837845109208296,-0.014461480148872113,0,1
0.008782083771819538,-0.010530257493200714,0,1
0.007500317171949335,-0.011383165456630982,0,1
0.007865348041706965,-0.011446305803416358,0,1
0.0079197183242733,-0.011135591485080502,0,1
0.006954107620293727,-0.01335499293890727,0,1
0.007460305097400709,-0.010983264823734679,0,1
0.00877742285691798,-0.013928268685558126,0,1
0.007390819336629124,-0.011384095018060312,0,1
0.00899255195345007,-0.011372546261513378,0,1
0.007658499268383616,-0.013045922757945437,0,1
0.008366023361539677,-0.011655363129356196,0,1
0.008249776919427741,-0.012150223215217316,0,1
0.007763226623024182,-0.011565694873729432,0,1
0.007551112645035516,-0.0072861360397590445,0,1
0.00728835386483018,-0.01083674857878769,0,1
0.008863787758157014,-0.0118992879133468,0,1
0.00910186388660137,-0.01076461112529884,0,1
0.008544042412602539,-0.008968187738254318,0,1
0.008087790941506636,-0.011379799430431683,0,1
0.008613901344667156,-0.01231994274119415,0,1
0.008420632670555062,-0.011466148732066478,0,1
0.01111735279102681,-0.011977898766832213,0,1
0.007891915463932394,-0.011328891415862675,0,1
0.007333860252296155,-0.011832073264318054,0,1
0.009513740774392281,-0.011494237181207375,0,1
0.008206804420285648,-0.012369332331591452,0,1
0.007272997504817451,-0.01102443148505229,0,1
0.009201546820841967,-0.012552773407799265,0,1
0.009664362431975167,-0.012266883035493573,0,1
0.008278750597723039,-0.011337198722459743,0,1
0.007101678142378498,-0.010576479351193649,0,1
0.008568894046401085,-0.01075128226965265,0,1
0.008815285120864321,-0.01102537274190078,0,1
0.010382496388363095,-0.013500941530560282,0,1
0.009984711107673626,-0.012307155828549588,0,1
0.0063932436496436235,-0.010599868093440963,0,1
0.009324526779405913,-0.012004284288465032,0,1
0.00829838529377921,-0.010058696811003,0,1
0.008601305885441857,-0.011390732406017073,0,1
0.008250247486427378,-0.011265980781394803,0,1
0.008971613041234094,-0.010906586739697346,0,1
0.00750123897842962,-0.00830390577385311,0,1
0.007560885555583487,-0.008481290219552063,0,1
0.009347843009886591,-0.0059855252995482154,0,1
0.008148133762901922,-0.0099863603926061,0,1
0.008205722034753083,-0.009083123036415725,0,1
0.007761795465912096,-0.010561975195366571,0,1
0.008911331934270341,-0.009227532329850812,0,1
0.00870856612601769,-0.010390181817272725,0,1
0.008057287406615753,-0.01012821813300109,0,1
0.00905734215243426,-0.010651489977616183,0,1
0.006637165041088652,-0.00977793674861515,0,1
0.008352436147277969,-0.010740545841870524,0,1
0.006923457643439444,-0.010100379654674335,0,1
0.008429959779510257,-0.011275874025509214,0,1
0.006864868715773691,-0.008541920154355787,0,1
0.009308358110297905,-0.011516295801797602,0,1
0.008987240452745088,-0.012432746280433357,0,1
0.008243995098812526,-0.006587928328554819,0,1
0.00757991056145758,-0.00807690172872769,0,1
0.006934406447041325,-0.008329063507962677,0,1
0.0067646308452823855,-0.008678225383864169,0,1
0.008364038301033421,-0.009134254964957652,0,1
0.008198523523545578,-0.009514548522740444,0,1
0.008740879683410805,-0.008808793078601804,0,1
0.008201364927790623,-0.00966484830404622,0,1
0.008950511870578238,-0.013601393364463612,0,1
0.004991789670707228,-0.009792509196727394,0,1
0.009265645122043135,-0.011021434992614855,0,1
0.008948143585550773,-0.01053502577876285,0,1
0.008390929424705089,-0.010557626302586467,0,1
0.0087437142772587,-0.010030401003254696,0,1
0.009191525548877222,-0.010274183781387369,0,1
0.007747888881552106,-0.00824154003048879,0,1
0.010269808209580313,-0.006486158484143562,0,1
0.006835907074734582,-0.009007036081527954,0,1
0.00923151008757795,-0.011096550832569935,0,1
0.010458416981006647,-0.01019080831547679,0,1
0.007110814729965045,-0.010731703593583084,0,1
0.007432550336003147,-0.010643826071874474,0,1
0.008208852614381038,-0.009741508152962666,0,1
0.007816388450420453,-0.01010102562305791,0,1
0.007900664809497098,-0.010109286400190572,0,1
0.008509457467871923,-0.011403818649402332,0,1
0.008297088893825542,-0.010887942704449644,0,1
0.00833104314172921,-0.010970251240574025,0,1
0.006977668715705033,-0.00737936120997637,0,1
0.009918302830657517,-0.011453391152734357,0,1
0.008984441526281828,-0.01353341930545848,0,1
0.008914290470114565,-0.009709447525566869,0,1
0.007397214954658258,-0.009949354648792298,0,1
0.007654050835302197,-0.007550555620579373,0,1
0.008235045110534465,-0.0095172311583482,0,1
0.008011408257694745,-0.009069663680094549,0,1
0.01087128893213375,-0.009609071952311499,0,1
0.008460459895895837,-0.009064189364849543,0,1
0.006557119604252149,-0.01098676210422553,0,1
0.006987829753106122,-0.010740464213301893,0,1
0.006748823221743305,-0.01062114813463641,0,1
0.007663583390376129,-0.011475771383049256,0,1
0.009011647310193492,-0.008646270969055472,0,1
0.007491255028709695,-0.010633378594739914,0,1
0.008499782917257007,-0.011060086547287165,0,1
0.008531572741818722,-0.01121516451117312,0,1
0.008164251009567124,-0.008819668189720208,0,1
0.0061197209946599615,-0.010312582987747223,0,1
0.00864154317873108,-0.008732744582174871,0,1
0.007610590531504742,-0.009280199764582196,0,1
0.007835482969168996,-0.009102713517393122,0,1
0.0072787242899934965,-0.009164326532506305,0,1
0.009645240556685005,-0.0078070631111176155,0,1
0.008058636895207617,-0.009846481422178088,0,1
0.008029888078195829,-0.01019830543410966,0,1
0.006143738845521037,-0.013605827158137374,0,1
0.010105536548098494,-0.011924286551551148,0,1
0.01048478318984469,-0.011551563140484574,0,1
0.00821081304243565,-0.010885448060944979,0,1
0.007279193890495557,-0.011763107097991818,0,1
0.00765511661958218,-0.008069447823988685,0,1
0.007031436413394599,-0.005741424443655922,0,1
0.008314292867121355,-0.009355746216302195,0,1
0.008748407010756553,-0.01019743350377738,0,1
0.010546296185080625,-0.009760868991175113,0,1
0.008043493382022576,-0.009693230400367264,0,1
0.0077266097081069825,-0.009736882197039174,0,1
0.00803078392966643,-0.00997999020868458,0,1
0.007991623652074557,-0.009474270593332126,0,1
0.007167140137371979,-0.0102173165706543,0,1
0.010752689630323938,-0.011817519216631591,0,1
0.008968852825638921,-0.011381958821802964,0,1
0.006220132687187811,-0.011735990537442547,0,1
0.008577264920116134,-0.011901447595690378,0,1
0.007396142429854162,-0.008917600931436754,0,1
0.007101507291045947,-0.00867370597397172,0,1
0.008740919096563087,-0.009269080150219763,0,1
0.007415304733649362,-0.008246130067470705,0,1
0.007589358244161701,-0.00879778829447419,0,1
0.006961726033381219,-0.009089784542799188,0,1
0.007932491514479442,-0.010168326271911924,0,1
0.008841890589605338,-0.009931928938339177,0,1
0.00918505927110821,-0.011106340155452372,0,1
0.007955143312221765,-0.011498593764759316,0,1
0.007295155109440563,-0.010529721876426729,0,1
0.009479820820549057,-0.011805031532902377,0,1
0.00815700125085442,-0.011625352256719724,0,1
0.006816374098567933,-0.00874065076426835,0,1
0.007560747151663151,-0.008539034117594848,0,1
0.007219710958942768,-0.009397757655983243,0,1
0.00760195612349343,-0.008642269190012984,0,1
0.006927524509756981,-0.006485328574146118,0,1
0.0077650186654355515,-0.009238094024464325,0,1
0.008327202913412038,-0.010743142211875863,0,1
0.007719514367353593,-0.008806266786559594,0,1
0.009627261707275937,-0.011215828184678147,0,1
0.007850659037555935,-0.010941162942912183,0,1
0.009096362811781155,-0.010869693407710157,0,1
0.007904763035752799,-0.011390194099211578,0,1
0.009299693556124934,-0.011052701171498806,0,1
0.0090648325409136,-0.007953489670973297,0,1
0.007238724410569736,-0.009986377330803526,0,1
0.0066368084052943355,-0.008750186508780245,0,1
0.007608207659758978,-0.009464811377145246,0,1
0.0060312227895820076,-0.010261839460598663,0,1
0.007358717849754678,-0.010535785945470045,0,1
0.007320358414614052,-0.009569109899276456,0,1
0.008449091525107965,-0.01020570360433698,0,1
0.008171022348879767,-0.009324629333400229,0,1
0.011332353420734886,-0.010452635474747101,0,1
0.007981836566719178,-0.010257033376315018,0,1
0.007166836976438015,-0.009868938337026088,0,1
0.0059676910786664065,-0.01173020637677516,0,1
0.008091707481502586,-0.009211759268262582,0,1
0.0057431978388361934,-0.008436158845434338,0,1
0.007457729894372638,-0.009392567123795706,0,1
0.005953556643416903,-0.009016490257366117,0,1
0.010374317566013282,-0.010990393856890017,0,1
0.0072891765416025125,-0.012620820135125992,0,1
0.00842667047096805,-0.009952542205908242,0,1
0.005359528176083635,-0.007805017735352781,0,1
0.008809730382788778,-0.010721457759859877,0,1
0.008263900386203477,-0.011395920071846564,0,1
0.007303735689510396,-0.009966031210993221,0,1
0.006796933003924828,-0.009391205449729274,0,1
0.007401696204520734,-0.008404543738876384,0,1
0.005984391321456063,-0.008762396741539575,0,1
0.007777463359444008,-0.009906650299897016,0,1
0.005613481377758181,-0.009145853405368248,0,1
0.005195129419308313,-0.012816867393576863,0,1
0.0066685809016561485,-0.010102557300761573,0,1
0.007945983054527473,-0.012912513180902115,0,1
0.007451951279961826,-0.010351053656600898,0,1
0.007756867568035649,-0.010051516675540733,0,1
0.00755984345425334,-0.010999303692171614,0,1
0.0061206786349853265,-0.010458265816209365,0,1
0.0069009739151717105,-0.009039698510985237,0,1
0.007023172000105827,-0.009014241356325682,0,1
0.00593048504255078,-0.009096278513563124,0,1
0.008034911468082573,-0.008459892137890668,0,1
0.007180452390613405,-0.010112993691524288,0,1
0.007472968424691919,-0.01025047141827857,0,1
0.00804795669383699,-0.01050774031323201,0,1
0.006555721676004609,-0.010947826262225846,0,1
0.008832801176999666,-0.01093195273812929,0,1
0.008221605625124395,-0.011612494431093055,0,1
0.006836369807716129,-0.008858715187850408,0,1
0.00837382750561831,-0.00966851908671355,0,1
0.006962859802361542,-0.011020720672281438,0,1
0.009827332595572625,-0.008586461158229699,0,1
0.006781767642133742,-0.010340699631173024,0,1
0.006957413259930559,-0.008877163126496317,0,1
0.007480262788252549,-0.010228629882454033,0,1
0.00794842044306087,-0.008576700297239462,0,1
0.007095022712180117,-0.010439961055537995,0,1
0.007609864379595968,-0.010870045521425058,0,1
0.006975591747137448,-0.010629908700950182,0,1
0.006877816773144263,-0.009656469604092355,0,1
0.00599266593098814,-0.010648207266441697,0,1
0.006378251698035366,-0.009998864095589142,0,1
0.0075004024740677544,-0.010051029779762225,0,1
0.008064599402547015,-0.009829672159446405,0,1
0.006424833101925139,-0.010680337816499727,0,1
0.0070016216635158295,-0.0103026229283767,0,1
0.008615382712664564,-0.008249352351880648,0,1
0.01114763667696025,-0.009417071837669029,0,1
0.00735489717818859,-0.010846780894505683,0,1
0.006793986181727447,-0.009134564077977485,0,1
0.0062428232330062885,-0.0074441500265578445,0,1
0.006097401948101054,-0.009820260781088792,0,1
0.005775457815417708,-0.010956350116763047,0,1
0.007079868885635319,-0.010761372336883433,0,1
0.00465502171037573,-0.012281279122140996,0,1
0.007356784498388394,-0.01037548730128469,0,1
0.006333843405055244,-0.010313998269645653,0,1
0.007113708414512903,-0.010746712968356532,0,1
0.006238821989142066,-0.00853126217110773,0,1
0.0066245301836445804,-0.009359976394986593,0,1
0.007260032103445302,-0.01161520239641372,0,1
0.007863010082228445,-0.010157624155554337,0,1
0.005405026210471256,-0.009548574187351755,0,1
0.006891799056532137,-0.01127019629477328,0,1
0.006777999030102178,-0.011134757733969965,0,1
0.006535967200879891,-0.010549760234636486,0,1
0.007410875671066642,-0.010815084783265882,0,1
0.0062473434294966065,-0.00717462791510899,0,1
0.004518267890049239,-0.009273465151889723,0,1
0.0059845922467137895,-0.008674114414942308,0,1
0.007106651998971883,-0.009358796955796283,0,1
0.006694174473995829,-0.010114646581457097,0,1
0.005900375222841969,-0.010366496815953743,0,1
0.009637933276471599,-0.011846983156225404,0,1
0.005549168077032106,-0.007420091612315917,0,1
0.007759033707907702,-0.008967312213079167,0,1
0.006939029166784987,-0.010139444708823416,0,1
0.00660662617704256,-0.00919845005469387,0,1
0.007851600916969874,-0.012695712934309095,0,1
0.006469985244262977,-0.009674000069358887,0,1
0.007533264241107857,-0.009259350851507902,0,1
0.005070327571039623,-0.011132992130836909,0,1
0.007594087809414811,-0.009601280756230212,0,1
0.006565492298558187,-0.009167097261077567,0,1
0.006395058841169066,-0.008304212917808923,0,1
0.005286564412180307,-0.009930408067812785,0,1
0.0066975152683048985,-0.008161348490772014,0,1
0.006438212961764025,-0.011429445009067698,0,1
0.006165481429631117,-0.009399918504661665,0,1
0.006812246827449631,-0.01029900872514555,0,1
0.007712450389232647,-0.010968506698657952,0,1
0.007499422054893719,-0.009124096549791627,0,1
0.005694556739313432,-0.009150358284092958,0,1
0.00473590675776741,-0.009279269267700802,0,1
0.005890707588545087,-0.009962011438568712,0,1
0.00645551787943308,-0.009742173295738187,0,1
0.006292621855862361,-0.01045910536804717,0,1
0.006969301923301859,-0.01074572854689619,0,1
0.006480909886542418,-0.010223121844119831,0,1
0.006375440688809614,-0.009134782725933972,0,1
0.006292862854545335,-0.009897935893523137,0,1
0.006004545550724997,-0.010097735652495424,0,1
0.004472290530597663,-0.009482246048849318,0,1
0.007976456122091517,-0.012849073767742594,0,1
0.004369473327877957,-0.011135713225210387,0,1
0.009329099679260778,-0.009530738721624332,0,1
0.0037954443666708597,-0.010714117562562806,0,1
0.007612706158405877,-0.010088164581528123,0,1
0.006617910872419306,-0.01083954880192167,0,1
0.005441905529267741,-0.009307485259312399,0,1
0.006196218910987038,-0.01043698243102754,0,1
0.006015358378656956,-0.009641469726648795,0,1
0.006977938039910737,-0.011335023287286135,0,1
0.006732955888077685,-0.01108163940862214,0,1
0.006148754392124287,-0.01013894507288445,0,1
0.006270627186108885,-0.010997858912269261,0,1
0.006038253405925005,-0.011265421923364096,0,1
0.005563244653839731,-0.009694872808327917,0,1
0.006218226433825808,-0.010183157866526547,0,1
0.006661036694439109,-0.009505443851160806,0,1
0.006200751496459374,-0.010504427512294027,0,1
0.005729482125756498,-0.009118236348751273,0,1
0.007163266744333249,-0.01022608158620343,0,1
0.004813585295779732,-0.00944927771665179,0,1
0.006594830574353195,-0.010834455686458251,0,1
0.006533598920472155,-0.009939994520835752,0,1
0.005841627225038037,-0.009841914249051065,0,1
0.006653671311173519,-0.01046216746752671,0,1
0.004982224079236314,-0.009902927486388007,0,1
0.00424301774160193,-0.00858949312382642,0,1
0.00528358801593556,-0.008670462262928147,0,1
0.006564947191175584,-0.009591375717307546,0,1
0.004886131772655365,-0.01116972560950747,0,1
0.006928487444316837,-0.010998190698550498,0,1
0.00720085171288291,-0.011601267244681553,0,1
0.007174399955121326,-0.010708978579187444,0,1
0.005426847623723459,-0.009396013523678798,0,1
0.004169473759284003,-0.010385162265398333,0,1
0.005539674985022804,-0.008901692968365781,0,1
0.005040933105566574,-0.010772521968956365,0,1
0.007878430793094911,-0.009350659264760659,0,1
0.005493813986346305,-0.010323122085376888,0,1
0.006025299245632787,-0.008401776571511524,0,1
0.005448102300537605,-0.012532261318539965,0,1
0.004718712758200069,-0.008443117885799139,0,1
0.004949068900888568,-0.010162409571948377,0,1
0.004646552428874802,-0.010216708312377745,0,1
0.004564863940247749,-0.010523433341146348,0,1
0.00445176432226721,-0.01156094289127488,0,1
0.003647882259960977,-0.010268551263669528,0,1
0.004704027647004467,-0.011099627751813348,0,1
0.0036392337730052657,-0.009136820803037835,0,1
0.0032094404705934857,-0.010375559759896758,0,1
0.0037461822188945277,-0.01039453364449252,0,1
0.0019487221546256664,-0.010676851435860484,0,1
0.0032358082081352106,-0.010844615893944443,0,1
0.003504136403409137,-0.011859381568539613,0,1
0.0019488827989372988,-0.010090466537660053,0,1
-2.0323996632806254E-4,-0.010459304567591,0,1
0.0030667785057990134,-0.01056252674891882,0,1
0.0027914740350116363,-0.011184308366601177,0,1
3.726543110602308E-5,-0.01080162699761591,0,1
0.0022460806089655847,-0.007960086998433143,0,1
0.0012161628074664988,-0.01124771744468718,0,1
3.837128251726846E-4,-0.011543592272996497,0,1
0.0012904706271654872,-0.011154647170313267,0,1
0.004644245170033687,-0.008200908676553192,0,1
0.0036111116620480737,-0.010393768863326006,0,1
0.005399780035675539,-0.011606326268771982,0,1
0.004262336279852842,-0.010092263394667983,0,1
0.003933916499936589,-0.01012826016789197,0,1
0.005154059116988334,-0.009127750343456061,0,1
0.004912765749916475,-0.011602251537575025,0,1
0.0032478410888071444,-0.010536549046226258,0,1
0.003965531792448625,-0.011998841796311875,0,1
0.0026454682234021676,-0.008553340023978156,0,1
0.00287359252014754,-0.01069482555461154,0,1
0.0032594653673131235,-0.011442200086022399,0,1
0.0018263140726791085,-0.011187806578238788,0,1
0.0015000729680681724,-0.01094456123463262,0,1
0.0016487566979025436,-0.010413587923849525,0,1
0.002415191919661225,-0.010483681031481307,0,1
0.0011409363604642667,-0.009465198628335655,0,1
0.0020865871714447794,-0.008925370369566692,0,1
8.531779797062932E-5,-0.012845568748227856,0,1
0.0010542676860458293,-0.011099223094345679,0,1
0.007837158809610955,-0.010569168710467185,0,1
0.004573043140882999,-0.008751393642655798,0,1
0.0035698592623468997,-0.00945995466982772,0,1
0.005205961875985856,-0.008662066918906534,0,1
0.002284921672867016,-0.008280268753460258,0,1
0.004161879561650551,-0.011015926435499873,0,1
0.003758606774797631,-0.010936078631161777,0,1
0.0039756271599320925,-0.010115643682728772,0,1
0.004424499086246584,-0.011598106985964257,0,1
0.003215765595244203,-0.010468075069599615,0,1
0.001888439216369984,-0.010266538049909813,0,1
0.002458931227361373,-0.013649010851747466,0,1
0.0023951427040426135,-0.010336769203458707,0,1
0.001985516549217882,-0.01113177375623117,0,1
0.0017184283158770673,-0.009541036060309208,0,1
7.819599535616814E-4,-0.010825976685128412,0,1
0.001117039351317333,-0.01139326896071556,0,1
0.0015983005885350096,-0.011940765223400582,0,1
9.711471297390925E-4,-0.010321465764062338,0,1
-1.0911775923461578E-5,-0.010253264151663262,0,1
0.004764835737838152,-0.01006653904864513,0,1
0.0047589786018692425,-0.010015629797209371,0,1
0.003918790842748289,-0.01031139452668152,0,1
0.003704185290564322,-0.010825868134149447,0,1
0.003877709695204764,-0.009733248164961905,0,1
0.0036334003201294405,-0.010348451300613957,0,1
0.003653764150308588,-0.010514010522575121,0,1
0.005073267825358329,-0.010383918255963933,0,1
0.0011848366228906942,-0.009190874344253575,0,1
0.0038470219132394593,-0.011221894613177005,0,1
0.0023905756032586547,-0.011433096906186404,0,1
0.001300007103926647,-0.01323839403931999,0,1
0.002599063886804902,-0.010838155715577088,0,1
0.001191633075789539,-0.008491411112684937,0,1
0.0031163843896350567,-0.010632744386380925,0,1
0.0016237459405056478,-0.011002416295473274,0,1
3.747825393493011E-4,-0.009332641092697389,0,1
-6.045506475720261E-4,-0.010299616020529177,0,1
0.0018901215727836814,-0.010887412199409252,0,1
0.0049454157931092604,-0.010741750233698003,0,1
0.004345059075432163,-0.009428726437741178,0,1
0.003404840919679267,-0.009741211654464862,0,1
0.0038536663607234177,-0.00876220180256259,0,1
0.003938898118033011,-0.010328703539233835,0,1
0.0051714020772408815,-0.008117032523920169,0,1
0.0037881935379904578,-0.010690450879562,0,1
0.0018726830454774508,-0.009886740733070165,0,1
0.0033554101455791126,-0.011267329894524367,0,1
0.003283845187652459,-0.011319000539221776,0,1
0.0011574095812606517,-0.007106727602687582,0,1
0.002841813171705211,-0.009163598734504202,0,1
0.0041558038972223195,-0.010037511195444803,0,1
0.0022349880686679353,-0.00925305681967433,0,1
4.026715839683682E-4,-0.010312002891835476,0,1
0.0013583384235627413,-0.010626672243235843,0,1
5.83752576471265E-4,-0.010453839408304381,0,1
0.0011262689358926452,-0.011041714192341259,0,1
0.004876664617364114,-0.011508621525577047,0,1
0.004828686160928206,-0.011130049266422524,0,1
0.00277182548948731,-0.009888602717491906,0,1
0.0038436526731287536,-0.0105925188502889,0,1
0.002713573551987076,-0.011018014098384746,0,1
0.0034527001263539,-0.010667503011113402,0,1
0.0033533013837893813,-0.010312477984428532,0,1
0.003722935354901146,-0.010525043055510021,0,1
0.0028597647005990084,-0.008489046681024794,0,1
0.002963970600890961,-0.011585333261788898,0,1
0.003165044090718238,-0.010983391232363932,0,1
0.0015163369743447334,-0.01067098243906838,0,1
0.0019648748949513857,-0.010310182534066547,0,1
0.0018014777323879963,-0.011581265188964466,0,1
0.0029929723551266043,-0.010691348289529497,0,1
0.001016163461799978,-0.01236374852636935,0,1
0.0017951806077488495,-0.010353374144230477,0,1
2.8427733709986803E-4,-0.010552373985279471,0,1
0.004320902068844724,-0.011366849505644976,0,1
0.003974216352638102,-0.01231577719406081,0,1
0.0025330368311942825,-0.009534288408767255,0,1
0.004612761580773139,-0.010120281535061304,0,1
0.005014065568999793,-0.012921504895070752,0,1
0.004359285610423058,-0.0075125474220904655,0,1
0.0033907065235054086,-0.009801846965498656,0,1
0.0028205515662473794,-0.0111040778858973,0,1
0.0027618597027362236,-0.009679258513114748,0,1
0.0026890932858477596,-0.009831616247879591,0,1
0.0021441166258795844,-0.010511848090344836,0,1
0.001680875474882989,-0.010485132887455225,0,1
0.003117363456821464,-0.010673694206059483,0,1
0.0017545654611809426,-0.010531624390703632,0,1
0.0021381323369724678,-0.01073618183582103,0,1
0.0013288459122822761,-0.011889774328899283,0,1
-2.5531918750390905E-4,-0.010537151304928697,0,1
0.0010198722257414206,-0.011288406081749636,0,1
0.004014343495762716,-0.009495133151653774,0,1
0.0016691885096950536,-0.010467020387393446,0,1
0.005279316414404845,-0.009181893686199429,0,1
0.003559128567534556,-0.011069544330360498,0,1
0.002943503220038982,-0.01069749211970249,0,1
0.0029035214457370857,-0.010835840072744242,0,1
0.00524632336488454,-0.009028722443387543,0,1
0.0027970924379422737,-0.011186638059718909,0,1
0.0027947302239382235,-0.011374176267094182,0,1
0.0022201774820410493,-0.011811036706390868,0,1
0.0038074108242018507,-0.009316998916207577,0,1
0.0018075104806906746,-0.01122768562637773,0,1
5.744269638278826E-4,-0.011976164466137418,0,1
0.002432627472168552,-0.009466956483970296,0,1
1.783524500617981E-4,-0.013599130983182647,0,1
0.0017294603180220878,-0.008252945905933937,0,1
0.0036040459809594883,-0.008759201264954337,0,1
0.0045225789635982405,-0.009435391828296055,0,1
0.003703033158463772,-0.009278796098312477,0,1
0.0028676150573200914,-0.009727807455748673,0,1
0.0037970308588447157,-0.009634685809564062,0,1
0.0032902779516015743,-0.009316402979207382,0,1
0.0044484533116336145,-0.009827405625291514,0,1
0.003139108939455072,-0.009450131731238025,0,1
0.0042560921358327135,-0.008970032009636896,0,1
0.002728542952863841,-0.009935705969303479,0,1
0.0022622619047121054,-0.010889702644083357,0,1
0.0019253051549410665,-0.010570894627143109,0,1
0.003873541129269319,-0.013280535021013512,0,1
0.0022869586381826226,-0.010168709932367263,0,1
0.0011769901536244996,-0.009015403407349876,0,1
3.759043478652215E-4,-0.009804707783153024,0,1
0.001462287442081915,-0.011035396470818842,0,1
8.975038476922779E-4,-0.010522081457545572,0,1
0.0033581497362098764,-0.010224465648850071,0,1
0.0046102173196425535,-0.009397113561564653,0,1
0.005493215597090386,-0.011075238020752855,0,1
0.003733086000165819,-0.010668720940796307,0,1
0.001820962141254399,-0.009466837787634448,0,1
0.002999410924681424,-0.011292296441529851,0,1
0.0018624640730952606,-0.011800753867766528,0,1
0.0033754840426106114,-0.008937513289509971,0,1
0.0016318255928127387,-0.007813255816507055,0,1
0.0020031311990002946,-0.010012293872642063,0,1
0.002199479439764793,-0.011826963591286207,0,1
0.0014930552078102801,-0.010500297279173867,0,1
0.0010728882436928963,-0.010084708659247392,0,1
0.00102875819589467,-0.011307187519366511,0,1
0.001865583771829753,-0.010221790934428519,0,1
0.003843083321060083,-0.008634069208485487,0,1
0.003779980554503122,-0.009679236617683717,0,1
0.004357425667332475,-0.009410427410957291,0,1
0.004000531017748889,-0.009223552574538156,0,1
0.0032700964641026917,-0.00919426125617473,0,1
0.0031792541393217515,-0.010136843267910823,0,1
0.004533521227314141,-0.010124636851566986,0,1
0.003073368942034667,-0.010229428087874432,0,1
0.0017940927838956254,-0.009690599730424267,0,1
0.0026597123160919207,-0.01121307823880713,0,1
0.0021694907564803077,-0.00940305728563878,0,1
0.0020658277836917297,-0.010076980249484117,0,1
0.0038632449788781496,-0.007654823581897533,0,1
0.00131049060765196,-0.010674235040125659,0,1
0.0020625042150879233,-0.011772615720451778,0,1
5.475489557914939E-4,-0.009568169321994911,0,1
0.004073824680615234,-0.009464763109195824,0,1
0.004638231448249627,-0.009812019312075954,0,1
0.0036270779284317844,-0.009376734071974185,0,1
0.003077639246657383,-0.01011238457756913,0,1
0.001358921652974995,-0.009107858640618883,0,1
8.662878487286083E-4,-0.007727535619890199,0,1
0.0030473343385968815,-0.00965366827731941,0,1
0.002242806855488408,-0.011101433954480948,0,1
0.003019481396625761,-0.009719014618890664,0,1
0.0025493680997963975,-0.01012077659766178,0,1
-2.0505278800631542E-4,-0.01034966195327231,0,1
0.004586099775887315,-0.008206218277396348,0,1
0.002810392530869811,-0.007446873939751133,0,1
9.246651074575326E-4,-0.01278603988305914,0,1
6.83920083863383E-4,-0.011418191067952532,0,1
0.004208467845016855,-0.009460724594470738,0,1
0.002917984587921791,-0.00821999375485273,0,1
0.0035232788439749706,-0.009882059261976084,0,1
0.00316097533651684,-0.01020582822148888,0,1
9.982977628057417E-5,-0.01073589805452124,0,1
0.002791428485361008,-0.012000607359255233,0,1
0.0019396481717334148,-0.010086355423663722,0,1
0.0015360828068297948,-0.008747701421376824,0,1
0.003231138420745926,-0.008609801297182999,0,1
0.001914422109860328,-0.009799166164268402,0,1
0.003977766436393032,-0.009461342059379155,0,1
0.002067431361774474,-0.01004835239932177,0,1
0.0021455188596479677,-0.010137500036308608,0,1
0.0013413743313699512,-0.010781699752281711,0,1
6.41754148137292E-5,-0.010175702028035678,0,1
0.00384625010523321,-0.009155350787522006,0,1
0.0025293009367204264,-0.008928725499376039,0,1
0.0036793369259897485,-0.009182595371250617,0,1
0.003256064169892912,-0.007614969232612928,0,1
0.002368497805673574,-0.009907122650411285,0,1
0.0030952699592555503,-0.010412355628509496,0,1
0.0036196079376241493,-0.009471906459425136,0,1
0.004477509622422206,-0.008498621275011631,0,1
0.0019240835166874383,-0.008339861841060437,0,1
0.0022163282997189723,-0.009839491253688545,0,1
0.0028416499098742045,-0.009053341949333445,0,1
0.0030801614893861116,-0.009537262511463368,0,1
0.0010851068880367268,-0.009814191206091538,0,1
-9.075574138118454E-4,-0.008905433096275282,0,1
0.006087265679252289,-0.011869018574688415,0,1
0.00353047970540299,-0.010736715657800702,0,1
0.0019496886655598854,-0.007616100571847448,0,1
0.0035299018815563078,-0.009338118361174243,0,1
0.003886023352352164,-0.009191777046584861,0,1
0.0038365764799607356,-0.010005133568144205,0,1
0.0032596227782618913,-0.009879623211961262,0,1
0.003184641105052164,-0.010335592779797004,0,1
0.0023703832384874444,-0.010679777924888303,0,1
0.002958698539452392,-0.008224598177287825,0,1
0.0018599633643975948,-0.009884351120456433,0,1
0.00209050792554928,-0.010440675102595188,0,1
0.001200568061334135,-0.009715068325469737,0,1
0.0014433146063576527,-0.009657559746034258,0,1
0.003940585253852191,-0.009404189100216554,0,1
0.004373284440715181,-0.008856292189675272,0,1
0.0029222438232404248,-0.007276014686874946,0,1
0.0038614172189850703,-0.009573664294012523,0,1
0.0034804525914869104,-0.006541500078213662,0,1
0.004280138562278553,-0.010316491142184846,0,1
0.002109102717594285,-0.009555655933700514,0,1
0.0026977607351025305,-0.00924328047415607,0,1
0.0012808986618948154,-0.00903612573122054,0,1
0.0018480944243570215,-0.0095363543520435,0,1
0.001303266619428152,-0.010445144809050923,0,1
0.0015609035022749263,-0.010210127344128513,0,1
0.0039449300584330094,-0.008433471054186277,0,1
0.0032758193661898702,-0.008860754487794342,0,1
0.003208577357872496,-0.009134131427415584,0,1
-1.8536225902290076E-4,-0.008814829389429863,0,1
0.0045001253000896005,-0.007840598781721572,0,1
0.0024160197321354427,-0.008555896077892797,0,1
0.0023092645896211567,-0.01014856702712027,0,1
0.002080368824805614,-0.009620212796110753,0,1
0.0011261987495705338,-0.009304755493727166,0,1
0.0019299285912901208,-0.010130922370825367,0,1
0.0024486624650476,-0.008424844326578267,0,1
0.0016051369245125913,-0.01084978614701492,0,1
5.498051303319585E-4,-0.01207790341153679,0,1
0.003327959811914034,-0.007586127097439734,0,1
0.002582462361812043,-0.007443131223063522,0,1
0.003205810302694035,-0.008931607797638753,0,1
0.003117378173710698,-0.008608604518054898,0,1
0.003424105456778177,-0.007579720911169467,0,1
0.002968284247426155,-0.008946246834787484,0,1
0.0017964613162208063,-0.008000791375750745,0,1
0.002574771172505987,-0.009318592632616076,0,1
0.0015710841947373033,-0.01176703526419434,0,1
0.002207353957577885,-0.008883703229123968,0,1
0.0012827757806641257,-0.00929360873900311,0,1
0.0015787796193946202,-0.009284257911330215,0,1
0.0027742960732959013,-0.00949493702295714,0,1
0.004049521691795646,-0.009939446266709671,0,1
0.0028162402947698086,-0.008685513926396332,0,1
0.0022983572395910853,-0.00874501933260587,0,1
4.6008920613571457E-4,-0.008324861872398125,0,1
0.0031120509371005945,-0.009529693897495372,0,1
0.003370842656824061,-0.0104572416193813,0,1
0.002249161974534347,-0.009300832939328723,0,1
0.0011416113746248464,-0.00924313592616276,0,1
0.002455204057465799,-0.008901999001502792,0,1
0.0016685850073234563,-0.010601802582091044,0,1
0.0027197392613757137,-0.010249913105117709,0,1
0.003537589495442701,-0.008618630185211928,0,1
0.003850465563780681,-0.011452875320392356,0,1
0.0021079902088073383,-0.00827894150995358,0,1
0.0040949904604729425,-0.008678691418918002,0,1
0.00265283972801771,-0.007936535383500393,0,1
0.0015252792495607252,-0.008128294040014665,0,1
0.0018331347943539445,-0.008512511004816125,0,1
0.0019887412292025923,-0.009239277010006274,0,1
7.705630140043417E-4,-0.009791828891695331,0,1
0.0024677010876808913,-0.009377973701056353,0,1
0.0018961794686152996,-0.011786775242153118,0,1
0.003719242659563162,-0.008219896706279246,0,1
0.0036702545041423255,-0.009702219088109735,0,1
0.001380100761674487,-0.00997424853225249,0,1
0.0029682988370764427,-0.008890233673520384,0,1
2.5027726376677017E-5,-0.0100940732288906,0,1
0.0017947566265994687,-0.00843539395890991,0,1
0.0022927152525503212,-0.011105231802982458,0,1
0.0020153743142367246,-0.008191455434322531,0,1
0.0019921504286891474,-0.008907100318147145,0,1
0.0035389182817943134,-0.007172166940917523,0,1
0.0017984617165868449,-0.009300796762496323,0,1
0.0032650992013917362,-0.008555307632195173,0,1
0.0026381986396749675,-0.0076461693036114,0,1
0.0034510458248000124,-0.008275588067463386,0,1
0.0031180279828810697,-0.009428255070873071,0,1
0.001960170588357171,-0.009377778942496752,0,1
0.002079887491531846,-0.007252847404424041,0,1
0.0042170214383958375,-0.007148916582744741,0,1
0.0012617433356114246,-0.009343274521556205,0,1
0.002184565967329204,-0.009630957472294598,0,1
0.0016157984180812132,-0.009084255983025308,0,1
0.0020739101651653566,-0.007155675059843688,0,1
0.0023719688209232113,-0.006784583881406446,0,1
0.0028304565875013734,-0.009025663610792552,0,1
0.0038683778500186363,-0.008731237777121658,0,1
0.002275783012136436,-0.009076680927660724,0,1
0.0023816721864516276,-0.009246470121728403,0,1
0.0013725103225860325,-0.007997458693357612,0,1
6.376768380783836E-5,-0.009163430840781724,0,1
0.001787598098456682,-0.008899229717958944,0,1
-6.981423473172506E-5,-0.010455354255734343,0,1
0.0018156266857217486,-0.009700830813901174,0,1
0.0029128462250134074,-0.00837254528462753,0,1
0.002667904955634286,-0.008534413608590724,0,1
0.0032816951098767603,-0.008698130330720213,0,1
0.0022353820286059615,-0.009452964214903966,0,1
0.0018022635719003714,-0.009373910925017163,0,1
8.98980359664216E-4,-0.00990173457103634,0,1
0.002187985605679908,-0.008646258853264635,0,1
0.0042869298252682,-0.00823465257291205,0,1
0.003146667088659626,-0.008435684740928946,0,1
0.001987564585724196,-0.007726345792926395,0,1
0.003187614366787743,-0.008990420144358417,0,1
0.0021797692739768206,-0.007310343793881166,0,1
0.002338672169571052,-0.008539857723337742,0,1
0.0021850529820427234,-0.008652302387973886,0,1
0.001152783482098512,-0.007928701196051493,0,1
0.001685314508417108,-0.008711925161138043,0,1
0.003694068938014495,-0.006716807089783823,0,1
0.0023309222601474162,-0.0077804198604369415,0,1
0.0025307925143597944,-0.008203192213103632,0,1
0.0023898476730280474,-0.009654564888782767,0,1
0.0019249112297105402,-0.008288718323631145,0,1
0.003093335882460771,-0.009760967620507769,0,1
0.0027843254850760967,-0.008523704972161525,0,1
0.002714074335087114,-0.008659886053538946,0,1
0.001348097922645801,-0.007602562758647327,0,1
0.0021497339294087444,-0.009948374592800726,0,1
0.00291656184308101,-0.00865172453599658,0,1
0.002749442116726878,-0.008319145204883291,0,1
0.002054514388052461,-0.008431357301840504,0,1
0.0012996308976617693,-0.008120785882070398,0,1
0.00155649036709484,-0.0075987480251932795,0,1
0.001279420423443539,-0.008572837249096162,0,1
0.0016328946848533903,-0.007527517094746633,0,1
0.005342450207398772,-0.00830197635606467,0,1
0.0035701126723632222,-0.007795494550708985,0,1
0.0011801529825483498,-0.007592582715184965,0,1
0.002092802235213719,-0.008133632288212617,0,1
7.985520405891064E-4,-0.009485659743930997,0,1
0.002158611622845586,-0.008019458782953588,0,1
0.0026940670231519258,-0.008921144083006573,0,1
0.0030490601869245767,-0.008111516003383406,0,1
-9.563975317383165E-4,-0.0072684933152487455,0,1
0.0020715688594504207,-0.004670386928042129,0,1
0.001903085140320404,-0.007808927883634696,0,1
5.268133580867036E-4,-0.00870595611418584,0,1
0.0035093169852255844,-0.008826802780612056,0,1
0.0032474325202559895,-0.009148879154923984,0,1
0.002656383514379799,-0.008038938216084309,0,1
0.0019943644563567594,-0.0090186736556005,0,1
0.0025139735475977476,-0.008449672766070475,0,1
0.0019943051041615375,-0.007924041912110167,0,1
0.0022574184049556113,-0.007289203731707168,0,1
0.0031778527712450493,-0.009913996772226527,0,1
0.0021291948677233533,-0.00928064474222533,0,1
0.0021777260215800997,-0.007830855594097177,0,1
0.0021635047590522986,-0.008078754877187233,0,1
0.0021862236686023477,-0.007689460318604686,0,1
0.0010841860828683383,-0.00667072723238469,0,1
0.0028595734673093633,-0.00784409340659073,0,1
0.005860067507796501,-0.008137772737197516,0,1
0.0021463429781754177,-0.009059580409283981,0,1
0.00216910606177348,-0.007830617031583812,0,1
0.0020725553387786855,-0.008136777506455127,0,1
0.0030940679963101913,-0.008825076179594273,0,1
0.0019519260345749207,-0.007717257286756469,0,1
8.376851563172526E-4,-0.008108057379210278,0,1
0.0022167667547755726,-0.009194483091992547,0,1
0.0019700685989564246,-0.007870788722540453,0,1
0.002351675506953989,-0.0071107303751852405,0,1
0.0026447016332893122,-0.007218578525728213,0,1
0.0011872376755614198,-0.005676491111513062,0,1
0.004385497552656053,-0.006562895339696874,0,1
0.0033063547671642827,-0.008880107171042305,0,1
0.002651332743019577,-0.007343193368063814,0,1
5.728548203790366E-4,-0.004988762321277726,0,1
0.0022180250769077495,-0.005600816854383755,0,1
0.002543498899721447,-0.006448722572379097,0,1
0.0013375805216611877,-0.006472278925592968,0,1
7.037807843784743E-5,-0.0065980965164873125,0,1
0.002407561229019252,-0.007310839167741557,0,1
-5.420348433963129E-4,-0.005779148684654863,0,1
0.001582089418338299,-0.007835865259112949,0,1
-7.140553100659328E-4,-0.010098382027033158,0,1
0.0013690861481814322,-0.007896309953457406,0,1
0.0017289948321253421,-0.0076171100606081885,0,1
0.0021484696792003974,-0.008063849445192344,0,1
0.003108397118217995,-0.00829895690481978,0,1
0.010651856074806572,-0.006750152582312753,0,1
0.009994882752302129,-0.006075721537272856,0,1
0.0070978088608262425,-0.006884930968493764,0,1
0.008158681070915039,-0.0063909193567133465,0,1
0.009910545549022988,-0.006632704176359398,0,1
0.010291377432482577,-0.008097801162759658,0,1
0.010428239753468004,-0.007467221842769117,0,1
0.009056519281458168,-0.007279333599537066,0,1
0.008879929449318622,-0.007351819367032904,0,1
0.00914077097189644,-0.007889429446212692,0,1
0.008157969184177572,-0.00737076901798278,0,1
0.009466715088141772,-0.008400755485880764,0,1
0.008316017245617322,-0.007989994267391064,0,1
0.005510616062139335,-0.008813959569702335,0,1
0.00767293240345405,-0.007989939513456872,0,1
0.009635186724946761,-0.006235691844473975,0,1
0.010228681699779725,-0.008351962685839518,0,1
0.012547016579218532,-0.006399979404320417,0,1
0.009095328586083133,-0.008435112564232105,0,1
0.010321105049332419,-0.009305977935777662,0,1
0.009543403420622943,-0.00679773280265099,0,1
0.009526110612509301,-0.007042499003694143,0,1
0.010410176462468808,-0.005695659780684809,0,1
0.007329713425913722,-0.005418092539336645,0,1
0.009342786324041697,-0.008191344323524658,0,1
0.008142035662293129,-0.007720776918142592,0,1
0.010619983374125909,-0.0071451042870153995,0,1
0.009456841131424277,-0.006524754074231351,0,1
0.009079771107533136,-0.006147259195407364,0,1
0.00999997971909214,-0.0066711815581145025,0,1
0.00943534858768285,-0.006701797266572594,0,1
0.009562501664717267,-0.006739601762066167,0,1
0.009098447623021864,-0.006619673833534343,0,1
0.009311594167636283,-0.007131916243595923,0,1
0.009386367167217864,-0.007253298160732262,0,1
0.010930472021275667,-0.009274920997737333,0,1
0.009149527707666727,-0.007980201085744749,0,1
0.007851840403514308,-0.0041737086766197844,0,1
0.009537092983864778,-0.006735385520194097,0,1
0.008055304767581373,-0.007795631088936645,0,1
0.008771997233149009,-0.007455492849888918,0,1
0.009141061972854676,-0.007798969526013063,0,1
0.007824517869514578,-0.002746724254626382,0,1
0.00879699076562722,-0.00660937513698931,0,1
0.009484236550284887,-0.007084204176564664,0,1
0.009255948400823522,-0.006150187151715965,0,1
0.00894379146042438,-0.00765023090465927,0,1
0.00969703216369776,-0.007005473723843879,0,1
0.00928200890721654,-0.006943817208924595,0,1
0.007979784985470938,-0.0077008807453838625,0,1
0.008160120892666175,-0.006727785090709723,0,1
0.009094504214687634,-0.007828291536829726,0,1
0.009956750373101822,-0.006304661728142668,0,1
0.007839213647540944,-0.0070961504562316105,0,1
0.01079622514178797,-0.007394768974611812,0,1
0.009195155256750345,-0.007187206211092543,0,1
0.008229259871592324,-0.00717872519629073,0,1
0.009152254323326545,-0.006407938484781512,0,1
0.009377497875912928,-0.0065509454465806916,0,1
0.009694571007155766,-0.00785068010414143,0,1
0.007701586941523652,-0.0061523637896317915,0,1
0.00812296543049461,-0.005305763418419969,0,1
0.008113229433631335,-0.007220605557030269,0,1
0.007390599176776993,-0.009816179546803055,0,1
0.0081998545799727,-0.006025052513856735,0,1
0.005289961670194973,-0.005825284779981595,0,1
0.010740872738845894,-0.0075238901817225225,0,1
0.012736045653434672,-0.005826568691813832,0,1
0.009537014052785817,-0.006579131617182875,0,1
0.009112248467603655,-0.006732553033748225,0,1
0.009788379701152148,-0.007556764731769096,0,1
0.008335913378709503,-0.0075574421209156665,0,1
0.008856806187451466,-0.006588263764195104,0,1
0.008174501024685504,-0.007439719348564317,0,1
0.008291161180042491,-0.008522919241507748,0,1
0.00857988295368074,-0.00783840325375962,0,1
0.008871755419712165,-0.007112226326520516,0,1
0.007526632639650807,-0.008271532835303715,0,1
0.010518113854157239,-0.007453035068199329,0,1
0.008359020492289192,-0.006970233989480393,0,1
0.007469626263043294,-0.0071400733383986436,0,1
0.009303063088991068,-0.006409035747872299,0,1
0.009157329096022486,-0.006706114837492582,0,1
0.005758956347727119,-0.004600665821707578,0,1
0.008875047698973923,-0.006705184807653778,0,1
0.01089512617347889,-0.006919940398059813,0,1
0.007643695493920117,-0.0077013320247463,0,1
0.007465009930503105,-0.007080438937423014,0,1
0.007324096306399312,-0.007533819539018434,0,1
0.010739301473043325,-0.006572345909522755,0,1
0.01191813250032886,-0.004620084537190896,0,1
0.011094611230292036,-0.007880442603347906,0,1
0.008920924630408505,-0.0073732807827427615,0,1
0.00667610736202804,-0.0068260882339161106,0,1
0.006468761000985096,-0.006797590908380895,0,1
0.008948314941901717,-0.006661340128016764,0,1
0.00812570540504307,-0.006787865456927887,0,1
0.008487267730462308,-0.007474635044091491,0,1
0.0076939722794780434,-0.00737032075920227,0,1
0.00879497331325289,-0.00690809452286183,0,1
0.010016515663240928,-0.005024367547697237,0,1
0.009468046497431043,-0.005906416990082298,0,1
0.010287904853959468,-0.006525271862897441,0,1
0.009049325340598866,-0.006236769316777063,0,1
0.010769884226139876,-0.007508780061606098,0,1
0.009205835469939482,-0.008664509098480022,0,1
0.009083142558468852,-0.007326742184627763,0,1
0.008076064101502193,-0.00631943688418076,0,1
0.009119875251234295,-0.007661607681009182,0,1
0.008040543017013476,-0.006812004559998095,0,1
0.008535432408275954,-0.004642278198371167,0,1
0.009560859563264284,-0.005975521908322056,0,1
0.00933344587289169,-0.006470059378160954,0,1
0.009503302511775252,-0.00793983046106006,0,1
0.010036050125738482,-0.006241487843139086,0,1
0.009583002500677316,-0.00711479919991248,0,1
0.007718547223094596,-0.00556667883356869,0,1
0.008671031200710519,-0.006726661502019256,0,1
0.009129180901745793,-0.006528188288051278,0,1
0.007720398574312604,-0.005762660941381155,0,1
0.00847200031571666,-0.005607995057040383,0,1
0.010515483352276107,-0.006203585388163291,0,1
0.008602881160102646,-0.004066419634303411,0,1
0.009714606719896898,-0.005626027820473641,0,1
0.010735058598968518,-0.008649770534902389,0,1
0.009479758744399465,-0.006685270405299115,0,1
0.009733855965050954,-0.007700202813905477,0,1
0.007562241437241944,-0.007359506188034113,0,1
0.0071098917634780335,-0.006906484276831576,0,1
0.01004509188194229,-0.005019030628558637,0,1
0.009491992739305297,-0.005779798954815277,0,1
0.00904941535261401,-0.006160923500130114,0,1
0.004947829080792207,-0.005492031382299871,0,1
0.008726992354650591,-0.006397819703737914,0,1
0.009657670379107879,-0.006100764708124892,0,1
0.009227191851200101,-0.005044847572949045,0,1
0.009866225995354513,-0.005856789050305735,0,1
0.009927414103905376,-0.009410358550987345,0,1
0.009068324275147366,-0.006175061292815177,0,1
0.00959768016758291,-0.006011346315059082,0,1
0.008537816912867773,-0.004468253079195964,0,1
0.008512712116094483,-0.0072783690266726795,0,1
0.008707744412297205,-0.006032956996640024,0,1
0.0084276147385101,-0.00630364610284485,0,1
0.007351564973446204,-0.005266473045967994,0,1
0.00804005918241401,-0.0065834408366917474,0,1
0.008020392227785672,-0.006667619791848584,0,1
0.009249476759199316,-0.006137729573304332,0,1
0.008971052310094393,-0.005358428428068072,0,1
0.008791425160500218,-0.005892064245048809,0,1
0.009772527925799005,-0.006197132242675702,0,1
0.00747868176386498,-0.006453203833226996,0,1
0.008215516865534797,-0.006187915583287303,0,1
0.007991110251715615,-0.006394894683526804,0,1
0.008431720622938023,-0.004132193090406106,0,1
0.009489010417285762,-0.004966037190110879,0,1
0.008756634814695352,-0.005824352056103877,0,1
0.007571242509188673,-0.005789528301464374,0,1
0.009743762984950551,-0.006179890157782145,0,1
0.009089662044957968,-0.005530996710077774,0,1
0.008046722782786427,-0.006068991518478077,0,1
0.008373302914603772,-0.0065717321556206295,0,1
0.008650408075823006,-0.004825367777538123,0,1
0.010780963794011455,-0.00498169482408993,0,1
0.009159611713948645,-0.005743612108592261,0,1
0.011427205584572206,-0.006638041559475428,0,1
0.008486129294736766,-0.0053562293557391505,0,1
0.008806416721134169,-0.0051376324552822135,0,1
0.0075818519166482,-0.005532989171772429,0,1
0.008921380279051594,-0.005419544695035432,0,1
0.0071058751446740655,-0.0064300029336152075,0,1
0.010076344947608252,-0.003929655065956542,0,1
0.00893089116097235,-0.00782591560729241,0,1
0.00800621159508297,-0.006495217302162463,0,1
0.0078486966754104,-0.00523754381482922,0,1
0.009030986169328868,-0.00563986880068058,0,1
0.009060239791925103,-0.0065054344791782015,0,1
0.00890434708725797,-0.0054691464087099385,0,1
0.011894641963570346,-0.006052081136726339,0,1
0.008686298919334944,-0.009870171590445532,0,1
0.008084520759352091,-0.005908901809940772,0,1
0.008337190296202867,-0.00556168386632762,0,1
0.009558540929028471,-0.006370235840932211,0,1
0.008276785048299687,-0.005631425067780894,0,1
0.011550922232868214,-0.004194825478998956,0,1
0.00805498943763,-0.006243307238847934,0,1
0.005595899561844143,-0.008686296503359177,0,1
0.008697467132657757,-0.005212177270632749,0,1
0.008351028850403333,-0.006018590991255602,0,1
0.008664105694392677,-0.006848615182185248,0,1
0.009200003187340967,-0.005503522110193679,0,1
0.008238828635219233,-0.005493084086916761,0,1
0.008000647620632795,-0.004885645436137699,0,1
0.011020631690268614,-0.004084992012538048,0,1
0.009096710087599278,-0.007144739499046198,0,1
0.007731829347527743,-0.007166214041687453,0,1
0.008115986681915564,-0.004895443975206435,0,1
0.008053039607736791,-0.006162166973228186,0,1
0.008188148596684245,-0.006432828428765167,0,1
0.009882488850404414,-0.005102113289493083,0,1
0.007619471792928117,-0.00460657832550178,0,1
0.009179694208703055,-0.005945555636035899,0,1
0.008414274729292268,-0.006533050611670208,0,1
0.0069708587865267395,-0.004913061297307586,0,1
0.008131938863203686,-0.006010775282517818,0,1
0.009408782748674183,-0.004908772380254849,0,1
0.008194597591843064,-0.005414134222189897,0,1
0.007910875055460674,-0.005231714083643584,0,1
0.008232130377815504,-0.0054584128463800365,0,1
0.007269239948880085,-0.004474266983691654,0,1
0.00881513408203705,-0.006006686022858511,0,1
0.006753089113428294,-0.0053096913428617035,0,1
0.007858591579013354,-0.005988242041874579,0,1
0.008047663145817702,-0.0048615564493430736,0,1
0.007897042052090502,-0.004462893531289135,0,1
0.010211661669695848,-0.007308333909724974,0,1
0.010686372635667529,-0.003519281848061284,0,1
0.010171450361343625,-0.005129704742408543,0,1
0.009108892323687938,-0.008750385640674433,0,1
0.00959074283439591,-0.005985063124375468,0,1
0.00974433004038872,-0.0026830787166357618,0,1
0.00931070958802726,-0.005118218680827505,0,1
0.009086663936334794,-0.005641852895395831,0,1
0.008035484013568,-0.006188616751381117,0,1
0.005633485597936341,-0.005308497773731255,0,1
0.00896973857360017,-0.005677115804923556,0,1
0.01157444478876532,-0.004139328035235454,0,1
0.006339722168799712,-0.004978961544091782,0,1
0.00824421550520785,-0.003644522999392673,0,1
0.00986481404808055,-0.004682049154367317,0,1
0.008070871367282954,-0.0034763404748842023,0,1
0.010377177592145966,-0.005704904846604447,0,1
0.010116060853265246,-0.006058292155354567,0,1
0.010825134047905166,-0.004202190559378675,0,1
0.010290089134470553,-0.0065220581820758005,0,1
0.010669694436575663,-0.003331462271117288,0,1
0.009148784963430823,-0.006175142595754901,0,1
0.013363496678984392,-0.0057426043794056745,0,1
0.009090435126944229,-0.00523941474887681,0,1
0.008449644935553823,-0.005477816042125761,0,1
0.009750296777063678,-0.006375445778885615,0,1
0.00971264065520411,-0.004890380047042102,0,1
0.008636816989009392,-0.004830349144464489,0,1
0.008780648381648729,-0.004723232130021297,0,1
0.008219126193233915,-0.005013602536504963,0,1
0.007125739373057948,-0.006787107742738995,0,1
0.012054117930975647,-0.008361941283236363,0,1
0.008949657429931236,-0.005394796212507342,0,1
0.009873741946651388,-0.005702212078464676,0,1
0.009251076256499707,-0.007328863412730318,0,1
0.010066698623066993,-0.0062068372539792445,0,1
0.01177708844241221,-0.004201025987085643,0,1
0.009283546312650005,-0.006011531442384033,0,1
0.010445466636767096,-0.007079637216470988,0,1
0.008790989919851779,-0.005168187814902125,0,1
0.009061904149284072,-0.0046967825278614195,0,1
0.008637406154547363,-0.005387567885322754,0,1
0.008911439414403453,-0.003176777887289629,0,1
0.008987350524934577,-0.00479981234916259,0,1
0.008333757866873676,-0.003994156259627886,0,1
0.011192205791206417,-0.006506251336058613,0,1
0.010245557037076816,-0.005888558149996089,0,1
0.00927883442408109,-0.005867647979007818,0,1
0.010736654745629558,-0.006052662284125862,0,1
0.00990363911678345,-0.005169928508609431,0,1
0.009595815422191675,-0.005308467630974123,0,1
0.010222580871397031,-0.005062154293830942,0,1
0.00912253806130699,-0.006703035615323896,0,1
0.011137401962119622,-0.00466963237788021,0,1
0.007545094581452159,-0.004929547783973876,0,1
0.008468108221919207,-0.0048578612233447175,0,1
0.011356293316520294,-0.001954205682575804,0,1
0.008551555584696566,-0.004714529915320628,0,1
0.008200792545140197,-0.003756506051701972,0,1
0.010384546779712856,-0.005885040375483697,0,1
0.010602828603533303,-0.006039395973316258,0,1
0.011731844490934616,-0.005891500139354682,0,1
0.009705728239836597,-0.005644625350802285,0,1
0.009534184333515548,-0.005264531174990569,0,1
0.011909234428877404,-0.004132842744646547,0,1
0.008832710093356708,-0.005154180016278647,0,1
0.009222636010756352,-0.0061597108713579325,0,1
0.011429889997593583,-0.005049426122683869,0,1
0.009853878503260447,-0.005322971170954088,0,1
0.009256219394169105,-0.005180827567605928,0,1
0.009263013688229137,-0.004739638002439513,0,1
0.008547795027069862,-0.004739203247828505,0,1
0.011584764742744788,-0.006071705827596299,0,1
0.010826337466838845,-0.004969968044466195,0,1
0.010451169174837838,-0.005522142585115988,0,1
0.010075505835155948,-0.005841060537702679,0,1
0.010589181585508858,-0.004702348186096715,0,1
0.009462428185822908,-0.005731177593250688,0,1
0.00896552022677617,-0.0047004258553997305,0,1
0.008109403087127178,-0.004868837200567592,0,1
0.0091350721916102,-0.005438245427181343,0,1
0.009288768211989514,-0.00539861647935285,0,1
0.009727419686169515,-0.006146222948929463,0,1
0.008790875778981605,-0.004473043525583618,0,1
0.008035269931613746,-0.004521922217580474,0,1
0.010115064771642045,-0.006284370530712956,0,1
0.00982724915306385,-0.005163736592732932,0,1
0.008229519153234081,-0.005431279232783658,0,1
0.006981699050179047,-0.0032652029049778835,0,1
0.010463381851597196,-0.0062888658507920725,0,1
0.009910170708861056,-0.005332818613787013,0,1
0.009698782024827065,-0.005164234268195454,0,1
0.00979314352936737,-0.004794403589752759,0,1
0.008596644792746948,-0.004400905883468069,0,1
0.009756553339236479,-0.004755614900457625,0,1
0.009566300856814208,-0.004590051828547499,0,1
0.010824119003643055,-0.004522240778650411,0,1
0.010798052772581068,-0.006029687315107426,0,1
0.009236374743301015,-0.005865323874278212,0,1
0.010342479917444492,-0.005284130309952134,0,1
0.01005672171610619,-0.005964065731563089,0,1
0.010135464265095904,-0.0061649855730231224,0,1
0.010536677584427674,-0.005088022981145842,0,1
0.009273420624629705,-0.005741526176469139,0,1
0.008785207843252334,-0.003856976426057565,0,1
0.00936098950550787,-0.007790865265560512,0,1
0.008918707203909465,-0.004637988913326248,0,1
0.00928058950498976,-0.004517723357244539,0,1
0.00970022059439548,-0.006184822914874709,0,1
0.009250129174107318,-0.0050439877434327336,0,1
0.010060952001733988,-0.005816130351271294,0,1
0.012143377684576438,-0.006140780179531099,0,1
0.010588483675369263,-0.005411121765905848,0,1
0.009986334939368114,-0.005538124688629958,0,1
0.01044567261057759,-0.005686934961076515,0,1
0.008921895848959412,-0.005478110774083799,0,1
0.010247791620651977,-0.004871802923608815,0,1
0.007962788557375547,-0.002052860934125913,0,1
0.009404409282069714,-0.004544397667731667,0,1
0.010140367471442481,-0.005083432267418312,0,1
0.009095132914152409,-0.004297072478873019,0,1
0.010095997915214486,-0.005511319148541012,0,1
0.01134042861257276,-0.0057192559499503375,0,1
0.010280198403041067,-0.005170891175709519,0,1
0.00967397914727785,-0.00520091890577763,0,1
0.011313472239096237,-0.004837187114267814,0,1
0.008317544626125191,-0.005165213588309524,0,1
0.009763440888427295,-0.0058224606371609505,0,1
0.009081814624475808,-0.004661347020861625,0,1
0.00830111643273255,-0.004543486379433914,0,1
0.008783243680037064,-0.003187870982311926,0,1
0.011356038442896508,-0.006655861866787224,0,1
0.010640905550969087,-0.005272469086823643,0,1
0.010828073246539238,-0.00550967521994402,0,1
0.010142160998057053,-0.006770029097687084,0,1
0.012259133642473495,-0.004762557328572781,0,1
0.010200496408269658,-0.004808662705287575,0,1
0.007706504836624588,-0.0025311107133701386,0,1
0.010603742387559387,-0.005033025172319283,0,1
0.006744464317394708,-0.004529390688692366,0,1
0.009523017306888416,-0.004125695559891716,0,1
0.009775257843565602,-0.003668789776697947,0,1
0.011070252927764005,-0.008856305843167904,0,1
0.011241446102785813,-0.005046525881996918,0,1
0.01016185406659527,-0.00510860820870984,0,1
0.01043332488416153,-0.0049893195282173725,0,1
0.011545821139896183,-0.005225204657191399,0,1
0.010177021380300556,-0.004366828748094648,0,1
0.01004967135886594,-0.005091755943754604,0,1
0.008814283580325384,-0.0032695899962438186,0,1
0.010431222925711976,-0.005446908754965092,0,1
0.009737090929153102,-0.004485218511260395,0,1
0.012623210305261777,-0.0037788143699649074,0,1
0.01323708656979294,-0.004641184597411608,0,1
0.010431759924697614,-0.005087273155457666,0,1
0.00995142221416622,-0.00431860031640714,0,1
0.007535995532189524,-0.004145515693985228,0,1
0.008666123198318682,-0.003991016239492293,0,1
0.010146710869942347,-0.004316158730361963,0,1
0.010093722974892399,-0.00427216817171059,0,1
0.009195231387007919,-0.005020548585349005,0,1
0.010427243590494004,-0.004731257962295193,0,1
0.009891351017183117,-0.005661761615197871,0,1
0.010442524189779496,-0.00541674571038025,0,1
0.010540211585893168,-0.004151672885875851,0,1
0.010560594146649999,-0.003152198503167835,0,1
0.009152202775835656,-0.005900334381692763,0,1
0.009785760161447358,-0.004527929814094394,0,1
0.009023165909726212,-0.0036875081838422526,0,1
0.010498217276077559,-0.003796240989060206,0,1
0.011065802291267446,-0.004631293534560493,0,1
0.01127949235154243,-0.006474062712304477,0,1
0.010105380046161567,-0.005112860370743966,0,1
0.008864175911746984,-0.0033676924885856054,0,1
0.011359849149476376,-0.005305631048349929,0,1
0.010301061759701923,-0.004243631051284362,0,1
0.008537960658410768,-0.00700307046699573,0,1
0.009128937315770635,-0.005010668216914947,0,1
0.008437264502642813,-0.004993438610158582,0,1
0.014031593821842854,-0.003665973063526611,0,1
0.01147053104343321,-0.005372693043918913,0,1
0.010239328707055073,-0.006246983870530768,0,1
0.010187631587737602,-0.0031440299652945375,0,1
0.009901192397870191,-0.006914370491922838,0,1
0.010375553285359473,-0.004341362754708128,0,1
0.009069986769640328,-0.004869187979596127,0,1
0.011286403287351858,-0.005163585041368459,0,1
0.010762136467286059,-0.0059053687624927844,0,1
0.011812760664058402,-0.0012621958269010427,0,1
0.01052827636442938,-0.0037625508049050843,0,1
0.010649792651671266,-0.004734042376823033,0,1
0.012444316427996734,-0.0061325067563634495,0,1
0.009084167822632206,-0.004259395637173729,0,1
0.008974573118747038,-0.0037029611637464255,0,1
0.010885371887960928,-0.0038762131589050275,0,1
0.011143889359563067,-0.0036071192156528938,0,1
0.010710743047403971,-0.005325625994135302,0,1
0.01051754413916616,-0.004446261910412662,0,1
0.01133604912703238,-0.004188468238767308,0,1
0.009410684741063099,-0.004041373589911391,0,1
0.010037716461232943,-0.005674595835841268,0,1
0.010131845429796883,-0.005002333329340197,0,1
0.010863809753505854,-0.0045874298039376244,0,1
0.009563222657877728,-0.005869513442898269,0,1
0.010621674673033696,-0.005091734288452092,0,1
0.008536506767219593,-0.005689621566936302,0,1
0.009835597951381378,-0.004328001663223325,0,1
0.011109980203945385,-0.006252570566207752,0,1
0.012448619206121357,-0.005431061127225435,0,1
0.011155887578514006,-0.0050598198616713585,0,1
0.013828084377348787,-0.001768437125720767,0,1
0.010800287892266655,-0.0038193337184442315,0,1
0.010635408771305073,-0.004221066620698447,0,1
0.0109279907962267,-0.004630424603064438,0,1
0.013069261707767708,-0.004561172798621383,0,1
0.011592137183687824,-0.00435322294423947,0,1
0.01224244031688882,-0.005276627460288372,0,1
0.010662380922648089,-0.004950195550022875,0,1
0.010172190892865954,-0.0035008045714304188,0,1
0.009237699953168716,-0.0053386900606777945,0,1
0.012429913826153684,-0.003992664034096307,0,1
0.012043847699146567,-0.0037580101253404685,0,1
0.010670209740688212,-0.0045061544769590825,0,1
0.011009022562761544,-0.005540940821080587,0,1
0.01110628473677665,-0.0030205409146639955,0,1
0.011658698426236383,-0.004379444516364435,0,1
0.01069442762813013,-0.0041536006738586515,0,1
0.010335877554321174,-0.005664755163704111,0,1
0.009345696046097987,-0.003348529098754168,0,1
0.01109023401585036,-0.004080442361118147,0,1
0.011146981932068003,-0.0038500000764323016,0,1
0.011100827577923592,-0.004049450717769551,0,1
0.012976045188408955,-0.006599535811581234,0,1
0.0129669654478995,-0.002983434089962158,0,1
0.010739542505108708,-0.004743646906816617,0,1
0.010967508104877441,-0.0031454014570216618,0,1
0.011147189955046984,-0.0033221850002269513,0,1
0.012167344288274847,-0.0032584187881962855,0,1
0.01146345985269648,-0.003010057876396386,0,1
0.013348778623017966,-0.006342378068224454,0,1
0.011259191292791845,-0.003940396384672016,0,1
0.011031716787275807,-0.002725246856812376,0,1
0.011004060544938524,-0.004791590136235137,0,1
0.00883118220399211,-0.0021452334958239694,0,1
0.011511838115810519,-0.004025291272397838,0,1
0.013248048738320955,-0.006219219957337232,0,1
0.012579451249042502,-0.0036463011653001475,0,1
0.011647892591961365,-0.0036840762386505573,0,1
0.008518557732734352,-0.009397844364403753,0,1
0.0110209382820221,-0.009398486201951745,0,1
0.007438847779042558,-0.008273429191388959,0,1
0.008276832953540019,-0.008672582994602473,0,1
0.0072257623108422115,-0.008610856801281814,0,1
0.0070354929944729475,-0.008779664721448645,0,1
0.006430319144551931,-0.009793655814432308,0,1
0.00615118314735392,-0.008603704461103274,0,1
0.006481181926090172,-0.00911090958372357,0,1
0.007100183008972004,-0.00828555441974086,0,1
0.008650777207990155,-0.009609799882790508,0,1
0.006732312986139913,-0.008888170853008586,0,1
0.006472472694585759,-0.010616961432005927,0,1
0.005066365354883064,-0.009619062648913388,0,1
0.00593837757053894,-0.010276505198534522,0,1
0.005538245870453237,-0.009721221554298809,0,1
0.004272395394317293,-0.010145541385336932,0,1
0.005054026683789271,-0.010035745102552894,0,1
0.005586118480363162,-0.005852469914429811,0,1
0.00742837616678568,-0.007465079120016826,0,1
0.007955872452592655,-0.006796790369163728,0,1
0.007275359786662402,-0.008866846081924219,0,1
0.0071578957597091914,-0.008304907870083091,0,1
0.007583170553576198,-0.009285417472574118,0,1
0.006179233846139665,-0.009276345890624815,0,1
0.006294194654830299,-0.009002453642058305,0,1
0.0054645214249870065,-0.008680123268382418,0,1
0.007769798220773137,-0.009076125457272415,0,1
0.005518864562255528,-0.010247557717197483,0,1
0.0062562013998294025,-0.009247076052144424,0,1
0.005884620974869657,-0.009354263712753306,0,1
0.007256420823668967,-0.009879008909315364,0,1
0.007134189688993878,-0.00733414393719711,0,1
0.005911719802765806,-0.008638888437610485,0,1
0.006729547240325436,-0.009794029994761637,0,1
0.007926069956591167,-0.007607754492780634,0,1
0.007110280005800188,-0.00776972087667057,0,1
0.008494603572885371,-0.009383269769914165,0,1
0.007226504952815811,-0.008821202196182017,0,1
0.006848518813991778,-0.008215204214916774,0,1
0.0071793798137613175,-0.008488855727280203,0,1
0.005568369033872325,-0.008102213870603904,0,1
0.007010966143485377,-0.009212021615011135,0,1
0.005103732966071403,-0.009306406897985658,0,1
0.005660354283258383,-0.012052396461778171,0,1
0.006886280300552619,-0.007563584565537266,0,1
0.0060119077481770875,-0.009647825939828556,0,1
0.005516324440824638,-0.009106903089798451,0,1
0.007600010823175697,-0.011186657398328836,0,1
0.005607283703842464,-0.008354126160680124,0,1
0.0028398407004049824,-0.008798841683735157,0,1
0.004643585659981998,-0.009405956411897193,0,1
0.007062471208063146,-0.01161372404779707,0,1
0.0074102861875500695,-0.008868723316665718,0,1
0.004959027539834971,-0.006655853354911733,0,1
0.007042643847947858,-0.008256727528074163,0,1
0.006843860638734825,-0.008424016489210501,0,1
0.006558275081026422,-0.008494777718321187,0,1
0.006545827858787311,-0.008775350051732514,0,1
0.0071190592665893795,-0.009685131276546065,0,1
0.006191561694290396,-0.008910312545684917,0,1
0.00495207546954465,-0.00909989014842807,0,1
0.005385872991249483,-0.00874172198943455,0,1
0.005271854569897812,-0.009340071227461375,0,1
0.007572232810482039,-0.010366800358979238,0,1
0.004627317787969857,-0.009611047875247324,0,1
0.00490519988776955,-0.010496677430827446,0,1
0.005039347538168188,-0.00933537040659586,0,1
0.007481456771052292,-0.006514613459551528,0,1
0.0076373535924318375,-0.006530478828576729,0,1
0.007875666153338297,-0.007425130811631742,0,1
0.006283874233272447,-0.00844944499346117,0,1
0.006823586185654388,-0.0075321114606557065,0,1
0.006659854781299465,-0.008569659548822451,0,1
0.005911479749727279,-0.009206367943302853,0,1
0.005832150291288633,-0.007369760013031903,0,1
0.007122610260719923,-0.007905817565747377,0,1
0.006935112098412808,-0.006097015411395161,0,1
0.006068016108326313,-0.006627155414939157,0,1
0.005737516216946012,-0.009012241312664886,0,1
0.005419909095573508,-0.00984027214541446,0,1
0.005062204253541181,-0.009290802163631748,0,1
0.005284673523295693,-0.009839579634530148,0,1
0.005241801593439251,-0.009229923579355696,0,1
0.007861840317424948,-0.007432557858903584,0,1
0.0060096400827721564,-0.007644236756748251,0,1
0.008410674333580441,-0.010155124325770119,0,1
0.006159605013164916,-0.008117658957016223,0,1
0.006713509454397167,-0.008596468000650621,0,1
0.006442692354753025,-0.008805986033970457,0,1
0.00632270335574868,-0.008565680113133873,0,1
0.006361214973303786,-0.008943789939636584,0,1
0.005917064343453051,-0.007436921282299801,0,1
0.004523225773212357,-0.009175879646174502,0,1
0.0063684361847464255,-0.009913803386276118,0,1
0.005489235456702036,-0.007711496761796076,0,1
0.005416929199287224,-0.0090560226408253,0,1
0.0057087934492100895,-0.009572205654656375,0,1
0.004717102497718135,-0.009935991203459482,0,1
0.008269391223588503,-0.007838050141383834,0,1
0.007723890128748108,-0.00867988559793239,0,1
0.006878591330773655,-0.00820738724378388,0,1
0.0041880011066599485,-0.009140790754810965,0,1
0.007068069863776151,-0.008333078192434513,0,1
0.005756314984759259,-0.009836701118876433,0,1
0.006139591711302663,-0.008513638203212092,0,1
0.007231767472620592,-0.008657388219451731,0,1
0.005627479313395596,-0.008512726263848013,0,1
0.005781664749219674,-0.00849512809291305,0,1
0.006007065590867129,-0.009033405047180637,0,1
0.005469962593721398,-0.009110213230646265,0,1
0.005735411692851826,-0.007897916394132981,0,1
0.004509818935749135,-0.008972330914278796,0,1
0.004913383883223619,-0.007867674112206369,0,1
0.0075100362489710516,-0.007831986571550683,0,1
0.006478603580279979,-0.008069482279613335,0,1
0.0070102343162031875,-0.007400550258263998,0,1
0.005703819590479722,-0.006246478773157472,0,1
0.0042878199672746545,-0.008070190625326669,0,1
0.00640762092461816,-0.010013495356572293,0,1
0.007688004036065539,-0.007960715627991846,0,1
0.008743801657430697,-0.010819640927659769,0,1
0.006728422567211095,-0.009225833282313321,0,1
0.005854775645348617,-0.009045407105039299,0,1
0.004652261879901237,-0.008486746280486984,0,1
0.004540799835801877,-0.008822325483531937,0,1
0.004325423436645114,-0.009522867890088218,0,1
0.005743846062641852,-0.009017369666793576,0,1
0.0065920438378099366,-0.0073665510577670314,0,1
0.007025104702107326,-0.01063621840744845,0,1
0.006851556337191605,-0.007835996621849866,0,1
0.006615215172061035,-0.007917671337649075,0,1
0.007071696046864617,-0.00857905853449257,0,1
0.006172583649072354,-0.008329974453979379,0,1
0.004833219574312834,-0.00980484633230564,0,1
0.0059485265758954615,-0.008898158348114802,0,1
0.004310405571601029,-0.007264231075975766,0,1
0.004982052106227907,-0.009263627715402362,0,1
0.005599076128746486,-0.008663000558207415,0,1
0.0036395937730934174,-0.00998404836469938,0,1
0.00531844022027055,-0.009002270163847562,0,1
0.0046981502250400455,-0.008988079208765964,0,1
0.0068735273083653575,-0.008103554714840732,0,1
0.0062765011075156885,-0.0082651787032587,0,1
0.006246632945531714,-0.007690819382468196,0,1
0.007433839887099162,-0.008875006570930323,0,1
0.006114975556939461,-0.008249687079906328,0,1
0.00605622882349722,-0.008389609550273706,0,1
0.005634778846275001,-0.00782384371682204,0,1
0.006974851752967285,-0.007480360480710991,0,1
0.0019993579401767396,-0.007170226181846391,0,1
0.005731142239085613,-0.005367304786697113,0,1
0.005768410251737032,-0.009141945144487141,0,1
0.005222828709833761,-0.009130322999068177,0,1
0.005930079068698137,-0.007662062410260854,0,1
0.010324091384348344,-0.009922102869726963,0,1
0.007384792325127121,-0.007984152783985852,0,1
0.007830057912494946,-0.008041621500005865,0,1
0.007194648805020278,-0.0070547387744833495,0,1
0.005518281186259906,-0.008377999241928388,0,1
0.006658337364899318,-0.007773174439349887,0,1
0.004268011614062032,-0.006094285291157397,0,1
0.005896099105628536,-0.009415542431220404,0,1
0.005079582087355867,-0.007558245511876677,0,1
0.004228649315876315,-0.008372637839115226,0,1
0.005808400607677784,-0.008323675166866391,0,1
0.005232213108539879,-0.008659981332223914,0,1
0.004959783772497676,-0.008664212320392089,0,1
0.007052570635373102,-0.008673693160452548,0,1
0.0073966448613524685,-0.0076127115811369704,0,1
0.0058296896368766815,-0.00900346114599202,0,1
0.005822938313396174,-0.00763173927456722,0,1
0.004563303965850575,-0.01090389690797676,0,1
0.0059322483034133806,-0.0063887578256768595,0,1
0.006644474102346791,-0.008347164940907304,0,1
0.006186882740239086,-0.00835962442669065,0,1
0.006043369438421801,-0.00732010677085096,0,1
0.005028321914492713,-0.010850609996952185,0,1
0.006671685717126423,-0.008143296420074707,0,1
0.0052914272797456,-0.008825072511359002,0,1
0.005200353342879975,-0.010465729316461002,0,1
0.008026922023222237,-0.007275790082722866,0,1
0.0067475074890006965,-0.007454971276686636,0,1
0.0064389119273167055,-0.007693081035346358,0,1
0.004724753590340651,-0.007924209679486255,0,1
0.002630649510001587,-0.008212131384352733,0,1
0.005823044449369865,-0.007465164536832666,0,1
0.005837526634158279,-0.007564285193643179,0,1
0.006043776076268692,-0.00835370855034825,0,1
0.006076911985215112,-0.008303534730469879,0,1
0.006730964076596533,-0.00778386472594133,0,1
0.005405183829767711,-0.007010233621286345,0,1
0.006836892348072945,-0.007978842786107963,0,1
0.00528402626464642,-0.007124305384549859,0,1
0.006453026447008284,-0.007539624851333563,0,1
0.006156811307413632,-0.008128743793649083,0,1
0.007066382116572225,-0.008453933166927064,0,1
0.005541368140900072,-0.008092734353540859,0,1
0.005250456056183837,-0.009394915276233456,0,1
0.005885270066924749,-0.007832291725605975,0,1
0.005261548858367762,-0.008151420274949042,0,1
0.005496948566345851,-0.008774949377092865,0,1
0.004991256589792477,-0.008442930994600169,0,1
0.007497280329044016,-0.006090473520161117,0,1
0.008236431819068439,-0.008517529834495762,0,1
0.006796236202858975,-0.0061972399300785075,0,1
0.006362217457564574,-0.007909228060703453,0,1
0.00618029779266897,-0.007300954497483957,0,1
0.0054453293342475746,-0.007804832800181697,0,1
0.006705030288197367,-0.00767555978427334,0,1
0.005581900165854477,-0.00781203906460583,0,1
0.0052141771074678,-0.00832783906900169,0,1
0.005211873675151702,-0.008239986041695301,0,1
0.003158608826329871,-0.010960256576440303,0,1
0.006813999392302084,-0.007488893220260867,0,1
0.00628629779721931,-0.007699528382163744,0,1
0.006572234665817647,-0.007623846929166105,0,1
0.005307610504029155,-0.008151085739720171,0,1
0.005909468980348772,-0.007281254890354466,0,1
0.006626611323439555,-0.006391690051013839,0,1
0.005819006597373316,-0.008301670653132349,0,1
0.004587331432753864,-0.008910727005015245,0,1
0.005477217346884117,-0.007840146786544993,0,1
0.005093477821960074,-0.008228514296655453,0,1
0.007495956504625558,-0.006359700431856713,0,1
0.006061427111854349,-0.006243000398204049,0,1
0.005415655436531293,-0.0063916371105201975,0,1
0.0063742788563109715,-0.006380997764836092,0,1
0.0064421084775997456,-0.008865241917621154,0,1
0.0033872898266259894,-0.008476939898611835,0,1
0.006231762221757518,-0.007924910198741803,0,1
0.004967821499803833,-0.007414370729375974,0,1
0.0025825451296643902,-0.010028510686988937,0,1
0.005299126191977455,-0.008079009699901694,0,1
0.008023822156318656,-0.006557387084964581,0,1
0.005700574292744284,-0.0064720832759578035,0,1
0.006524984758488221,-0.0069945352012314894,0,1
0.00572616093704694,-0.005821061519950102,0,1
0.005617315135251378,-0.007549714875019111,0,1
0.00494759114367717,-0.00792601026517276,0,1
0.005299118067994724,-0.0076586136164676355,0,1
0.005511450687364584,-0.007413574408755318,0,1
0.005395378733512991,-0.008261865947540076,0,1
0.005514588313843475,-0.009563318371557957,0,1
0.007066446425432858,-0.00681484799305957,0,1
0.005610876117118771,-0.006606913924658019,0,1
0.006045103750176541,-0.007057290582782015,0,1
0.005120912583232053,-0.008134504715659038,0,1
0.005585759455143969,-0.0073889685247277,0,1
0.0062985936610109195,-0.007626456859301508,0,1
0.0072441187797227784,-0.008568770577985675,0,1
0.0067801110074608055,-0.006399752837550225,0,1
0.005941711440860967,-0.006310426958435204,0,1
0.0059693985260345405,-0.006812724129503573,0,1
0.007233996742942468,-0.006366810066785215,0,1
0.003893871465994197,-0.00630957661926619,0,1
0.00577116861280515,-0.00787584715776464,0,1
0.0050892502882408305,-0.0072355760894037965,0,1
0.006176120864517697,-0.01014288502378778,0,1
0.0051144432184396845,-0.007909367694644167,0,1
0.005388181958355398,-0.006605995424911979,0,1
0.0070030632578262685,-0.004780852986749959,0,1
0.00537979917252818,-0.008173751521994312,0,1
0.004015909324841154,-0.007551400016000227,0,1
0.005405722325748747,-0.007632635037490309,0,1
0.005221910608390017,-0.007420265967205521,0,1
0.0022679943802697846,-0.009326267858752693,0,1
0.0062185915721778215,-0.00854750269705715,0,1
0.0037430852103626537,-0.007829908811997917,0,1
0.006520277137634241,-0.007547287401220636,0,1
0.005921786273673819,-0.00625435507729018,0,1
0.005044211898359507,-0.0057013493326420195,0,1
0.004493979776334426,-0.006788925942555937,0,1
0.005350071254462932,-0.007373426384299994,0,1
0.005235276478220713,-0.0069792557526659,0,1
0.0059762481439160605,-0.00681261991211974,0,1
0.0042757394981345394,-0.007052162267944012,0,1
0.003989062226750263,-0.00522193471505876,0,1
0.0055321406141883595,-0.0073133415299773685,0,1
0.005437694605333053,-0.007218588955397396,0,1
0.005142195759364905,-0.0066648588559552165,0,1
0.004836110030521147,-0.008549093710569947,0,1
0.005186057319669679,-0.006758870254507096,0,1
0.007941689708080275,-0.005094970489954738,0,1
0.005629896902510504,-0.007394183916001924,0,1
0.005806361308435179,-0.007863081719439486,0,1
0.004110026141746995,-0.00897963356540971,0,1
0.004405846884058502,-0.006974268525846144,0,1
0.004699441648378848,-0.007689099098043857,0,1
0.004422043232805581,-0.006397821021681454,0,1
0.006716729425827675,-0.007725354713638218,0,1
0.004637969039883605,-0.006678954991554373,0,1
0.0047359069244459154,-0.0065045328062137055,0,1
0.005547184514249508,-0.0068311261604385295,0,1
0.0045979086007944476,-0.005909533395038567,0,1
0.004119779433870246,-0.007051618149996529,0,1
0.005474151661955307,-0.007882393627208788,0,1
0.005034160827716194,-0.008240953349145852,0,1
0.006270717851898044,-0.004970203764691071,0,1
0.0056475175284288895,-0.00720953402790748,0,1
0.007540839348449922,-0.005043230307760207,0,1
0.0036657050411309446,-0.007152214392475657,0,1
0.005434402854015528,-0.006777818792546124,0,1
0.005066179316832209,-0.007108792916024327,0,1
0.005958057841059111,-0.005651470296040336,0,1
0.0062470145258374955,-0.00746112206872854,0,1
0.004232047687025129,-0.009237566926298025,0,1
0.005297539493496161,-0.005184061146574076,0,1
0.0056695089125837796,-0.005994529634271784,0,1
0.005656772054892454,-0.005886387025290679,0,1
0.005306795939975006,-0.006586191489411246,0,1
0.0048291140992422306,-0.005855059588894415,0,1
0.003176755159612443,-0.007649096825429143,0,1
0.004092709552042699,-0.007551906591536905,0,1
0.00522797376169364,-0.005938538608963881,0,1
0.005503353111316717,-0.006073343517148991,0,1
0.005318941546280042,-0.006459833010730072,0,1
0.006501653246035912,-0.005498311558918413,0,1
0.008614464422587774,-0.006803216801421612,0,1
0.005687676960111542,-0.005509604936663679,0,1
0.005464226580424783,-0.006029611962014264,0,1
0.00596262059490983,-0.005627126707003604,0,1
0.005355412757343723,-0.005856565376248041,0,1
0.006353093086776521,-0.003937708376676037,0,1
0.006918303465604302,-0.005525958113916404,0,1
0.008436691884435209,-0.005731627897544017,0,1
0.006458228685912313,-0.005129842373760054,0,1
0.006700093509544431,-0.006089300501238263,0,1
0.007797046127896758,-0.004672128785526171,0,1
0.007583464335640148,-0.004622319965137245,0,1
0.007405933619136045,-0.0062484676401031915,0,1
0.008496007493908796,-0.006919794953128446,0,1
0.007308068133085098,-0.006445620230693559,0,1
0.007963398946460783,-0.006699563253143369,0,1
0.007645836517410284,-0.007176126618581194,0,1
0.005608501537699067,-0.00554238425721071,0,1
0.011192658017458309,-0.005745451759168414,0,1
0.00802609693885922,-0.0043407468696062095,0,1
0.008327427256146465,-0.00836957392298513,0,1
0.0063179036915996046,-0.007383905307021423,0,1
0.007366760128308063,-0.005606971401734419,0,1
0.007668649311631861,-0.004408703074757624,0,1
0.007781200176523458,-0.007270937108068645,0,1
0.008337035586256213,-0.006399854931663887,0,1
0.007906955644070953,-0.006573519910739542,0,1
0.007670093973679153,-0.005843692605184574,0,1
0.00850495056674503,-0.006952243984854944,0,1
0.009472082452620883,-0.006527833627694939,0,1
0.00841663762804895,-0.006873329010157,0,1
0.007512889132487492,-0.007411529095443615,0,1
0.007699035422516065,-0.0076836337263634725,0,1
0.0070151269040145455,-0.007251007782125096,0,1
0.008177371580983493,-0.00776391529351346,0,1
0.008267617457882103,-0.006450838357801071,0,1
0.006710449719796043,-0.004443232338733267,0,1
0.008829647992065112,-0.005791452126646398,0,1
0.008569157839676187,-0.004511518826884902,0,1
0.00821122323402331,-0.004773761486922644,0,1
0.007217864917555547,-0.0056557923886666845,0,1
0.007617678404854191,-0.005732567929808222,0,1
0.007863713705977127,-0.006715988910318856,0,1
0.006474997942333199,-0.00662576449260934,0,1
0.007756999283595901,-0.006501888664237284,0,1
0.008221448800905926,-0.0062833084601662875,0,1
0.008164457203282993,-0.008318376517127427,0,1
0.006590960784890079,-0.007499030348851766,0,1
0.010686376049109988,-0.009094044697541818,0,1
0.007626025268490053,-0.007780903440092321,0,1
0.010336362164861633,-0.009894485623755084,0,1
0.006371772990323571,-0.007474670684302418,0,1
0.00919205219179494,-0.003948988726124533,0,1
0.00685122742227773,-0.006740508911622652,0,1
0.007487051519159476,-0.005779865285138952,0,1
0.007400131415678023,-0.006669424571301598,0,1
0.006995130513540761,-0.006823620835858596,0,1
0.007740624181784294,-0.0068872944435794045,0,1
0.0076145924483707675,-0.0063811156175475475,0,1
0.008927279339175696,-0.008017392852201122,0,1
0.005993400210363816,-0.005166205375378599,0,1
0.005052812888277413,-0.007470147453098325,0,1
0.0077755143517955075,-0.00700582204132037,0,1
0.007682497677979436,-0.008269592962975431,0,1
0.007394496027489954,-0.007557551778608946,0,1
0.00675878086287435,-0.008341611890797346,0,1
0.007585553645962051,-0.00524534260924536,0,1
0.007268512792618096,-0.004464716680881632,0,1
0.008092996089880887,-0.00476293500339158,0,1
0.006985856607905313,-0.004756013144405378,0,1
0.0074367069360610945,-0.007202537951421756,0,1
0.007239680991010136,-0.006015324172496738,0,1
0.007895210173388581,-0.006809688229338171,0,1
0.00824089329456192,-0.005845996695550283,0,1
0.007509265804227082,-0.006899507451658543,0,1
0.007596339443971148,-0.007598306522043237,0,1
0.008098815469026178,-0.007890097412097816,0,1
0.007025404983945819,-0.00877624075056822,0,1
0.007372004262708981,-0.005081374902454116,0,1
0.00810384337612185,-0.004227176977917094,0,1
0.006746649570837577,-0.004413015809479811,0,1
0.007318570099074095,-0.005329756297018299,0,1
0.0072982678263264,-0.006437346699856634,0,1
0.006437871428506561,-0.005887450003434584,0,1
0.007017280598770891,-0.005376691313961579,0,1
0.006942263278426709,-0.005196757482572688,0,1
0.008352002802257678,-0.006921821167687174,0,1
0.007676261520681581,-0.005919837132115274,0,1
0.006708599222589496,-0.007167068606323054,0,1
0.00787353904079081,-0.006973084087283947,0,1
0.00804515007539736,-0.007836459601638625,0,1
0.006596429133856516,-0.004368231440973514,0,1
0.006952610215999817,-0.005276143646064365,0,1
0.007047883136254157,-0.004075794944635053,0,1
0.006317411061859082,-0.009389581589784878,0,1
0.007797428000692199,-0.005852887326866604,0,1
0.008270441329580006,-0.006941005173692105,0,1
0.007699918760877857,-0.0033342048304063066,0,1
0.005974492194492032,-0.007004133934108667,0,1
0.008020019541140004,-0.007498730572557372,0,1
0.006692877905374278,-0.0063540000619718125,0,1
0.005879373671447928,-0.005887357879921433,0,1
0.00795346877394191,-0.008399278918749569,0,1
0.003925910912060539,-0.008578392087194384,0,1
0.00771240446512286,-0.005634155652261585,0,1
0.006071255306255805,-0.006042551291227216,0,1
0.006546168090388698,-0.005403194839725347,0,1
0.006939638029936859,-0.009145874088702974,0,1
0.0041598168328379655,-0.00831425048483257,0,1
0.007962629063944984,-0.006518099745024569,0,1
0.0072676191464547514,-0.006361024019696225,0,1
0.006129245246726451,-0.0061770571168754465,0,1
0.007377785848886734,-0.007733638999358006,0,1
0.00835836645671307,-0.008175539646781041,0,1
0.008256015821306837,-0.008586848176132733,0,1
0.006383113808921681,-0.005167941242574865,0,1
0.007166938549236899,-0.005343550956716842,0,1
0.007165026359488832,-0.005937904333444941,0,1
0.007281019508480589,-0.0055228233971867215,0,1
0.007295015300069075,-0.0057054408101531425,0,1
0.007238028558758759,-0.005795600217409145,0,1
0.0068117100781842485,-0.00632202132066902,0,1
0.007283100131860958,-0.006304316998998151,0,1
0.006559320457295404,-0.007541986953354847,0,1
0.005772933614585413,-0.006792892628927507,0,1
0.007794876044718798,-0.006649132281886173,0,1
0.006455245493016364,-0.0060469644605815965,0,1
0.005735791524401985,-0.004404931798604896,0,1
0.007311402927939941,-0.005418800954208042,0,1
0.007202100815140118,-0.005687903240534388,0,1
0.005710826130940484,-0.004743490021947512,0,1
0.007461733237228662,-0.0034588369779130317,0,1
0.00345989035686214,-0.005083230740503753,0,1
0.006997577985475763,-0.006615113893135973,0,1
0.005975793141533012,-0.004510023941869397,0,1
0.006368950498353472,-0.007112998911973812,0,1
0.004931058284069862,-0.006255012442456382,0,1
0.007683653366335972,-0.008075460277888328,0,1
0.007262844639877141,-0.0044727797960876555,0,1
0.006749103155332353,-0.0048932303704220925,0,1
0.003644808090681354,-0.003961304109559717,0,1
0.0035987804116795617,-0.006150088801695055,0,1
0.008139861370452186,-0.00527638049658489,0,1
0.006601776541646209,-0.005681766773475532,0,1
0.006963316123292356,-0.006702905822703324,0,1
0.006115507605704772,-0.007984036704760031,0,1
0.0060133498641700475,-0.006774494417716398,0,1
0.00584934824428661,-0.006984809628595409,0,1
0.006602937336440791,-0.010130053965059496,0,1
0.006825775992305439,-0.005880265844611522,0,1
0.00897592828680804,-0.005512740901091742,0,1
0.00684978603424222,-0.005838849698428905,0,1
0.007189924259563417,-0.006112558572341686,0,1
0.0067454301933563485,-0.006011647690125575,0,1
0.004145507842378035,-0.008402171947987517,0,1
0.007034015016300255,-0.006741654961921985,0,1
0.005255989482979294,-0.005781134777305529,0,1
0.006984927059725977,-0.007683440711790867,0,1
0.008697571967685683,-0.005110196900460062,0,1
0.00729327194315452,-0.005677021054481405,0,1
0.007533927891624609,-0.006266089083025952,0,1
0.006996155157417931,-0.005414830757275296,0,1
0.006887044303964647,-0.00631304885539286,0,1
0.005062334645621418,-0.004380843416834647,0,1
0.007581172814805801,-0.005755865675161894,0,1
0.007617042614622962,-0.007210164557606151,0,1
0.006974777417342333,-0.005747957710286384,0,1
0.004870863595394384,-0.00790880697836923,0,1
0.0069026803566686066,-0.007141434929121179,0,1
0.005610269765966564,-0.005487810646571569,0,1
0.006943282302847305,-0.004802408399855975,0,1
0.0070512954027663576,-0.0060638723307320985,0,1
0.007537571346380002,-0.007169108931014007,0,1
0.006499852421220681,-0.006743873332513992,0,1
0.007652456647023511,-0.0069819091739452745,0,1
0.007098919086236004,-0.007390694324138946,0,1
0.006288503035659739,-0.006983234248044161,0,1
0.006712929154030794,-0.0068953264377481175,0,1
0.007603109624822043,-0.006216553301683349,0,1
0.006799838512490607,-0.006833979121365066,0,1
0.006750479037596811,-0.005526188158935022,0,1
0.006175398219019212,-0.007333736117256986,0,1
0.0074687010889914265,-0.006541022593439558,0,1
0.006641793523577541,-0.006361823368868205,0,1
0.005118827395723125,-0.006169054461867093,0,1
0.006436618012479934,-0.006832901112898966,0,1
0.0069114897148890835,-0.007228178687658987,0,1
0.00667622589326854,-0.005381515413621765,0,1
0.006355714959666436,-0.004483721958632722,0,1
0.007120920132770892,-0.005654570072588685,0,1
0.00659399970472611,-0.0055038322924941,0,1
0.006787802929354597,-0.006273028671225287,0,1
0.005481043788151893,-0.006283071553829429,0,1
0.006325055965002396,-0.005878914034281241,0,1
0.006636166703145243,-0.006628223566005031,0,1
0.006418251463877061,-0.004907996973101821,0,1
0.005170864182953931,-0.005647349433571352,0,1
0.006494703155115569,-0.00467434956958065,0,1
0.007662106501187375,-0.005887304394111092,0,1
0.007671542680155139,-0.006481201529596681,0,1
0.006318574768781462,-0.007536274058662007,0,1
0.006607791317081423,-0.006667425424330003,0,1
0.006137377730185578,-0.010401415543607996,0,1
0.006691473027061064,-0.0038986486214833195,0,1
0.00602640021990035,-0.004989995683182065,0,1
0.00698291598626457,-0.005799097604021874,0,1
0.006659638669946438,-0.0060263653873923306,0,1
0.007186080787345179,-0.006087771550971286,0,1
0.009010091045983094,-0.0038108280768530908,0,1
0.006404950695163297,-0.0065832557978596756,0,1
0.006318107374517161,-0.004764393157173545,0,1
0.005925352493934176,-0.005295174430050897,0,1
0.007409621249216155,-0.007213107727461765,0,1
0.006376488550672845,-0.005482229073097255,0,1
0.005966991539706441,-0.005060061176082858,0,1
0.0075477815163151885,-0.005714623037626738,0,1
0.006090820079271541,-0.007206546247169993,0,1
0.006572050852140644,-0.007499516470841474,0,1
0.005333814900180976,-0.005926540851916729,0,1
0.0058110576943333995,-0.004829899693357602,0,1
0.007114570906265296,-0.006643302370775713,0,1
0.006562205898765189,-0.005693077071286454,0,1
0.007547041521260959,-0.0059810143213192245,0,1
0.007632124436774212,-0.0071748540475694575,0,1
0.00504910469060413,-0.004995308155531899,0,1
0.0025860087546898812,-0.0064934138492876116,0,1
0.006485103609009931,-0.004815261918515031,0,1
0.0061709628066019045,-0.006522627361333211,0,1
0.006046253762067507,-0.006264229992087562,0,1
0.006359411812909338,-0.006186772241786736,0,1
0.0051087131688164495,-0.005450910807997361,0,1
0.005146905538689601,-0.005831157764125818,0,1
0.005732456020358651,-0.006433211215963953,0,1
0.004912950285882755,-0.006318985448451407,0,1
0.006473557800131062,-0.006453729425357595,0,1
0.006486919838279792,-0.0075798611130037585,0,1
0.005740388031934173,-0.00411855390962481,0,1
0.005957077542999168,-0.00640854922749545,0,1
0.005425394255875012,-0.00495330225821021,0,1
0.0068546590984043705,-0.005125839544234188,0,1
0.006657234947844317,-0.007000392492286191,0,1
0.00616001789954082,-0.005009979729197416,0,1
0.004873440126695358,-0.006291286040269368,0,1
0.005818365541179195,-0.006473215662786432,0,1
0.005711885810642307,-0.0051810863428147684,0,1
0.006711512575163016,-0.006735835081492871,0,1
0.009211671063788347,-0.0038760099669888563,0,1
0.008188976958338349,-0.007156729124339819,0,1
0.004113668464520042,-0.005621684859822412,0,1
0.005851179104059725,-0.0062173743341861565,0,1
0.005521379302333957,-0.006076812838272312,0,1
0.006288020659293386,-0.0058747330813789965,0,1
0.00477008511513809,-0.006586760244780649,0,1
0.005615313377489338,-0.007426680327093307,0,1
0.00547332125703223,-0.004778626446903998,0,1
0.004957187409826715,-0.00474955836558529,0,1
0.004933062000267869,-0.005305196467507322,0,1
0.005202405246165206,-0.006489789629832503,0,1
0.0054344489346660725,-0.005476653821073822,0,1
0.006914561791009776,-0.004007996953532648,0,1
0.004774967411906448,-0.0060297734742529845,0,1
0.00577139296658824,-0.00722384260031692,0,1
0.0025855258566194026,-0.004886126889061522,0,1
0.005852159790866856,-0.006415123017138077,0,1
0.0047849323548685724,-0.005390093726606046,0,1
0.006234606481173225,-0.005663180428730287,0,1
0.005054465383077673,-0.005888057535092755,0,1
0.004928960595611986,-0.006243114708133579,0,1
0.004880756106141134,-0.005608335030836022,0,1
0.0047093769800549525,-0.006797721470685701,0,1
0.004786355622663774,-0.0068024244684011526,0,1
0.005111727850602314,-0.005627064008546024,0,1
0.005109241991222416,-0.007051166032955566,0,1
0.005652151307499653,-0.006826555830864946,0,1
0.004817317570790681,-0.00728007924411023,0,1
0.004978350177065404,-0.0077075685820871785,0,1
0.005046268197947282,-0.006124361824413036,0,1
0.005083943377081164,-0.007921331916869723,0,1
0.005842349503296172,-0.008873596528254047,0,1
0.005495731958497539,-0.007458141385306882,0,1
0.004612450169621745,-0.009831221071875777,0,1
0.004778930366961771,-0.008805030068737457,0,1
0.0059917888376649865,-0.01172703243392192,0,1
0.005313504862548254,-0.009614237151564333,0,1
0.004553469390430267,-0.009826834589766508,0,1
0.005755388308750324,-0.008579642287764703,0,1
0.004825876471828759,-0.005945305024835094,0,1
0.006522240153328105,-0.005658174206754141,0,1
0.005801382052093626,-0.005801319347426372,0,1
0.007278685957802993,-0.007086758056393807,0,1
0.005921922278832541,-0.00841840426047726,0,1
0.004538996069678455,-0.007445630040472451,0,1
0.005425399205815393,-0.0069298895974183785,0,1
0.005639431654549552,-0.007021812620909739,0,1
0.004859295509040988,-0.007249590918576782,0,1
0.003762910214383819,-0.009999134377304012,0,1
0.003936420998558536,-0.009762484198704128,0,1
0.0036082404418067903,-0.009120078798558676,0,1
0.005448858911855512,-0.008515365419468195,0,1
0.005830689338030525,-0.009062632000851849,0,1
0.0043858746000480136,-0.009814827885605589,0,1
0.004864058640645235,-0.009991457880503622,0,1
0.006099959920195913,-0.004959289641905206,0,1
0.004151585136515214,-0.0072075294078460545,0,1
0.005933297556818187,-0.00515737369050262,0,1
0.004899061271767596,-0.006342025484265086,0,1
0.0034225273750328263,-0.005705173922799619,0,1
0.004864156814763918,-0.006898252465855156,0,1
0.00690374847574508,-0.005206322812369185,0,1
0.004713586647809984,-0.007513279968165429,0,1
0.005955823924766415,-0.007770730126707692,0,1
0.006171584876573964,-0.009070340502810005,0,1
0.0045971311676153035,-0.009838898037265535,0,1
0.004756195859816127,-0.008677066891148322,0,1
0.0035260206528664483,-0.008907383275572526,0,1
0.006360411598768216,-0.009123094396509908,0,1
0.004712173345560889,-0.009860114007039957,0,1
0.004222555920736312,-0.007884203502505172,0,1
0.005596698494385922,-0.010735951294043023,0,1
0.004811427943652547,-0.00636433136846083,0,1
0.005226991657009389,-0.005855214175964257,0,1
0.00472534553480402,-0.007438575636328597,0,1
0.004806595823540723,-0.00706005905885779,0,1
0.004813255341534181,-0.007220865326784699,0,1
0.005579895478444466,-0.007332910974580074,0,1
0.0029476285598057836,-0.008505442347968076,0,1
0.0014314293064618725,-0.007006403511444151,0,1
0.005028551692050727,-0.007810219579205929,0,1
0.004168721479100993,-0.00875771828510472,0,1
0.004431151349062222,-0.007941960682011145,0,1
0.005017768841416696,-0.008670480549654544,0,1
0.004887272749764945,-0.007782793229695877,0,1
0.004552402028359213,-0.008331269323499367,0,1
0.006454678291903621,-0.008556572331207378,0,1
0.0040405879137573545,-0.008453684578071868,0,1
0.004909455559944723,-0.006114821107244839,0,1
0.004918839445482223,-0.00644344419441659,0,1
0.003271854321935776,-0.005548175838729123,0,1
0.005297372087011406,-0.007620466740497413,0,1
0.004236567623737645,-0.0074401164904328975,0,1
0.004731407027237231,-0.007917500635932394,0,1
0.006118178662741715,-0.007148611744334916,0,1
0.00576104608931316,-0.011122899775147577,0,1
0.005341729848677789,-0.007577978430791249,0,1
0.0046144705228420135,-0.008519872064648102,0,1
0.004596564025301812,-0.008731758311024344,0,1
0.007201441723496192,-0.0068231202750682635,0,1
0.004661863409814799,-0.008249902705705605,0,1
0.00487993672531502,-0.009398878472642397,0,1
0.005505265910273201,-0.011117804519842563,0,1
0.004332043793748729,-0.0062770322604846236,0,1
0.0046196075519888856,-0.006571286405806813,0,1
0.004506977447123857,-0.0052078806291541956,0,1
0.005250612761373643,-0.0072734554898991645,0,1
0.005590405326048375,-0.006426645504173179,0,1
0.004845914382912346,-0.006390155574816154,0,1
0.006675588600040969,-0.005956490809417815,0,1
0.004435397195862048,-0.009190353652918521,0,1
0.007837603419250832,-0.007660027479054438,0,1
0.004537356029140098,-0.009583989163004925,0,1
0.004141511853843144,-0.00897575321864105,0,1
0.0038426811569845427,-0.009676758427965062,0,1
0.0052137694172875735,-0.008853562710900393,0,1
0.0061691069898534776,-0.00990257170313405,0,1
0.004743151550732708,-0.0050048774908884345,0,1
0.005457043705903317,-0.005704379442056175,0,1
0.0035691315107964786,-0.005155010816256208,0,1
0.004883283327728024,-0.006812985216837999,0,1
0.0035990281314389,-0.005301569224677021,0,1
0.004742690390666597,-0.007443531441441343,0,1
0.0047044390447365265,-0.0073014140090278705,0,1
0.004301860394724525,-0.008647793233214586,0,1
0.0031392413840530633,-0.009007763676550906,0,1
0.005367518755533687,-0.007739412385750081,0,1
0.004996926265634076,-0.009082495801991965,0,1
0.0037655555014575568,-0.00948924558252441,0,1
0.0033501459997573725,-0.012496173375315724,0,1
0.0076975478666596485,-0.00870233953007661,0,1
0.003428024026991657,-0.008969839914403853,0,1
0.005169832952334277,-0.006137668873473005,0,1
0.004410230878223259,-0.006353486220077664,0,1
0.003623952829930393,-0.0062693490167743775,0,1
0.004573628486313337,-0.006912417495575007,0,1
0.004070863182605545,-0.0072763967495313485,0,1
0.003186355008094114,-0.008042998933784079,0,1
0.0045214806475944455,-0.008400010842189956,0,1
0.006901033644614561,-0.010297863084452736,0,1
0.006000959027709133,-0.010930628819661664,0,1
0.004276159352964547,-0.008519076628049098,0,1
0.004507142549903562,-0.007471165446300747,0,1
0.004592998944337819,-0.008675694457198133,0,1
0.005657844733216441,-0.008186202057225265,0,1
0.003881981655994454,-0.005887123796896302,0,1
0.0038365820917385988,-0.0059544593031058985,0,1
0.003691568845069915,-0.0059981683475002455,0,1
0.004273120461743837,-0.0067642178713666085,0,1
0.004398775546448643,-0.00979607505611198,0,1
0.0023848731485884003,-0.007679975391829307,0,1
0.004039134662337213,-0.00789408975318054,0,1
0.0058489080986957155,-0.007045624367953221,0,1
0.0040944796335552775,-0.007852664411430945,0,1
0.004402768740583958,-0.008054102903710801,0,1
0.005376419535743298,-0.008093025510455397,0,1
0.004786012877662688,-0.00789125470338942,0,1
0.004487863355488468,-0.008408408808560558,0,1
0.004377875521069514,-0.00971119747656204,0,1
0.003634543297165004,-0.007057951721054561,0,1
0.003457071065170798,-0.006325382896502055,0,1
0.003152059788164472,-0.007279572903415334,0,1
0.0042232054865579145,-0.006787989774377569,0,1
0.00371466170556546,-0.010344828534708386,0,1
0.00476791470335415,-0.007456607077509992,0,1
0.004166317103131633,-0.007576439974986949,0,1
0.00519461753879934,-0.008379759356385302,0,1
0.007118239300623818,-0.010503468413404346,0,1
0.0056176483225635135,-0.00897874579901853,0,1
0.003558048753850151,-0.008414002486210952,0,1
0.006035314437434567,-0.009511740809609284,0,1
0.004371481161273932,-0.008640861647742627,0,1
0.0038267960895440613,-0.006287070899344826,0,1
0.004060387202861582,-0.006491127660397756,0,1
0.004365574917621645,-0.00651489400005948,0,1
0.004724994677500004,-0.006755173898864685,0,1
0.0043046236554581604,-0.00663677801722427,0,1
0.004345710018159524,-0.0086835205647857,0,1
0.003939564951446749,-0.008003423406636052,0,1
0.004392939543991979,-0.008167372779322501,0,1
0.004367756457594365,-0.007197701134887921,0,1
0.006238211976726695,-0.007533940827760832,0,1
0.003988812752571329,-0.007685704983806287,0,1
0.004245795313407226,-0.010363597243264461,0,1
0.00414988450261845,-0.00910503559038355,0,1
0.0029660936550099325,-0.006502654655416456,0,1
0.005289692107831823,-0.006931728865455286,0,1
0.00436907410530815,-0.0060676974537662584,0,1
0.002977600763215516,-0.007859314680910126,0,1
0.004862456752557945,-0.009987551752366458,0,1
0.004296160782485401,-0.007806802174589431,0,1
0.00340321441627332,-0.007922849442964487,0,1
0.0027886098438709853,-0.008255653918825195,0,1
0.0035037388533872807,-0.008718802649863801,0,1
0.004010225493200767,-0.00846360730583265,0,1
0.0036574358396040604,-0.009795399585030486,0,1
0.003514497777491255,-0.005316847954737663,0,1
0.006390627256784153,-0.007347031589307314,0,1
0.005457245894648658,-0.00721909228256723,0,1
0.004463435385101215,-0.0070184439643738985,0,1
0.002009593355460144,-0.00763707858860016,0,1
0.004643029513935763,-0.006783384576524041,0,1
0.0065470303224602336,-0.0073061232842679385,0,1
0.007291248271481213,-0.0075810684473006625,0,1
0.006563258295493738,-0.007325599966518086,0,1
0.003524071164241965,-0.007367855320716509,0,1
0.004485925657110768,-0.008728161603459144,0,1
0.003876406025948754,-0.009103493640359351,0,1
0.004963344136035031,-0.00868053136081791,0,1
0.005981804246854082,-0.007059803221122405,0,1
0.005902811667862032,-0.006527064330162762,0,1
0.003889385936448992,-0.007097555379870398,0,1
0.00394898294193763,-0.007461292513626512,0,1
0.00419756961910337,-0.007103877287629177,0,1
0.004007332817910896,-0.007414696577907999,0,1
0.004943099816390239,-0.008085424473423421,0,1
0.004589281549920517,-0.008017825737200836,0,1
0.004524337419962554,-0.010256404471530495,0,1
0.005287444038394971,-0.009138884056532697,0,1
0.004748865721161366,-0.006381327149674103,0,1
0.0038856425268238553,-0.006212656089799901,0,1
0.0038436116508212695,-0.006441451070018911,0,1
0.003288494500875472,-0.007433786697634866,0,1
0.004038734978773558,-0.007502284909213663,0,1
0.002788492451277515,-0.005656859765276662,0,1
0.004289704862551951,-0.0071599201093941025,0,1
0.005094986876425274,-0.007627268347371289,0,1
0.0032085913089555927,-0.008627868148660888,0,1
0.003881089528790245,-0.008186038330293043,0,1
0.004840495308225242,-0.008348407819213421,0,1
0.005140462048898743,-0.007109216690113255,0,1
0.0031750378499770344,-0.006194230592490558,0,1
0.002066580695078809,-0.0074246775977426785,0,1
0.001954179367649999,-0.006207427879765595,0,1
0.004412794479283486,-0.007695236120450159,0,1
0.002253902991526629,-0.00790324641131891,0,1
0.004544977395981297,-0.0066217820893891225,0,1
0.0042252439760089066,-0.007622753712395913,0,1
0.003863227530430801,-0.008379664647018887,0,1
0.004535166123725784,-0.009528351359016737,0,1
0.003603252854098246,-0.005976783574236609,0,1
0.004070732265608485,-0.006333498267478348,0,1
0.0035103470080932986,-0.006507786822150571,0,1
0.0038979567763921413,-0.007020840102013942,0,1
0.0035679447046404957,-0.007352967532379223,0,1
0.003931266897895111,-0.007295729684577374,0,1
0.0023708042649455826,-0.007256079296889534,0,1
0.002957158764230787,-0.007170672418198865,0,1
0.0023188472792364896,-0.00906287305425452,0,1
0.003353631982920037,-0.007958884788136944,0,1
0.0036605603831564694,-0.006428871013590976,0,1
0.0040892036409703675,-0.005221731034204312,0,1
0.0034304955042414975,-0.008923163369726464,0,1
0.0045300662118859135,-0.007970490602585934,0,1
0.004754867114549151,-0.006957793322846536,0,1
0.0036182942338554196,-0.005014066688521954,0,1
0.0038249274361750133,-0.007009244002744378,0,1
0.0026199850642078864,-0.006105979367725883,0,1
0.004081673961255954,-0.009656636159745012,0,1
0.0038060165303659913,-0.006039390672286487,0,1
0.003917328261171535,-0.005135521267762046,0,1
0.0037672490241103668,-0.006325117546577109,0,1
0.004578570847539407,-0.006590820408579764,0,1
0.004167916674637181,-0.007729433289120002,0,1
0.0036086185329957925,-0.00721190488209481,0,1
0.002935531954302215,-0.007209049695370146,0,1
0.004118524378379761,-0.008159770178441394,0,1
0.003555152374463669,-0.008539724324667982,0,1
0.003283262375071442,-0.007887958296622529,0,1
0.00343473256765835,-0.006939462896725881,0,1
0.004186101380068711,-0.007353102974069314,0,1
0.0036935421813056157,-0.0071123800342362134,0,1
0.0038117630052267957,-0.008855519675511223,0,1
0.0028518093275795384,-0.008606627585909429,0,1
0.0030652005197753375,-0.007474074649844835,0,1
0.0033577191773129225,-0.007880778746820704,0,1
0.003274172435158096,-0.009864613094521694,0,1
0.0036671128761391015,-0.006712881626766526,0,1
0.004267148356742717,-0.0040328369120633915,0,1
0.003603880419198693,-0.007941395577881464,0,1
0.0031339258992078363,-0.007000579865583168,0,1
0.0030091133424299974,-0.006582370239269405,0,1
0.0024786423078372068,-0.007684776757397307,0,1
0.0049123112617364744,-0.006951753024028768,0,1
0.0031926585626966732,-0.007151724785188301,0,1
0.0028755252810790002,-0.006681970702830126,0,1
0.003905966441997984,-0.006824181677089964,0,1
0.002554002209331735,-0.0059188873273050705,0,1
0.0036943987425269655,-0.007195354226583373,0,1
0.007412884471538858,-0.006548969167150164,0,1
0.001396142416442135,-0.006915856971802791,0,1
0.003228942267490825,-0.0075823041935084165,0,1
0.0036176000640153185,-0.00492376713325117,0,1
0.002976477685981245,-0.007308148880564434,0,1
0.0031004300933928537,-0.006735857388998592,0,1
0.004011020266140798,-0.006672246304034112,0,1
0.003003929081497972,-0.008591091054528854,0,1
0.003281967933220823,-0.007788299891497281,0,1
0.004809612413460804,-0.007394575086367496,0,1
0.004029933144005343,-0.006984086450608188,0,1
0.002609747489953204,-0.007247558327882388,0,1
0.0035483295204154375,-0.007260847999203712,0,1
0.0036756177839253512,-0.008635899910840059,0,1
0.005135872428396499,-0.008605665236110272,0,1
0.0024852460626094627,-0.0071219154633119595,0,1
0.002076135616274679,-0.008583361067816096,0,1
0.006244548280586368,-0.005639182851338217,0,1
0.003629883582294075,-0.007857245756247543,0,1
0.0015863930959325598,-0.008320419413621776,0,1
0.005720966909960456,-0.006749674051974824,0,1
0.0038847722765684538,-0.007639952738118131,0,1
0.0029610555793905405,-0.007698309250103067,0,1
0.004105219028991075,-0.0066299631096605,0,1
0.0031648184736021543,-0.006190695789208462,0,1
0.002626461504607188,-0.007175029970083264,0,1
0.0022094057563411262,-0.00812215532499481,0,1
0.004779319305916926,-0.008205730296165632,0,1
0.0038480965158156047,-0.008710842180293176,0,1
0.0024157535875223364,-0.007193749728574411,0,1
0.003152533622568638,-0.00611916456846101,0,1
0.0020303483831374323,-0.0066443503911706855,0,1
4.4770489881491496E-4,-0.0064153596471256255,0,1
0.0029486683226620804,-0.007950385149283892,0,1
0.002277108126843264,-0.006440592982122521,0,1
0.001675239541361979,-0.007540726044759616,0,1
0.004036243925170506,-0.007061409535200087,0,1
0.003540739901264497,-0.008171991806198934,0,1
0.0031661867430326156,-0.007697191069528177,0,1
0.002792894949214661,-0.007074526232808068,0,1
0.0027084394875568547,-0.006985901139917882,0,1
0.003923402537969872,-0.004572771528690183,0,1
0.001939328146137784,-0.009757705687057812,0,1
0.0015410365734621191,-0.007679089606004765,0,1
0.0020193768180749153,-0.00617931719805993,0,1
0.0049572818310375695,-0.0069603367837851775,0,1
0.0043277875801603,-0.007376550055120003,0,1
0.002209724169113756,-0.0035752926482045654,0,1
0.001870023834821784,-0.007070762691604484,0,1
0.003475449567920581,-0.008393184017134072,0,1
0.0026927112413863362,-0.007162655688705015,0,1
0.0022936271434631896,-0.004135420831393058,0,1
0.002592558269468789,-0.007678125977393571,0,1
-7.33546185772398E-4,-0.008556618461151884,0,1
0.0039304009106396936,-0.00680505897472455,0,1
0.001836343330197112,-0.007819357003973413,0,1
0.0027173436388900777,-0.0062086558793419495,0,1
0.0013114866802837893,-0.006455120574972282,0,1
0.0028442989114927375,-0.006726544359438535,0,1
4.57142936955067E-4,-0.005969378243533683,0,1
0.0023136187360159517,-0.00684286677453216,0,1
0.00913932317778862,-0.0021454689494098365,0,1
0.010519079907371309,8.086763131462758E-4,0,1
0.0099273535760407,-3.014817649166838E-4,0,1
0.010431692010952166,-0.00305210627498412,0,1
0.008740810260090801,-9.766937008059353E-4,0,1
0.00807287314879634,-0.0034590971587732727,0,1
0.008837826762674162,-3.4510110937557696E-4,0,1
0.006724197854874605,2.807112408849762E-4,0,1
0.01012053205729557,-0.0016206461292892452,0,1
0.010775137145059848,-8.781462839724164E-4,0,1
0.010961945431582028,-0.0011504889932604575,0,1
0.012488824392989104,-2.895345656125434E-4,0,1
0.010832656335434818,7.636178097666701E-5,0,1
0.010960196815203861,2.715617436149833E-4,0,1
0.009614399577465755,0.0029147427966993177,0,1
0.011099525970639268,-5.795471022419053E-4,0,1
0.013255229745265705,4.987828581078832E-4,0,1
0.01197051141094502,0.0035498664675335965,0,1
0.01072218492263494,-0.0016642311672674722,0,1
0.009354717375988262,-6.265380070101884E-4,0,1
0.007571903272355638,-7.441348320746098E-4,0,1
0.010882142923656203,-7.121489697586512E-4,0,1
0.009626684153883253,-1.1946166152251057E-4,0,1
0.009879930049167027,-0.0038612825275877363,0,1
0.01033788004330622,3.2751038207779056E-4,0,1
0.009603920642197838,5.741081611224946E-4,0,1
0.01285723788981127,0.001343310930185711,0,1
0.01048302567434393,3.994750626438765E-4,0,1
0.012946999034891398,-0.0014344264522988045,0,1
0.009945050755658947,4.0886919896177004E-4,0,1
0.01159479782486424,1.9947598991203202E-4,0,1
0.011911906180060251,4.5197041485863177E-4,0,1
0.01208863150603017,4.4805088324549364E-4,0,1
0.011465603783800127,5.116020853555444E-4,0,1
0.009178332776627957,-0.0024782407809406507,0,1
0.009229966151025336,-0.0013778249835997966,0,1
0.008914666479754755,-6.413366569032122E-4,0,1
0.01113456035333878,4.6098614906504983E-4,0,1
0.009990094727958813,-0.0010600926798040751,0,1
0.010619690424413152,-3.2333517889905514E-4,0,1
0.011073807760846373,-0.0019590498285249453,0,1
0.011528849294113104,-0.0025790681176046885,0,1
0.011543082366587546,-0.001110823316553074,0,1
0.011823432749618707,-5.571576797078827E-4,0,1
0.011383129265192922,0.0012325861812289968,0,1
0.010976180586094005,-0.0015925057686453875,0,1
0.010914204850784889,-0.003304250158101941,0,1
0.012712451759050555,-3.5037793690788387E-4,0,1
0.011551030578816181,0.0013823421829984145,0,1
0.01014642916167387,6.66615013681901E-4,0,1
0.009205282986801188,-0.0015191562594380212,0,1
0.01072370514974489,-0.0020143522223658615,0,1
0.007955769211379507,-0.00206038455574357,0,1
0.008878046677294403,-0.002196123540656005,0,1
0.008805065727092986,-0.00190983443639523,0,1
0.01040167755560193,-7.812208436081539E-4,0,1
0.01066822426142383,-1.801640243546725E-4,0,1
0.009873483651898805,-2.2832277028384334E-5,0,1
0.009729842677706909,-0.001032147347635491,0,1
0.011346270905029631,-7.398172279576634E-4,0,1
0.010622791687958004,-8.376525004516824E-4,0,1
0.010767648779594123,-2.603501194307983E-4,0,1
0.011556265225464117,-3.6027225282400866E-4,0,1
0.01229014495930019,2.081246010052476E-4,0,1
0.012673597333352049,-3.299879229968894E-4,0,1
0.008777287366289835,-5.221825687994053E-4,0,1
0.009470757952592439,-0.0028882422361201344,0,1
0.009613552899321027,-0.0016257749916839164,0,1
0.009676411131610146,-0.0013829204107343944,0,1
0.008679388035059722,-4.3408598020107836E-4,0,1
0.010953999025544111,-0.0018445540543274447,0,1
0.009734259089074817,-0.001557084629080776,0,1
0.009960710767923582,-0.0014349958669329092,0,1
0.01027052756808867,-1.6598882534824366E-4,0,1
0.010247000396410032,-8.437646804373974E-4,0,1
0.011261365755888415,-4.224735796237038E-4,0,1
0.010953106511624565,-6.12240332958837E-4,0,1
0.012456692726661844,-7.215950643619266E-4,0,1
0.011503319530567505,3.989967632893204E-4,0,1
0.012247375136135557,0.0018003961129330567,0,1
0.009899732039903847,-0.002031683928693378,0,1
0.009125760824852266,-0.0016092039912420058,0,1
0.009332161967430558,-0.001427551638995756,0,1
0.009825662902801104,-0.0012354331610839313,0,1
0.010053173559878921,-0.0010115079212054362,0,1
0.010039956186418897,-8.079530325706848E-4,0,1
0.01133371331023066,-0.001063894590421191,0,1
0.011049235682188368,-0.0024118681805759376,0,1
0.010001442193261205,-0.0012876773193494723,0,1
0.011245551578222452,-0.0011727523803906487,0,1
0.011081722647825235,-3.951909012485708E-4,0,1
0.010484995081870405,5.18348818420951E-4,0,1
0.011194704322395626,-6.118701734835857E-5,0,1
0.011756837070325259,-5.953972286887576E-4,0,1
0.009385965558635592,-0.0017719692553291634,0,1
0.009690708969840813,-0.002327461591851484,0,1
0.008766339448667188,-0.0017929216130378397,0,1
0.00986962946194638,-0.0011566559863788778,0,1
0.011263366799615215,-2.9942507854066125E-4,0,1
0.011811023414199331,0.0010222139861104534,0,1
0.011756112363292664,-0.0035902495521798,0,1
0.01015702470420742,-7.473550594066778E-4,0,1
0.010370069207960733,1.3201800854884324E-4,0,1
0.010582337051047315,-0.0027144621166463228,0,1
0.011356797163835685,9.357176766070202E-5,0,1
0.011734959172579074,-6.239495611158467E-4,0,1
0.011798194526249748,-9.174168585215984E-4,0,1
0.013065493521025158,-5.700291771845113E-4,0,1
0.012856943501651126,-8.837006186676652E-4,0,1
0.010269172132217967,9.90566118671156E-4,0,1
0.008490230726298476,-0.0038229187721949254,0,1
0.009464332027712304,-0.0010145139535592982,0,1
0.011973770434974268,-0.0017355526366874111,0,1
0.0117270597782482,6.937884050730157E-4,0,1
0.00981736773640372,-0.002049734311797255,0,1
0.011201114063239233,-1.9982267523471698E-5,0,1
0.011752473116293754,-7.451314302030883E-4,0,1
0.010739855389155667,4.353190024283782E-5,0,1
0.010862104057759673,-1.546004636141495E-4,0,1
0.011639746647432957,-0.0015353633033471897,0,1
0.010944577678466492,-2.8445074861839433E-4,0,1
0.01202278058277538,1.6871003134912957E-4,0,1
0.009938867155692876,-0.0022310388515157766,0,1
0.009151188619182155,-4.202302635748556E-4,0,1
0.00993697561260984,-0.0024387408811280325,0,1
0.011341542502838942,-0.0012734644676834993,0,1
0.010416021155204598,-0.0014410512243137096,0,1
0.010281967587159645,-0.001996664173025944,0,1
0.010734628748991218,0.0014249667363408164,0,1
0.011288042249451727,3.633158705930526E-4,0,1
0.010461613891848647,-0.001382407133517947,0,1
0.010588825067517363,-5.807446927641579E-4,0,1
0.009258992062588919,0.0012593565825351205,0,1
0.010607708216539755,-0.0014036431579682077,0,1
0.012002735403155279,-4.8053711306470545E-4,0,1
0.006640196942018337,-0.002824164000989797,0,1
0.011784616135706093,-0.0013160140054521517,0,1
0.011260459210350425,-0.0015841227325153965,0,1
0.010478258657606869,-0.001493843455592897,0,1
0.009183285292764458,-8.815943016692078E-4,0,1
0.010254332161436583,-9.016680794691928E-4,0,1
0.01075746890686661,-0.0014411294715412594,0,1
0.011195747840339155,3.435219104000235E-4,0,1
0.01110148128237245,-0.0012779789259985761,0,1
0.011536357369696805,-0.0015665286152177868,0,1
0.012245250808639956,-9.299339190350483E-4,0,1
0.010865795159359856,-0.0012147553201028681,0,1
0.009702017027287835,-0.0022753134351145943,0,1
0.009878966399860892,-0.002330707536234391,0,1
0.00918182764905341,-0.0018085048744906293,0,1
0.009818824590028835,-8.228825565307845E-4,0,1
0.01099230585344953,-0.0021788565770642083,0,1
0.010101361806906543,-0.0016167678207977337,0,1
0.012987843881977124,-0.0019203433813798445,0,1
0.011268119425982263,-0.0016230662183474597,0,1
0.010094422232532691,-0.001783998860732064,0,1
0.009287095731968368,0.0010755864223399765,0,1
0.011748920855782235,-1.6121455251120464E-4,0,1
0.012451483655425026,-7.77815103499546E-4,0,1
0.011351674421941906,-0.0010268098472425242,0,1
0.008883267082867817,-0.001721659271652444,0,1
0.010189048713573696,-0.0018802211757687614,0,1
0.010617413787256022,-0.001622368190433435,0,1
0.01047230083022309,-0.0014008371038135062,0,1
0.009209511725740548,-0.002029380923846979,0,1
0.011358051300225701,-1.6468106799736952E-6,0,1
0.012731884463460139,0.0010871319538900547,0,1
0.010929868482478436,-0.0013281239874466985,0,1
0.011276097718086258,-0.0011022189635788093,0,1
0.010637323472186776,4.4715154211640387E-4,0,1
0.010515311995796599,-7.864317651799946E-5,0,1
0.010145537870995676,-0.0029561388997691768,0,1
0.010538749872378067,-0.0025204667702231976,0,1
0.010263258936513807,-0.001003575862273826,0,1
0.011773589790979797,-0.001350853717350738,0,1
0.010242924073068014,-0.0014067036400229886,0,1
0.011350198318425575,-0.001307612621384933,0,1
0.010818104719001876,-0.001315144045612386,0,1
0.011240739645528098,-0.001493470309712772,0,1
0.011433575574163012,-9.420271294443474E-4,0,1
0.011491379794832599,-0.001046540381738802,0,1
0.012853474335735351,-0.0011889863904111166,0,1
0.009820935501843596,-0.002072033631246592,0,1
0.009845738156416378,-0.001739866191653228,0,1
0.010915868865064748,-0.0013304711173832827,0,1
0.007778777228048274,-0.003479824926235302,0,1
0.010744618348429828,-0.0031381088739966152,0,1
0.010603322159166591,-0.0012314843298467026,0,1
0.011265193075005306,-0.0018847004993625945,0,1
0.010720953880738852,-0.00160094979832624,0,1
0.01025278049286245,-0.0015873606690385727,0,1
0.011852554024714263,-0.0010151417379996347,0,1
0.012482638604801553,-0.001264720340995243,0,1
0.010658212219506977,-0.0012379309771676267,0,1
0.010325306728888567,-0.0021033051999633265,0,1
0.010500220527314863,-0.0021371554040464998,0,1
0.009250486563708523,1.542690640709849E-4,0,1
0.010185625812803504,-0.0015620811236084393,0,1
0.010892689998970789,-0.0017730595471745884,0,1
0.011204488554532021,-4.847858868415541E-4,0,1
0.012979299775419388,-5.196683709004182E-4,0,1
0.01256202864103761,-0.0013822862415629371,0,1
0.011702950816378123,-0.001233620537037623,0,1
0.008761922258746639,-0.002620716233342191,0,1
0.010091574999100066,-0.0018547089769196693,0,1
0.010069691376952586,-0.0023366502877075206,0,1
0.010850144241696193,-0.002128990223869663,0,1
0.012960018328013684,-0.0011354047425498693,0,1
0.011880762687769655,-0.0025653751594268163,0,1
0.010935560978818924,-0.0012093509664596047,0,1
0.008341581292118084,-0.0033175493597598547,0,1
0.011179663703312658,-0.0010018392364992917,0,1
0.011004945889117733,-0.0022117582360942026,0,1
0.010328824818850049,-0.0023629124649084585,0,1
0.010004964500091702,-0.001214889769322848,0,1
0.010539779075149728,-0.0019776776044649544,0,1
0.00905633597573493,-0.002381394241073572,0,1
0.011056906595950313,-0.001819838538080481,0,1
0.012535765061870907,-0.0012788785518239904,0,1
0.011338973842261249,-0.001544201442234911,0,1
0.010740473161555306,-0.0011234750331073542,0,1
0.011843247746134208,-9.861092326983588E-4,0,1
0.010198925631324064,-0.002280256147211896,0,1
0.010763546588507547,-0.002120037552489286,0,1
0.010171689615331088,-5.763345773380617E-4,0,1
0.011043680289124612,-0.003289269623623794,0,1
0.012122603100636172,-0.0025392132890238806,0,1
0.011916646039868905,-0.003041474967866604,0,1
0.01148407034783652,-0.0017252898303896718,0,1
0.011497179847765715,-0.0014717548463948722,0,1
0.01172432579607641,-0.001315951190048617,0,1
0.010309970304641527,-0.002393541213790024,0,1
0.010760771660704466,-0.0016229011593986524,0,1
0.011509706580275416,-0.0020236796120773172,0,1
0.01215130933971984,-0.002542777146281542,0,1
0.008832884602465322,-0.0046351034149409095,0,1
0.011767060389965285,2.9674934348414045E-4,0,1
0.011592746880362164,-0.0014564221432548314,0,1
0.012993625173669003,-0.002719711104367872,0,1
0.013116525678212717,-0.0022775085440430052,0,1
0.011138110693517493,-0.002468265738257297,0,1
0.01028992798503157,-0.003027848513193161,0,1
0.012048398581583951,-0.002978239890345444,0,1
0.010931499528258724,-0.001894243923317005,0,1
0.010812890389593079,-5.654168302983597E-4,0,1
0.01124808436223644,-0.002622460796792617,0,1
0.01326296203738431,-0.002370145643749379,0,1
0.011641257603483335,-0.002946351332728639,0,1
0.009303495703429233,-0.0020167562961403073,0,1
0.01084312400845821,-0.003692526686007718,0,1
0.012119107934017681,-0.002453440822876155,0,1
0.011996272945669635,-0.0019920431077799514,0,1
0.011060943710530452,-9.847968817332563E-4,0,1
0.011581404715971624,-0.0014222701837377262,0,1
0.009016531823846,-0.003259214930928982,0,1
0.013902992306974702,-0.003632160161600559,0,1
0.010082828977180928,-0.0010330987001102522,0,1
0.007735070773926015,-0.002430462233665031,0,1
0.011426006259885158,-0.0030292962203060055,0,1
0.010946282022824461,-0.0022462754365982214,0,1
0.012218790931865862,-0.001912866791302262,0,1
0.009462284530438363,-0.002654608922925172,0,1
0.011726149818629465,-0.0023424296343720866,0,1
0.009733515358180407,-0.002690907217423185,0,1
0.011287113087687114,-0.003632443174523194,0,1
0.010552606368182097,-0.0022713625470096865,0,1
0.011455119703499385,-0.002078673366280869,0,1
0.011820850626202802,-0.0017893259588765036,0,1
0.009386287504771527,-0.0034921831514392264,0,1
0.010365851414297626,-0.0021813185069429366,0,1
0.011235451587980842,-0.002264068159958352,0,1
0.011583617569826564,-0.002215131082658562,0,1
0.012011587732248585,-0.003985494084982857,0,1
0.010648240082842151,-0.0027404652310250026,0,1
0.010947802106845551,-0.003275684403835939,0,1
0.011489145615722757,-0.0022642408140479565,0,1
0.011349032181845376,-0.0024280224232367327,0,1
0.011014872203704621,-0.0015849817983346157,0,1
0.011369132246616861,-0.001525826422580035,0,1
0.010725479499558294,-1.4678913307827201E-4,0,1
0.014921765593146863,-0.003475864653008878,0,1
0.012066904763048097,-0.0021345352978795924,0,1
0.011497368730351334,-0.0024073951692196614,0,1
0.013114069976883164,-0.003750736544351774,0,1
0.010914664916213613,-0.004922948782337809,0,1
0.012791618081678325,-0.004169480064938079,0,1
0.008918599173115334,-0.0012617161539916558,0,1
0.009628829764331746,-0.0016972196484684528,0,1
0.012035050229062972,-0.0027637410823678735,0,1
0.01280820325792434,-0.005761517525496995,0,1
0.011366485872210274,-0.003971118307850865,0,1
0.010860494521312767,-0.0017103111133040406,0,1
0.010956914916881454,-0.004857913056937422,0,1
0.011266763692032439,-0.0020201221355768276,0,1
0.008957929492940308,-0.003495534103509198,0,1
0.012017581257150032,-0.0018478148612119001,0,1
0.011782307315779334,-0.0026261240729723084,0,1
0.012125324777500699,-0.003516458894866068,0,1
0.0122097048241062,-0.0015267580154101077,0,1
0.01134738600419837,-0.0031355308407326954,0,1
0.011729010369550727,-0.003191684612671546,0,1
0.011659399138999986,-0.002757118271694132,0,1
0.01122542069131704,-0.0024158614665783064,0,1
0.01151418028629775,-0.0030675009565080806,0,1
0.010575462758775158,-0.004112019598854863,0,1
0.011692658816910121,-0.0033078049569005047,0,1
0.012038720733291904,-0.0038033453881470324,0,1
0.008360652182101906,-0.001623200240554574,0,1
0.010544489165960772,-0.0032450246318123164,0,1
0.010055562018989923,-0.0011147578715768912,0,1
0.007938595060041497,-0.001566331297925137,0,1
0.009326586155165364,-0.0024233806679626354,0,1
0.012506652231922499,-0.0033679746266449193,0,1
0.012000700002434691,-0.002426416577964686,0,1
0.0102575924584123,-0.002100958625042905,0,1
0.011657980793210537,-0.0027947121167131985,0,1
0.010473206146200087,-0.002206951504306388,0,1
0.010813312725951842,-0.0026299815184375854,0,1
0.011516012837292805,-0.0026073781363591592,0,1
0.011830222191944082,-0.00332418437100222,0,1
0.011654215149785607,-0.003968374127661028,0,1
0.011495187284781746,-0.00288486900339067,0,1
0.011352001456826823,-0.004527695753995171,0,1
0.010818989307498895,-0.005405232379720888,0,1
0.009226013759300156,-0.0012268553910066429,0,1
0.008801287797040421,-0.002074290153692357,0,1
0.00833856331565149,-7.776204737343795E-4,0,1
0.010429525890471301,-0.003307366316773685,0,1
0.00982704841592596,-0.0020893421023606843,0,1
0.008293926102627344,-0.0014964556885105084,0,1
0.00906280557370524,-0.0048058512785826265,0,1
0.008344633404093417,-0.0028363970125134625,0,1
0.010635851926693649,-0.0029823869864378898,0,1
0.010324411303565031,-0.002859458906520064,0,1
0.01072007880831401,-0.0032956658220913127,0,1
0.011611663412022544,-0.004046822653409455,0,1
0.012822289135856767,-0.0031152906323923604,0,1
0.006407736309785564,-0.001674416955535207,0,1
0.008396224964222434,-0.0024935349685877616,0,1
0.009147991689720672,-0.0019896201289746744,0,1
0.010428007724824596,-0.001967753635444411,0,1
0.009918199637796438,-1.9624704037323498E-4,0,1
0.00966008077366902,-0.002177651866890432,0,1
0.009627037634784917,-0.0014734570530696817,0,1
0.009750834231015694,-0.0017137654002172095,0,1
0.009492308846796237,-0.0028031814481285677,0,1
0.011831236846213608,-0.0038448866105895135,0,1
0.00957625119997907,-0.004970608622243007,0,1
0.009248933591383252,-0.003061752082283394,0,1
0.010822501629132737,-0.0033084589466775088,0,1
0.010154157223937853,-0.0037096602034349187,0,1
0.010274899988631923,-0.0030376359194502094,0,1
0.009568611233047771,-0.001751791940249712,0,1
0.009827062782721383,-0.0024007617490637637,0,1
0.009394608216317216,-0.002212438809657359,0,1
0.00910729877663942,-0.0031236429987759823,0,1
0.00909998787323624,-0.0027791188859460666,0,1
0.012659589217972571,-0.004137211722079646,0,1
0.010032091891908788,-0.0025855717599975827,0,1
0.01102097729938187,-0.0035964390943538857,0,1
0.009457588667255965,2.63372096864301E-4,0,1
0.011364363813495324,-0.0035284341447208165,0,1
0.010430417553590284,-0.0022758361813582356,0,1
0.009191035540200584,-0.0044405529313036015,0,1
0.011413514845265241,-0.0038184493002810255,0,1
0.011299043051833881,-0.0020261322321279275,0,1
0.010542892410691696,-8.137620912022568E-4,0,1
0.009913297271523002,-0.0015538359775089856,0,1
0.008606185177769761,-1.9301459691036196E-4,0,1
0.00937893302801329,-0.0018153240436381932,0,1
0.01027287631619312,-0.00215437379887282,0,1
0.0101521604016669,-0.002477033100101564,0,1
0.010470009614046816,-0.0032075576905726353,0,1
0.009922406693120403,-0.0028173858432448268,0,1
0.010275503945290705,-0.002762828679441112,0,1
0.010858548373469697,-0.002167981823227027,0,1
0.010451832330801469,-0.0025497891738427117,0,1
0.011048847344264234,-0.003865210430118496,0,1
0.012136567575734199,-0.00563471522725926,0,1
0.00974671883556128,-0.0015609912960503508,0,1
0.008761425321199742,-0.0017225063720998474,0,1
0.009511333445471637,-0.003712734307297931,0,1
0.011526886475452197,-0.0034147692861308115,0,1
0.008432789753307409,-0.003880215169778778,0,1
0.009715704028068418,-0.0028630334418463005,0,1
0.010290984443784044,-0.0026865787050405644,0,1
0.009862989229028488,-0.0023097272161342205,0,1
0.010241716967000096,-0.003731571326705319,0,1
0.010544549395950006,-0.00317123412016535,0,1
0.012525086707930231,-0.0012292111080309757,0,1
0.010709734880614455,-0.003642524710780617,0,1
0.009202181611634023,-0.001885975764439307,0,1
0.009667512827020885,-0.002484986592150791,0,1
0.008870359421604045,-0.0010757529423168052,0,1
0.007553725915440188,-0.001708370620741719,0,1
0.008737771309955525,-0.003983931409475813,0,1
0.010108102234361573,-0.003524111559272305,0,1
0.009555049680334588,-0.0025703600087348976,0,1
0.010581906904355015,-0.0034717362812264237,0,1
0.009985365231826637,-0.002044261927193142,0,1
0.010178474787239216,-0.0035284638434660083,0,1
0.009280902933638188,-0.004521810297439165,0,1
0.011385225937170288,-0.004484706867415444,0,1
0.01177910628100487,-0.003966235017435308,0,1
0.006960292519269636,-0.004448107057746199,0,1
0.008649304655261206,-0.002288560447234748,0,1
0.008688992183858341,-0.0026341691663519656,0,1
0.009111815168343172,-0.0024911961987780897,0,1
0.010448228048273039,-0.002500711751912672,0,1
0.010051297420875852,-0.0015161803648803035,0,1
0.009881945889921567,-0.0029280363531684708,0,1
0.009996867386764067,-0.004095105321274715,0,1
0.010238184871730279,-0.003463835124445481,0,1
0.00909739381998641,-0.004153134475947776,0,1
0.011826671173405322,-0.004426135281023821,0,1
0.008791779807030754,-0.0036803313489354025,0,1
0.008557004977331483,-4.750785876231819E-4,0,1
0.00955128415670569,-0.002053978911824708,0,1
0.011120277997604807,-0.0024584806432426283,0,1
0.008189209569013148,-0.0022022330985601514,0,1
0.009528301100061072,-0.002967549819750613,0,1
0.009305893357804176,-0.0029127958405095445,0,1
0.009099524133156237,-0.0036558142858692786,0,1
0.009837183173082534,-0.002767196775943591,0,1
0.010327141167456757,-0.0021230114507589217,0,1
0.009498393942465337,-0.0019316852824620308,0,1
0.01262031015169945,-0.006160958997584403,0,1
0.008273739740396165,-0.002245280834750903,0,1
0.009055241556897232,-0.0034262027804105337,0,1
0.009702279192653413,-0.0016035631389950745,0,1
0.00916324560874985,-0.0028727910553586066,0,1
0.007308190596201669,-0.004865959916526237,0,1
0.010039217842421039,-0.003265824167043669,0,1
0.010399445962400432,-0.0032151533283422376,0,1
0.010494169803666437,-0.004979833245980181,0,1
0.011708832056179529,-0.00342080239347486,0,1
0.009928646300785658,-0.0036849326179989143,0,1
0.011626848929245233,-0.006234905916246278,0,1
0.009128687712346574,-0.0018134871592080978,0,1
0.007635018832025902,-0.0017004480442048826,0,1
0.007996497792800228,-0.0037668436884940796,0,1
0.009092795311165025,-0.00285838403309367,0,1
0.009306962908340434,-0.004772703568996687,0,1
0.010938268185234617,-0.0014363837754376289,0,1
0.009757823184972448,-0.003281710939850594,0,1
0.010834984174514018,-0.003711147740341325,0,1
0.011124095465670978,-0.0039205328393677906,0,1
0.010070389430838544,-0.0034375388352208542,0,1
0.011300858314682487,-4.272770197938529E-4,0,1
0.009432204411571587,-0.0035412535249562315,0,1
0.00960937545084308,-0.0028090039929712187,0,1
0.00935005879127152,-0.0013021023778652667,0,1
0.008452177155239228,-0.002833304565837167,0,1
0.009469141966560037,-0.0031147867399660715,0,1
0.008669234538486838,-0.0031442170192881322,0,1
0.009510171185962578,-0.003459392167148503,0,1
0.008940004300321398,-0.0034008917762265484,0,1
0.007159487560439251,-0.0016884348542903103,0,1
0.009732121559285212,-0.0038600695278612762,0,1
0.009278114759779696,-0.0024439449457346156,0,1
0.00840682092459256,-0.0027103761538935706,0,1
0.008399507619748172,-0.0037186053039665926,0,1
0.008834728058126783,-6.090594232655208E-4,0,1
0.009964654319511082,-0.004951751323473976,0,1
0.009568116237969887,-0.004744734330673654,0,1
0.010176797424864064,-0.0028478112500614034,0,1
0.008593151075371551,-0.003954303898708136,0,1
0.01121124692315014,-0.0033219619639850966,0,1
0.0102459351424076,-0.00391930869866453,0,1
0.009285524268956489,-0.0026022752590351443,0,1
0.008331386082429589,-0.003030465622893204,0,1
0.007461792619169541,-0.006350849659156841,0,1
0.009752298695286153,-0.0033897632272675963,0,1
0.009989476930997263,-0.003870651450814131,0,1
0.008471080121556717,-0.0024239943690585247,0,1
0.010187684608966128,-0.0040697961867949915,0,1
0.009623713499920352,-0.00479375783442858,0,1
0.01084655711983506,-0.004008981189372387,0,1
0.008849484337060775,-0.0029261311478747808,0,1
0.009045675743554018,-0.0030735201824405763,0,1
0.00897661061224176,-0.0032303964830571984,0,1
0.009248645737625918,-0.002964366846736961,0,1
0.009661062472924056,-0.0033293134879975876,0,1
0.009388790744839698,-0.005640577777604447,0,1
0.010751550279903817,-0.0035289876811820313,0,1
0.009928716425144228,-0.005238787407092018,0,1
0.010585609102024957,-0.0043087112679371905,0,1
0.008690165264355674,-0.0028635711158209697,0,1
0.00822635284496371,-0.002517271493582219,0,1
0.008815810912094171,-0.0032129588943349773,0,1
0.01234768531251707,-0.0021594933901832275,0,1
0.01059081568910241,-0.00435210795746954,0,1
0.010017104029133101,-0.00453123384392004,0,1
0.010009853093594978,-0.0024067766280008777,0,1
0.010807574802579671,-0.0036595391069154473,0,1
0.00927609088763821,-0.002604592791702957,0,1
0.0075691169748241865,-0.003346372212245668,0,1
0.009257752974530884,-0.003520485748989907,0,1
0.00884831634995036,-0.0037401007086914394,0,1
0.010342525143978345,-0.0022129686276739285,0,1
0.012285023388750945,-0.003973172661513123,0,1
0.008259048008029622,-0.0016639133643562146,0,1
0.009905280277110566,-0.0038465090931797214,0,1
0.008340684013696108,-0.0030467149928903297,0,1
0.009064266262365747,-0.0020729211171811295,0,1
0.010704321734048136,-0.005624404881716497,0,1
0.00678372414319132,-0.0024577680215504653,0,1
0.008511280330272169,-0.00509928382470677,0,1
0.010057629580559516,-0.004758177769275943,0,1
0.009780874498423187,-0.0037375667247181677,0,1
0.009443627147216376,-0.002953247367820098,0,1
0.009386667356368752,-0.003363109967416242,0,1
0.00796493466024285,-0.00304363117428919,0,1
0.008895442985861101,-0.003581800764207229,0,1
0.009124394350786538,-0.005286516352012027,0,1
0.008626850720049102,-0.00483887795735736,0,1
0.011923587048505433,-0.0027696916145272645,0,1
0.008670457204070982,-0.0027229524696169576,0,1
0.01054917674115595,-0.005189222817206959,0,1
0.009026217031002237,-0.0037433753574770317,0,1
0.008743775823342336,-0.0036345176944281386,0,1
0.009354103246128865,-0.0039046983763857033,0,1
0.009352867195085688,-0.0036190107616370522,0,1
0.008552800359839935,-0.0034043797832352517,0,1
0.007583257116186015,-0.004187854680336382,0,1
0.008513942931761831,-0.0038956042451073957,0,1
0.008902531317631072,-0.003969237195122229,0,1
0.007868570534471084,-0.003016190877806611,0,1
0.009285694978861413,-0.004015621811650722,0,1
0.010616461683494852,-0.0037593608992816186,0,1
0.008036816438556527,-0.0022921241834840947,0,1
0.010371574683024217,-0.004792866717368405,0,1
0.00946324906883536,-0.003940013515373896,0,1
0.009179448908564968,-0.0020188415950703337,0,1
0.008187116033121413,-0.0029392008225803427,0,1
0.008626524288659619,-0.0038526471475845373,0,1
0.008007826030469584,-0.002906681218546006,0,1
0.00789651425913478,-0.00340876185829619,0,1
0.008860173548253894,-0.004407114664488523,0,1
0.009415370375839931,-0.004571659166455537,0,1
0.008859895967828971,-0.0031404634558428886,0,1
0.010129856045995884,-0.002387672491633579,0,1
0.006959407278144826,-7.239004706212573E-4,0,1
0.009550486815997034,-0.0027849212080358326,0,1
0.00893286758671787,-0.003586453108943001,0,1
0.008384004012131753,-0.0035296782438355274,0,1
0.007465945866012462,-0.005938124440984839,0,1
0.009964873817796552,-0.004889945591095224,0,1
0.008262561200462402,-0.0036704912646405336,0,1
0.008832239918266012,-0.0038453385968044897,0,1
0.008372146662848341,-0.0038453669541028117,0,1
0.007876394224477164,-0.005474291539978548,0,1
0.009708881591638024,-0.0031391406862047023,0,1
0.008309843609721139,-0.0030459334050683576,0,1
0.009518292157751759,-0.004102043237555328,0,1
0.009033800178368207,-0.005009608723885196,0,1
0.007648365324588148,-0.003248595656752323,0,1
0.008570224282400079,-0.003625509098809029,0,1
0.008763054523637456,-0.004170151109996833,0,1
0.007747771041061242,-0.002142165302238439,0,1
0.009734199634417724,-0.004474840610290822,0,1
0.00896568618070921,-0.0033511367337187344,0,1
0.007724306313718178,-0.00419513692993902,0,1
0.010464743542575818,-0.003577534983330095,0,1
0.008109593635966167,-0.004075556795144014,0,1
0.007547811314246476,-0.005166365467977177,0,1
0.00831636979353092,-0.0043838517719223535,0,1
-0.0072387394047088265,0.0036782460475770734,0,1
-0.007725612144675095,0.005380084385286645,0,1
-0.007509842626379286,0.0035984226583856095,0,1
-0.006969881429490719,0.00315504674307802,0,1
-0.007843091205720016,0.002623141693594929,0,1
-0.008624266969429625,0.004239965850228996,0,1
-0.008448875031526573,0.0048366543163292095,0,1
-0.00811871836390759,0.0035008541930648387,0,1
-0.010062373786054186,0.001759219755944886,0,1
-0.007543921823616777,0.0041279313271243,0,1
-0.010509380477777481,0.004782943940205572,0,1
-0.008833069266227338,0.0032626586958919616,0,1
-0.008677999497172108,0.004290110001743312,0,1
-0.010587547622188938,0.004896840705833017,0,1
-0.009782465711574456,0.0034708251806558742,0,1
-0.009290766214036772,0.0025329445077259434,0,1
-0.009827810890566715,0.003987886780771297,0,1
-0.010442137149904612,0.0041198398223411615,0,1
-0.010704474539420512,0.004956522597056502,0,1
-0.010965685926722368,0.003395511812046608,0,1
-0.007389560209080291,0.003535377175203323,0,1
-0.006753982987194526,0.003863998645661829,0,1
-0.004493774090457026,0.005242227361026384,0,1
-0.008482075208257374,0.0034613476045318625,0,1
-0.007991650723047831,0.00348754876601384,0,1
-0.007919548512338235,0.0025569915670670016,0,1
-0.008655828318367273,0.0029760812276185696,0,1
-0.008579541249367858,0.004060802594693614,0,1
-0.009134099972749528,4.97860259412523E-4,0,1
-0.008922322952985513,0.0036639105219057233,0,1
-0.00909993421425373,0.002114559234202333,0,1
-0.0094963802121287,0.004002152418758852,0,1
-0.00970220172251714,0.0037719803773239653,0,1
-0.0095082132037737,0.003509509840576857,0,1
-0.010054654631930445,0.0035058130106114947,0,1
-0.009848345447502528,0.004336751198025861,0,1
-0.011094940730054884,0.00321913879117939,0,1
-0.009913239492579867,0.003017591315405556,0,1
-0.007089024893872758,0.0027338664148606417,0,1
-0.007211151204108661,0.0036620890702334184,0,1
-0.0068178621641179745,0.0037711438682616117,0,1
-0.007838630383247733,0.0037723064329393085,0,1
-0.008107248204507055,0.0036343743836771665,0,1
-0.007377661036816165,0.0031270064128032875,0,1
-0.008224115108009755,0.0033253366206219812,0,1
-0.009818116779427531,0.003175370309430774,0,1
-0.007877147670288735,0.0030027945199627565,0,1
-0.007547098000774501,0.002962343474530091,0,1
-0.009966191317778199,0.003797774813576635,0,1
-0.00991534601311866,0.004158339715019316,0,1
-0.011200633251073634,0.0030808316277831016,0,1
-0.010233801393682304,0.003957199265478001,0,1
-0.009677714040760196,0.006868853090702965,0,1
-0.008608368207664445,0.003984186484291579,0,1
-0.011242479775177339,0.0034156074788316494,0,1
-0.010130016144335001,0.005608814686304013,0,1
-0.006952152878571977,0.0032370120295076173,0,1
-0.007204638469439284,0.004067343306407907,0,1
-0.010303710211800291,0.005179272380414278,0,1
-0.00860372003594622,7.243971422129375E-4,0,1
-0.008634914723407518,0.0032389497709856795,0,1
-0.007846739410211313,0.0051034971991096014,0,1
-0.0075689207733896985,0.003848709793230214,0,1
-0.007673221178005285,0.0034150935732015684,0,1
-0.008714478659447678,0.004073198609496687,0,1
-0.008460602379436681,0.004557663546484615,0,1
-0.01001409258748727,0.0038109058027351395,0,1
-0.009175813681018045,0.0026487195730286166,0,1
-0.008706342012073093,0.004790594889218945,0,1
-0.009751487693206157,0.005053292389205233,0,1
-0.010662436552375094,0.0035457494866557135,0,1
-0.010644555746605708,0.0034278972233963427,0,1
-0.010161719602056845,0.004518633235132451,0,1
-0.007147131691830093,0.0041041027641853375,0,1
-0.008736952694487543,0.004022441216577967,0,1
-0.007672323041538988,0.0040252913463555105,0,1
-0.007688927845036047,0.0044532374721628016,0,1
-0.009459170658004728,0.006235794912181591,0,1
-0.009170839578461562,0.004116694446780656,0,1
-0.008445369014119892,0.002631587529657367,0,1
-0.008393837140923852,0.004779626746403132,0,1
-0.008191114641825236,0.003835083248962708,0,1
-0.01163548341313335,0.0011561028560891794,0,1
-0.008583511678701507,0.00402787396253471,0,1
-0.008851903702771408,0.004382969322590012,0,1
-0.009495367304727595,0.00390546873939488,0,1
-0.009755193250638207,0.003965100761751677,0,1
-0.009304890157688237,0.0027169199835239267,0,1
-0.009318842814288103,0.004637907171993807,0,1
-0.009981988582610771,0.003422423328777042,0,1
-0.010756219484775988,0.003518601763469481,0,1
-0.007473302528595292,0.001074037424182483,0,1
-0.007404200149967639,0.0035371706344340436,0,1
-0.00742262156682666,0.0028933392502397755,0,1
-0.00794883211587868,0.003741920626778954,0,1
-0.008831594191490481,0.004503327099699792,0,1
-0.008242651109310318,0.005431964527521296,0,1
-0.010570603593942856,0.0031768780830641317,0,1
-0.009361051218146342,0.004062088203831553,0,1
-0.0094341484562596,0.003313843485568023,0,1
-0.00857179457399812,0.0022237882601592795,0,1
-0.010274327015986223,0.003320288251096531,0,1
-0.009082302376556156,0.0058773721961601485,0,1
-0.01112945416766847,0.004470740992384608,0,1
-0.009347872313597265,0.003909590275081714,0,1
-0.01016016606398864,0.0025684370429755535,0,1
-0.010829709829313389,0.005550336269258797,0,1
-0.00952935579503957,0.0024252030988150975,0,1
-0.00901378953881897,0.002284847732373462,0,1
-0.00811082114277916,0.004128012979050837,0,1
-0.009394170834584747,0.005235009415005852,0,1
-0.007804369906227506,0.004597053989009578,0,1
-0.008279662476968519,0.004219079771061777,0,1
-0.0076373605488786545,0.005634204918405132,0,1
-0.008452584585169527,0.004353992090064616,0,1
-0.0075972536189613865,0.002565469078353298,0,1
-0.009593480504131459,0.004910403251955237,0,1
-0.009761326713280812,0.005100327587007724,0,1
-0.007392134365599762,0.004236259690393501,0,1
-0.007538708251132282,0.0038575007554584135,0,1
-0.011055907007940954,0.002994022263160029,0,1
-0.010676670390436797,0.003108000699469678,0,1
-0.010232973742898225,0.003725996515159046,0,1
-0.007816927772707098,0.005602481776728191,0,1
-0.007604889822471837,0.0031199153043999306,0,1
-0.007212909110589685,0.00318431025257513,0,1
-0.007622367404005513,0.0021919542918383077,0,1
-0.008026314137593703,0.004059609481208986,0,1
-0.008744719298230567,0.004210279538711096,0,1
-0.006898056221679876,0.003259890586066071,0,1
-0.009122579394587238,0.004079892745756285,0,1
-0.012091598920365864,0.004715770233794997,0,1
-0.011271365635864531,0.004589067427149577,0,1
-0.006522467668493884,0.0018345482602451695,0,1
-0.009764856959350445,0.00416736296274071,0,1
-0.009814957014436285,0.0041493878513000565,0,1
-0.010857065934860903,0.0033639739772926276,0,1
-0.010155312750540544,0.0035015157374449443,0,1
-0.010977219266844009,4.568961414895428E-4,0,1
-0.008265838375932066,0.005369520298412246,0,1
-0.007357310462166553,0.0016315668313548679,0,1
-0.008012900909035213,0.004690941691135404,0,1
-0.010551549580129,0.003431754134315907,0,1
-0.008709629818507545,0.0035869341807463905,0,1
-0.009310723789196632,0.005099548584028624,0,1
-0.010906761057727149,0.0029440948682981816,0,1
-0.009400720606999455,0.004539101833004679,0,1
-0.008952693416824612,0.004088590242262065,0,1
-0.008665293246396732,0.003397186099581017,0,1
-0.009221768467992381,0.005807579085431543,0,1
-0.01055272902848502,0.003835463449948722,0,1
-0.01225897779595119,0.005095780328654281,0,1
-0.0105155890018112,0.004481395840507958,0,1
-0.010949248567517935,0.003916784902896527,0,1
-0.008703662155463131,0.005578415830003196,0,1
-0.007670900794494123,0.004358691225775146,0,1
-0.004608983987481261,0.004784261582053416,0,1
-0.006615001818625225,0.005161065683864729,0,1
-0.008201134625111786,0.00431876568261008,0,1
-0.009856123151780301,0.003761644926218102,0,1
-0.008211840327259528,0.004446506392820719,0,1
-0.008032019283904717,0.00492402067771948,0,1
-0.009245571821768106,0.00567177555854591,0,1
-0.010772432601914544,0.0034465836658196234,0,1
-0.009654169744168311,0.004519101703948418,0,1
-0.010573224584201703,0.005119991550247779,0,1
-0.009000935970343186,0.002550778315561405,0,1
-0.009821017097942343,0.002997862610926123,0,1
-0.007932936709518513,0.004348161883140508,0,1
-0.006612091304360509,0.0046544128737134845,0,1
-0.007919476494090121,0.004855299673109978,0,1
-0.00884388399579782,0.004127027578084561,0,1
-0.007548760471376456,0.005212355361482918,0,1
-0.008004604509238485,0.0025841700268765602,0,1
-0.009130646781281846,0.001368684765872719,0,1
-0.006646109941655949,0.0013437032722213875,0,1
-0.008244082048437153,0.004473595396764492,0,1
-0.009933557007153298,0.005112602729145377,0,1
-0.007866106858886673,0.0039176958634886,0,1
-0.009749067874429022,0.004254616268961762,0,1
-0.00914187869659264,0.004206621225783306,0,1
-0.008679883658275076,0.00391368403158663,0,1
-0.010252737575853668,0.004887942954405168,0,1
-0.0063542172596757224,0.004063099536916921,0,1
-0.006255538357578839,0.004817639690756635,0,1
-0.009212192037050296,0.005108388108864173,0,1
-0.008302808111258287,0.004730507942631337,0,1
-0.007834857281684203,0.0035046662622202187,0,1
-0.00949448362524965,0.005401636093058889,0,1
-0.00796658996730022,0.006126829102781725,0,1
-0.007240515128140562,0.0037573730337307687,0,1
-0.009676561311993487,0.004409392462772699,0,1
-0.009532225794558615,0.003982232960285565,0,1
-0.01135953726527362,0.005871626003583721,0,1
-0.009260006642580403,0.005201475749737731,0,1
-0.009602260148255352,0.005132352477864633,0,1
-0.007966020280417822,0.00501883007653071,0,1
-0.0077476014791900095,0.004328114833637461,0,1
-0.006796020319129935,0.00538971731577914,0,1
-0.00890342887445706,0.003027272930405886,0,1
-0.008805409977520835,0.004722191286485603,0,1
-0.008509267352754547,0.004718641049411056,0,1
-0.00839599332068358,0.003459182363036234,0,1
-0.008414682516904524,0.004737615708286094,0,1
-0.009680474003358494,0.0022177122595185297,0,1
-0.00966791124451456,0.003727916165665091,0,1
-0.009323063466104894,0.005080344697597596,0,1
-0.010017463107606856,0.004657311743503568,0,1
-0.009863995816625446,0.00471715176357816,0,1
-0.008602511178739712,0.007405790902720559,0,1
-0.0073312662430245305,0.005017296862706006,0,1
-0.010291754076623156,0.006331321976194082,0,1
-0.006007109951932337,0.007572168325037228,0,1
-0.0072728655196725904,0.0050784056858646665,0,1
-0.007524728441489765,0.004720727229231157,0,1
-0.008332644388951996,0.006591934872394236,0,1
-0.009889579387370038,0.004296156491473298,0,1
-0.01035968754628786,0.00521494041852543,0,1
-0.008623518907527864,0.003957153276876883,0,1
-0.010423643591527686,0.005190147971276889,0,1
-0.008772800619165163,0.005582795082757568,0,1
-0.00937671378927881,0.004563202300431803,0,1
-0.008224203478508949,0.0054640558065808765,0,1
-0.00817056555878419,0.004738245601652694,0,1
-0.008553084370791771,0.004632591724606805,0,1
-0.008216492091273073,0.004998887729827169,0,1
-0.008386263604130327,0.004927629890299222,0,1
-0.008167025474372147,0.005409406386597268,0,1
-0.009230450336476173,0.005108362632144442,0,1
-0.00868869292741463,0.005686401772299328,0,1
-0.00887300995445202,0.007604295358580288,0,1
-0.009284961968908568,0.005126230467590288,0,1
-0.009666912199671949,0.005103783117435863,0,1
-0.007460377125677762,0.004837762299460862,0,1
-0.010092250343142957,0.005326209609676739,0,1
-0.00778756353948779,0.004663157388051942,0,1
-0.009335831263282033,0.005654498590223079,0,1
-0.0088908947350293,0.005621233983181278,0,1
-0.008492007236735658,0.004935673329333021,0,1
-0.011032343582211961,0.006992421408313115,0,1
-0.008822771889137724,0.004430190379209507,0,1
-0.011077552456159722,0.005896158095490461,0,1
-0.008847185550480873,0.004512113064143749,0,1
-0.010524168705120454,0.004530323878637023,0,1
-0.009772204199874067,0.0048797612982378865,0,1
-0.01021231786022707,0.005044168430725447,0,1
-0.007342220937748711,0.006333333554682459,0,1
-0.00882071292228754,0.003931735381720367,0,1
-0.008034763146927259,0.004730199445858432,0,1
-0.009993770791942174,0.003038430722889494,0,1
-0.006561718047722909,0.005599147406234943,0,1
-0.007092998306687847,0.0056296870196086875,0,1
-0.009126845121145451,0.005133600803543012,0,1
-0.0100090686533262,0.0039568367085857726,0,1
-0.009221717418139453,0.004526477260246632,0,1
-0.010801696568433524,0.005689386376636584,0,1
-0.011590650818333327,0.004573648108610225,0,1
-0.009152925886089012,0.005399767882759262,0,1
-0.007878320189251694,0.005001464988917454,0,1
-0.007824896106131954,0.005043172727976347,0,1
-0.00879141636793537,0.004429188479921318,0,1
-0.008451831420504518,0.004471020275102998,0,1
-0.008268788852954595,0.006326835593150326,0,1
-0.009347878893169239,0.00531649203379812,0,1
-0.009499121957631652,0.004607559041819511,0,1
-0.010242947542025314,0.004734924270571364,0,1
-0.009136378895580721,0.006184935121075762,0,1
-0.009849149110204822,0.005021576702423248,0,1
-0.00779105821929331,0.003990459361611181,0,1
-0.00809049973301577,0.004151935491168682,0,1
-0.008421910362713668,0.005538857260124075,0,1
-0.008395269897892497,0.005026843179717098,0,1
-0.00717660001113487,0.0031824908310975064,0,1
-0.009140151171037591,0.005181237756104362,0,1
-0.008050479914786246,0.005379232677534637,0,1
-0.009037660168735064,0.005225400213614443,0,1
-0.008929107104538248,0.004193736375603907,0,1
-0.010095372260842738,0.0048995873132153785,0,1
-0.009070899251141974,0.004443628166193046,0,1
-0.0077283817535539635,0.00466564996709906,0,1
-0.008089260258328923,0.0056051960900807005,0,1
-0.00886126915560797,0.004681872098063103,0,1
-0.011116405040086125,0.005063735386570504,0,1
-0.00916178563953021,0.005277479191823397,0,1
-0.010286662928215963,0.004447943765815924,0,1
-0.009314227738509696,0.005242656286391536,0,1
-0.010069607567839908,0.005844752993971635,0,1
-0.008602129885798082,0.007144686268615626,0,1
-0.007306511061181991,0.005426778990113142,0,1
-0.007554007096018316,0.005480938890019021,0,1
-0.008528795789759902,0.004177186929422962,0,1
-0.009666942559499382,0.003282784177701068,0,1
-0.008505207176672424,0.004883939906342202,0,1
-0.008724653936840654,0.003956487653110994,0,1
-0.009959962413972857,0.006226529889166008,0,1
-0.011161175488448659,0.0030896245791983707,0,1
-0.009433184948670464,0.002492697779343922,0,1
-0.011887366730466607,0.007918164617038167,0,1
-0.00810147575489537,0.005494852003140176,0,1
-0.007195944447420806,0.0023797133491004823,0,1
-0.006575999182757337,0.002781606306239282,0,1
-0.01006629041806961,0.006326194050513163,0,1
-0.010640969638198381,0.006041954072912831,0,1
-0.008983506597587388,0.005627539524737278,0,1
-0.00847794713643957,0.004325723516135585,0,1
-0.010992677487031186,0.007693079169959545,0,1
-0.009850662651860239,0.0050483619789364964,0,1
-0.007713339620491256,0.004143752745493173,0,1
-0.007781064200104247,0.005761479573240261,0,1
-0.011190395560638914,0.0028901154811552523,0,1
-0.009389895825247891,0.006199926383422576,0,1
-0.010751844556211938,0.0039632896150761905,0,1
-0.008014536855730451,0.00630222619787287,0,1
-0.012792176027565692,0.006808081076058139,0,1
-0.009116506637070098,0.004592654159345597,0,1
-0.008527358878865457,0.004142681823809423,0,1
-0.008184566187194505,0.005675077120529305,0,1
-0.008894582200686814,0.005663427820179162,0,1
-0.008972174341329303,0.005726787095471921,0,1
-0.009872429370683337,0.006280502007586045,0,1
-0.009167188301741997,0.006058084060379423,0,1
-0.009506578130582812,0.005722695124332962,0,1
-0.011047764022480918,0.0026895216024300675,0,1
-0.00941551401784024,0.006037425667026375,0,1
-0.008494677330044264,0.0022990365212751346,0,1
-0.008023047291745584,0.003962150424933301,0,1
-0.010392794488245054,0.0033460697024617443,0,1
-0.009451904379571075,0.005830527712260524,0,1
-0.008034123791462048,0.006712240504939152,0,1
-0.010238045359233488,0.005574444612386598,0,1
-0.00938089764947266,0.004898546065778041,0,1
-0.007541520001543928,0.0071690991288007174,0,1
-0.008728869477323082,0.006141240015728984,0,1
-0.008317752239368042,0.0037726505685017767,0,1
-0.009224512024923873,0.005501004078385923,0,1
-0.009632532543814009,0.004520681572138142,0,1
-0.010180440805882844,0.0065140668153238325,0,1
-0.009165066339116103,0.007212361219924347,0,1
-0.007821266160726578,0.009636297191843612,0,1
-0.00887818996392427,0.006100550883018034,0,1
-0.008841030348300645,0.006345174606242606,0,1
-0.007282281457059455,0.005782055498572473,0,1
-0.009667913397158195,0.00800243548085311,0,1
-0.009738106530361553,0.0057301442605177996,0,1
-0.008887658102271503,0.006581587621851494,0,1
-0.0074824610371035955,0.004931585067655535,0,1
-0.008260192532503268,0.0055144772265075595,0,1
-0.008450217507314613,0.005346860290602705,0,1
-0.00933497619775069,0.0069135990820351784,0,1
-0.010396776789471594,0.006076232706307381,0,1
-0.008573731157430532,0.00557418785864866,0,1
-0.007601018235729986,0.006930730009964468,0,1
-0.009575397049016785,0.005351436744748768,0,1
-0.0051372637525739515,0.00488093066023293,0,1
-0.007861009673903779,0.0030564964296752634,0,1
-0.00957306443341626,0.006035168662418195,0,1
-0.008794414497238527,0.0052259706397686555,0,1
-0.009122864775544127,0.005980032618979762,0,1
-0.009493984811861929,0.004479791412516166,0,1
-0.010090831619756576,0.005821343308221111,0,1
-0.00806527218900661,0.0070199829005242464,0,1
-0.00994303655098819,0.006380599327576425,0,1
-0.009240174545792164,0.006085592817762465,0,1
-0.01029059924130623,0.005797075243556424,0,1
-0.01002205604753376,0.007760042736886496,0,1
-0.008638541251016303,0.006491229610900401,0,1
-0.008665392483971843,0.0056385634315007215,0,1
-0.008193270832219478,0.006559212101321357,0,1
-0.009468697618499321,0.006817875995280229,0,1
-0.00873942889619909,0.006695688621666147,0,1
-0.009090365360109567,0.0068031257369995796,0,1
-0.009378882635973956,0.005513790433294874,0,1
-0.008077560185206193,0.008029570701594102,0,1
-0.007735265891901632,0.010046133675337809,0,1
-0.009035285838384964,0.006601679472411461,0,1
-0.0064602821453072345,0.007126062378790794,0,1
-0.004800196560255112,0.008248973513759857,0,1
-0.00720796199433095,0.006903548249032299,0,1
-0.007162083201789244,0.0051862235228749675,0,1
-0.0091372485935074,0.006729425997777008,0,1
-0.007017383097189313,0.0082530128811294,0,1
-0.011563856573615243,0.005967851548113281,0,1
-0.010331856650204882,0.007350010295856248,0,1
-0.009632749219739634,0.006395460542424279,0,1
-0.004375735621396177,0.007464390523074055,0,1
-0.00506288660287475,0.006176538453604976,0,1
-0.004542758335825277,0.005894269799257935,0,1
-0.0051415348635448195,0.005948696506288003,0,1
-0.005520445688502479,0.0055023059630593075,0,1
-0.00562245813287366,0.005493878727029069,0,1
-0.006760585855189056,0.005503160339139983,0,1
-0.004354187429216148,0.006150088616851514,0,1
-0.007254580711358531,0.0050668167864798335,0,1
-0.008578137720921964,0.004806547194262495,0,1
-0.00538983563466273,0.004799333750076385,0,1
-0.0070329331745673405,0.004660883203756092,0,1
-0.006820350099161017,0.005547641399361727,0,1
-0.0072267265389279285,0.0043362836877307645,0,1
-0.00610669436562136,0.004940690422711323,0,1
-0.005026400231660009,4.371369365059919E-4,0,1
-0.0074941370565434,0.0037018822707073256,0,1
-0.007062516721386938,0.0028758324142555626,0,1
-0.004519625195803011,0.005825161037461122,0,1
-0.005285398948120838,0.006036753901203747,0,1
-0.004712360651570152,0.005829649483228649,0,1
-0.005357936501098033,0.006787631265950071,0,1
-0.0054786946733481655,0.005879858940263105,0,1
-0.0051154348162915165,0.005003049362458585,0,1
-0.0062649524831030305,0.005349986527865465,0,1
-0.004072288056051282,0.0054714447948155335,0,1
-0.004854585148823035,0.004525908929393157,0,1
-0.004251338781494452,0.003562658723132296,0,1
-0.006888628795204571,0.006667171307583246,0,1
-0.00601018435672632,0.003887798401816039,0,1
-0.006128404685350404,0.004756575097161875,0,1
-0.004892810972823412,0.0034933258616819288,0,1
-0.005464901390330207,0.0065287553146204606,0,1
-0.006985567926705236,0.0033072781010188295,0,1
-0.0056293342082908236,0.002941512246964704,0,1
-0.0056390641301780125,0.005972692093320146,0,1
-0.005423602231521818,0.006385766617856068,0,1
-0.005111130448468831,0.005541034243553293,0,1
-0.0047096186633626335,0.00923390781037903,0,1
-0.005174205176403373,0.006573238753528254,0,1
-0.005378587369315658,0.004424383718625605,0,1
-0.005641618243483222,0.004848366604762589,0,1
-0.005370280286038629,0.0037670701739244174,0,1
-0.006699521534650617,0.005086868398338678,0,1
-0.004891013339736973,0.004180690621774003,0,1
-0.006435515962632347,0.004642774883624607,0,1
-0.006876043004847114,0.005054297579492115,0,1
-0.005856436376567836,0.006007063904036658,0,1
-0.006271644317602014,0.00558657803650861,0,1
-0.00598731708638974,0.003939659506534353,0,1
-0.0066232957942722395,0.00370587514312289,0,1
-0.007129211960598011,0.003238688431875184,0,1
-0.0014806377965210467,0.006566309325184252,0,1
-0.006198648458029122,0.006031823208138644,0,1
-0.004970977758433416,0.006520517560687199,0,1
-0.007938215886951698,0.004115378353435726,0,1
-0.0023181574431003554,0.005540144472894332,0,1
-0.0029290997305504132,0.006141322916213695,0,1
-0.007292231066930863,0.005852315981220568,0,1
-0.005692878069258819,0.005250168285467901,0,1
-0.006278201488130421,0.005417061609896758,0,1
-0.008527046776757178,0.005742666110244407,0,1
-0.004461489060289614,0.007251146755236996,0,1
-0.0077117296479518645,0.0034811505331526207,0,1
-0.005864831533374222,0.003063932184899772,0,1
-0.007011704370740936,0.005401190354942639,0,1
-0.0070778377503354665,0.005325732588305768,0,1
-0.0068125847992226785,0.005042271941403317,0,1
-0.005688242431230539,0.006184821963282881,0,1
-0.006408861851920866,0.009448640907494003,0,1
-0.005768208136629702,0.005748038645001127,0,1
-0.004700761631864215,0.005100650906959292,0,1
-0.0069352465083926465,0.007060987789646387,0,1
-0.006128887753197447,0.0049471562371860645,0,1
-0.005019958539522265,0.007276767430234897,0,1
-0.006837199793665353,0.0054238688118259685,0,1
-0.006625106160494771,0.005697846291632465,0,1
-0.006657754850771943,0.004818511824590142,0,1
-0.006543718217085009,0.0048779990813991436,0,1
-0.007971686603274922,0.0043193966402021305,0,1
-0.00585426860971316,0.005213134666279414,0,1
-0.006670255636592106,0.004598920603896265,0,1
-0.006837722219474628,0.0033119481944601462,0,1
-0.007431369978898678,0.006684460003546795,0,1
-0.005723925152097736,0.006663816407938886,0,1
-0.005758476280146614,0.006615796909598877,0,1
-0.005253841048486135,0.004558300175214754,0,1
-0.006637757462970993,0.005531235347060103,0,1
-0.006854703075001665,0.006216202915403573,0,1
-0.0066986788156364625,0.006394555168293167,0,1
-0.005720636046104413,0.006828856111278781,0,1
-0.00511370191841003,0.005322770885077625,0,1
-0.007438983895700519,0.001024312177427241,0,1
-0.006609204835469679,0.005087119447291458,0,1
-0.006715929151072766,0.005243208709535809,0,1
-0.008583695979995006,0.006264962508849852,0,1
-0.006508942696040603,0.004723436598511963,0,1
-0.006601731006936665,0.004616914260659095,0,1
-0.007035608788010538,0.004047483739097332,0,1
-0.005629710788520763,0.006829311525485755,0,1
-0.006068802965391132,0.006522019687704107,0,1
-0.006599892551318975,0.006019315663816619,0,1
-0.006012491542383647,0.005848742540449257,0,1
-0.006705680670077078,0.005078705796292101,0,1
-0.0072589554755736925,0.004700075418713553,0,1
-0.005688765135414299,0.005057467150178497,0,1
-0.007421119909068185,0.005186834613482935,0,1
-0.005413363845960985,0.006003661627955233,0,1
-0.0054481383992082775,0.004084903880377061,0,1
-0.0079386535343432,0.004628172019519889,0,1
-0.006992624612875132,0.006029713299838876,0,1
-0.007317686154395811,0.004427930332837564,0,1
-0.007490020925670253,0.004407348770931081,0,1
-0.006892635801202406,0.0015624780690391984,0,1
-0.005833154801921069,0.006001744292084432,0,1
-0.007441801124710376,0.0049264813699530004,0,1
-0.007172262868890064,0.006893252177924886,0,1
-0.006535869784856684,0.006779712513754919,0,1
-0.006082896210140477,0.007895950747441961,0,1
-0.005612445339475067,0.005693398248979527,0,1
-0.006059099553456471,0.005668680341285152,0,1
-0.006233316747228074,0.006706082047036064,0,1
-0.006792190067244196,0.00396045171222263,0,1
-0.0064133379428445965,0.0060507060947237535,0,1
-0.006462397696432484,0.0027797052111450003,0,1
-0.006627302658476993,0.0036950948339191836,0,1
-0.005317182553950479,0.005102572713173641,0,1
-0.006578975257662589,0.004036534608420106,0,1
-0.007841667822423262,0.004119056891142494,0,1
-0.006611306026055384,0.007317652155600751,0,1
-0.0067381064627311,0.005447731116896725,0,1
-0.00606616696772173,0.0060814172692399675,0,1
-0.006264993597252625,0.0048611890942152096,0,1
-0.006195150165852711,0.005215283103150031,0,1
-0.006550430419805255,0.004707554127564895,0,1
-0.007869963151906243,0.006269015685126444,0,1
-0.007179260978787499,0.00541464712794729,0,1
-0.00727572189908013,0.004988248356192839,0,1
-0.007351642732520889,0.004869962812567642,0,1
-0.0074740875295136065,0.0036488529020931885,0,1
-0.0065313272935504435,0.004760738430634159,0,1
-0.007419037790614571,0.0038447733923787247,0,1
-0.005596343060815454,0.006879384199620494,0,1
-0.006457285981459779,0.006408341633384369,0,1
-0.004457403019754636,0.007881077535881235,0,1
-0.0064880440351820085,0.006354833525525658,0,1
-0.005852478142497537,0.005111766975181778,0,1
-0.006530699692994644,0.005386826771902967,0,1
-0.005487823544934577,0.006895979050386144,0,1
-0.007527497685270044,0.006193253870482343,0,1
-0.010101927399696472,0.00395372556451582,0,1
-0.006069607155055317,0.005680457256407582,0,1
-0.007121774421214262,0.0049784954593482846,0,1
-0.007927121126695087,0.003730680526752109,0,1
-0.004667601040398605,0.004840714701551584,0,1
-0.00684363197611371,0.0068578837137765825,0,1
-0.0037621770656381583,0.006793454153417552,0,1
-0.008346066783573636,0.005929792678526636,0,1
-0.006233378158756546,0.006358917630712437,0,1
-0.006715763100467347,0.006756898574907345,0,1
-0.006336816207500505,0.005871484814831481,0,1
-0.0069557498328456915,0.005661456818597713,0,1
-0.004762456317846672,0.007674459586737082,0,1
-0.007397364124639965,0.005464087391741206,0,1
-0.007193151759176255,0.005805545912160324,0,1
-0.007288028994503242,0.005416665714130401,0,1
-0.00778155882698755,0.004752623254285528,0,1
-0.007965931433994806,0.007137047890146082,0,1
-0.006367580849590137,0.006338889567096916,0,1
-0.006974287457340144,0.00786727553391704,0,1
-0.006541437902636931,0.00615198567321362,0,1
-0.0059826013964709495,0.005354967042492888,0,1
-0.006857450826132773,0.005542451011573981,0,1
-0.006521333215203565,0.004217718113718891,0,1
-0.006257070229341182,0.005898032043235774,0,1
-0.007124017638331454,0.005170794078358343,0,1
-0.0069328409861682955,0.005106720082148192,0,1
-0.007429293409562833,0.004840558990423289,0,1
-0.00685466071573464,0.004761838543328025,0,1
-0.006401199429354857,0.006466358815206078,0,1
-0.006865017349432183,0.005837175668224512,0,1
-0.007253989168571224,0.0074882165893825825,0,1
-0.00570544593815766,0.0061831372577140714,0,1
-0.00673802048137547,0.005785443188104653,0,1
-0.006289885325057127,0.005901774839606203,0,1
-0.006926211895518639,0.00573517241759231,0,1
-0.007262845194574118,0.005619399167186554,0,1
-0.006065679785437263,0.00538600363333825,0,1
-0.004968131061428716,0.0063113080315923996,0,1
-0.007218588819551758,0.005527726059510616,0,1
-0.006850418430206631,0.0036185261248688006,0,1
-0.006322785809992789,0.009312971789179607,0,1
-0.007168848038002207,0.006658268766305985,0,1
-0.006771980174655464,0.006561046889473477,0,1
-0.006989363781195002,0.006179400139923641,0,1
-0.007780636976351328,0.005355410494747576,0,1
-0.008691826446218501,0.00590144917970654,0,1
-0.007184089933052151,0.00567174598463765,0,1
-0.007956057695232383,0.0059646728196771455,0,1
-0.007316576990540906,0.005115980202363193,0,1
-0.0067098764599004,0.004259938105494923,0,1
-0.008090574653780979,0.0057287817331991,0,1
-0.006347851981774006,0.006143180210053385,0,1
-0.006488448456898437,0.006234148418665725,0,1
-0.005887194171481237,0.0067188002870240465,0,1
-0.007017921653392779,0.004715599869130729,0,1
-0.004014846880326585,0.006716690427017627,0,1
-0.00626275593188059,0.0066218858646333355,0,1
-0.007121566837858481,0.005654922770275209,0,1
-0.008172104997757201,0.005411643565976625,0,1
-0.009973827254151111,0.005886237805392345,0,1
-0.008014800863970708,0.004344165564200149,0,1
-0.007186762667506964,0.004500767534741111,0,1
-0.006275324191458763,0.007107351550230266,0,1
-0.005514473362191582,0.002661337129807828,0,1
-0.007324069565837718,0.006113846140543312,0,1
-0.006410219723174343,0.004833384662391299,0,1
-0.006073424825566686,0.006975404655147558,0,1
-0.0071817364605997434,0.004910037852951715,0,1
-0.008157931207190543,0.005170042842605438,0,1
-0.004834232306319075,0.006950295967564619,0,1
-0.005612817215871054,0.007545853691318364,0,1
-0.007468903626997588,0.0044274207614045024,0,1
-0.004735367887442071,0.008126236239702064,0,1
-0.006039414293197819,0.006653349755510966,0,1
-0.006680485154478655,0.004804087225983534,0,1
-0.006707267878418928,0.005723823660444452,0,1
-0.007342414868153171,0.006034882785908762,0,1
-0.0076449032869669266,0.004390223149186635,0,1
-0.007439508568665921,0.005651700575451685,0,1
-0.0068565331502343655,0.006495064215127304,0,1
-0.007129817347510158,0.007413233789745035,0,1
-0.007287328876187097,0.004916019089073023,0,1
-0.006708600435748253,0.006839180710353668,0,1
-0.008018377602712007,0.007718779006415297,0,1
-0.006931339413342451,0.006862383380882467,0,1
-0.006547604228543416,0.005369087310246743,0,1
-0.008698110075681583,0.0063968059937143315,0,1
-0.005388263889456556,0.005519713367245642,0,1
-0.0067270082966194135,0.006567760083199356,0,1
-0.00695019451642289,0.005877513344984082,0,1
-0.007618997025433676,0.005410518747779441,0,1
-0.006049121745776768,0.009466260472741714,0,1
-0.007833064541883653,0.007510206688619797,0,1
-0.00627503676133466,0.006931043688663294,0,1
-0.009255510031796291,0.004286202956007527,0,1
-0.005864817797956223,0.007268569960709398,0,1
-0.008240659979868194,0.004911224427180158,0,1
-0.008068850750246392,0.006929304888449043,0,1
-0.008209158746085196,0.00517845327952715,0,1
-0.006748567338781993,0.003282292310581999,0,1
-0.007395203545665147,0.007890837902747678,0,1
-0.008096529689842268,0.007002169284996983,0,1
-0.00702001467813486,0.007985547406478527,0,1
-0.009904358727687641,0.007390742120190432,0,1
-0.008108863162256829,0.007504421698123289,0,1
-0.007806513302645353,0.006033045817850192,0,1
-0.009555888917837195,0.003251796034882187,0,1
-0.008169117227169788,0.005516928859586981,0,1
-0.006541261396171708,0.005106002799428758,0,1
-0.007547185752506085,0.006774039215934872,0,1
-0.00889012384038946,0.005328239516992536,0,1
-0.008276954338028409,0.00657990083454315,0,1
-0.0071118801589506115,0.008154545930974932,0,1
-0.008360487070146649,0.005012990864107433,0,1
-0.008163363580293834,0.0062914742209333714,0,1
-0.00790091473418686,0.005493253375480069,0,1
-0.007748647104639084,0.007545313853582344,0,1
-0.007098207416147121,0.0074851701854924055,0,1
-0.006653590518443137,0.005932406584423344,0,1
-0.007283488520427699,0.00589872174782173,0,1
-0.00865729866867064,0.0059298590750089565,0,1
-0.008093280961465247,0.005911678748391107,0,1
-0.006818832549854732,0.004289336682861426,0,1
-0.00923974060298053,0.007383973636903835,0,1
-0.0065713082487525954,0.006717782946964627,0,1
-0.007303994864172231,0.005737678263846016,0,1
-0.00789730355106546,0.006411796197087701,0,1
-0.00861008261869473,0.006141283424853368,0,1
-0.007317630588983261,0.0027589938759603645,0,1
-0.007494197975771039,0.0032165017236552413,0,1
-0.006794804465848296,0.0070559681622874935,0,1
-0.007663395377360963,0.006784624193751566,0,1
-0.007225860590130852,0.006401675688570519,0,1
-0.007245984102470965,0.005260549005058373,0,1
-0.007225205740027762,0.005587470195075408,0,1
-0.007818441470780401,0.009052592203398439,0,1
-0.009229883556843519,0.006983135170084652,0,1
-0.008004444559577514,0.007683554452567321,0,1
-0.008119593710015178,0.006665271871489317,0,1
-0.008507832637437108,0.006358592467588443,0,1
-0.008313424680838392,0.006263370793868219,0,1
-0.008931698862326145,0.006196039406888066,0,1
-0.008062117671342949,0.007357911958113804,0,1
-0.0080274728772372,0.008060499268946602,0,1
-0.008235660433509644,0.0063811156504434904,0,1
-0.009003869424767495,0.005901490010480253,0,1
-0.0086909896405608,0.005725981872007103,0,1
-0.0071347904969419115,0.00857398734767677,0,1
-0.0083184303496743,0.004931296585381565,0,1
-0.006079357270305793,0.006814244872878014,0,1
-0.01000961047389419,0.006935081159059115,0,1
-0.008715057781710415,0.006337915413927204,0,1
-0.008262413194385565,0.007135652756707923,0,1
-0.008374210554052424,0.005602426548173971,0,1
-0.008015942467394512,0.00696709939937714,0,1
-0.008348704066345579,0.00646594206296971,0,1
-0.0073426884325314525,0.003689050485295107,0,1
-0.010247156166188012,0.008800402439198397,0,1
-0.009006483840521247,0.005272838723071062,0,1
-0.008396673488463876,0.006605859192280262,0,1
-0.008312879683558663,0.009427822568574168,0,1
-0.00864062367573256,0.006933678059756707,0,1
-0.009279867438187057,0.005948110480467534,0,1
-0.008118223621139268,0.008108697330333875,0,1
-0.009505164748206842,0.006154069382295763,0,1
-0.008029718823594401,0.006922987671544009,0,1
-0.008362524099027602,0.007116373188423686,0,1
-0.008162521796183464,0.007403883202306283,0,1
-0.009750422076257613,0.007502440900230931,0,1
-0.0087084584146764,0.007494404873787592,0,1
-0.008599951558545637,0.007112121298255333,0,1
-0.008164615458430707,0.0015363603547847884,0,1
-0.009762612341305568,1.670643643079895E-4,0,1
-0.008764059136567385,0.0011852815303830724,0,1
-0.009653737728858743,0.0028155683748716425,0,1
-0.008568174396005667,0.001203209021660239,0,1
-0.008174442841847967,7.095788535719912E-4,0,1
-0.009434915340829067,0.0017729527866759312,0,1
-0.008794607452972105,0.002593107624552415,0,1
-0.009096638110729917,0.001971271680712602,0,1
-0.01019956447328565,0.0024185557668937215,0,1
-0.010161133995432206,0.002431433440264831,0,1
-0.011897081141721368,0.004137685085277574,0,1
-0.010064928454241425,0.002868600038633133,0,1
-0.008795301181817315,0.0027687701460993403,0,1
-0.010036735995176144,0.0034162843594698253,0,1
-0.01067119298852325,0.003232990800121668,0,1
-0.01087523626652673,0.0034055389700927345,0,1
-0.007644440415608779,2.790628119134719E-4,0,1
-0.009732523362963076,7.937620084466195E-4,0,1
-0.010301964643380984,0.0023831416694659277,0,1
-0.00839811228329157,4.548466045383546E-4,0,1
-0.009148739916801745,0.0014159367505127498,0,1
-0.009349020987652447,0.0015310332603201615,0,1
-0.009176071333693789,0.0016844041197332292,0,1
-0.009881801988798464,0.0019457988205881323,0,1
-0.010239255448199855,0.0024761905436529127,0,1
-0.009967164129334643,0.0026856346175926312,0,1
-0.013373874914991642,0.0032716140502329722,0,1
-0.010036347722936592,0.003498704683026499,0,1
-0.009911107354054685,0.0031498323319893696,0,1
-0.010702462655348587,0.00359956623960282,0,1
-0.010893224941032932,0.0028030949994431427,0,1
-0.009555529803697586,0.0023670765343379867,0,1
-0.007525662582356786,0.0026022579615182164,0,1
-0.00822263802844372,0.0012450125918914926,0,1
-0.008951885613383417,0.0015450507813377942,0,1
-0.007992447439725906,0.00212956224888812,0,1
-0.009634416831331953,5.937559440728013E-4,0,1
-0.00916023047972818,0.0020173982282248007,0,1
-0.010707631806890744,0.0033537794756379824,0,1
-0.009697462604385565,0.001794131163122572,0,1
-0.009901395134593528,0.002271047895236787,0,1
-0.00991963724323174,0.002733451788257851,0,1
-0.010883815049819383,0.003937820451730446,0,1
-0.011623778024286787,0.004043028227939118,0,1
-0.010651002090051358,0.004748102215592851,0,1
-0.011177147136372632,0.0031934411997243594,0,1
-0.008592273790069518,4.850286813559505E-5,0,1
-0.0088218507315465,3.2353916417793125E-4,0,1
-0.0075190351943986945,-0.001671458267786349,0,1
-0.008263480375335598,0.0015388134964064266,0,1
-0.011008300388215497,-0.0013153592567977997,0,1
-0.008777971251045052,7.57388456567771E-4,0,1
-0.009346458376375082,0.0022718784633270084,0,1
-0.009435828002776488,0.0012187365510422407,0,1
-0.008664014181270859,0.001825309865445263,0,1
-0.009682795958853435,3.969299350935838E-4,0,1
-0.01079942410368241,0.0024175891202906845,0,1
-0.008687219757290416,0.002257419084241338,0,1
-0.012467839671090997,0.0029599611420936017,0,1
-0.0102951901458479,0.003080921659324889,0,1
-0.010535236357624498,0.004298751749534974,0,1
-0.009058445107402746,0.0015658393664829127,0,1
-0.008409841097007863,0.001388487772007111,0,1
-0.010893170095774608,0.0027926561561423297,0,1
-0.008846888857256647,0.0017386020288825516,0,1
-0.008958403792726284,0.001599583895618017,0,1
-0.00906700789139743,0.0022698428264541766,0,1
-0.009367595422932539,0.0024032741916201724,0,1
-0.009985236126130583,0.0017976720467094514,0,1
-0.010112781158925206,0.002950879214141615,0,1
-0.01037319574980596,0.0032955982226873515,0,1
-0.010030668930225115,0.002916619322618278,0,1
-0.009962822499405572,0.0037853596223451883,0,1
-0.010628063117794864,0.002933263978499169,0,1
-0.010214769277860528,0.0040756487767863595,0,1
-0.009071978434107413,0.0017323048491591554,0,1
-0.008792312808949192,0.0016535561297050339,0,1
-0.00862639845037732,0.0016692885807805054,0,1
-0.008771358109963084,0.001646528303695264,0,1
-0.008939549165138316,0.0028595314674062784,0,1
-0.007181033938375343,0.002884980162912395,0,1
-0.010117643729242653,0.0014248582812162128,0,1
-0.007554540276504436,0.0038061697078454696,0,1
-0.005746621829580779,0.003260965926408508,0,1
-0.013612076338022605,0.0018443739076199012,0,1
-0.009998510417062546,0.006131091007378699,0,1
-0.008710772688776307,0.005348541133729004,0,1
-0.008101230864305482,0.0030372233752633936,0,1
-0.008828230015701358,0.0015007547203408024,0,1
-0.005997532395639226,9.051464770118865E-4,0,1
-0.005372344712391563,0.0028441815016703714,0,1
-0.010417713960237617,0.0029159776048447586,0,1
-0.008041118193742798,0.002150104602573399,0,1
-0.009074583518952392,0.0017583885360057275,0,1
-0.008521671005675809,0.0027050562021762427,0,1
-0.010186529455114855,0.0029602775511931765,0,1
-0.009352262033848133,0.003090376280033161,0,1
-0.009876861158948194,0.0017633046656347733,0,1
-0.009838059952973337,0.0031061999507837152,0,1
-0.010735384119409079,0.0021040435499534555,0,1
-0.00997088839918203,-1.1247392419232586E-4,0,1
-0.01006848141802654,0.00334363063866397,0,1
-0.007795381053741945,0.0015295709188788557,0,1
-0.006866974239781081,0.0023858509717828167,0,1
-0.009378277906250936,0.001967691206194504,0,1
-0.007800069273359094,0.0024205278524015044,0,1
-0.009553071820896677,0.002695671695677124,0,1
-0.010343333013229237,0.002088118565722165,0,1
-0.011230316623793543,0.0028620653136765192,0,1
-0.010705045872272351,0.0027289258825584943,0,1
-0.009606024068128141,0.002920402566713052,0,1
-0.009198321099321713,0.0027606519492934817,0,1
-0.008155649685529247,0.0033956550333097747,0,1
-0.009760327336687656,0.0025165104653558715,0,1
-0.00841171786145545,0.001718725242840079,0,1
-0.008342773771407306,0.0029010995639107253,0,1
-0.007719310004088852,0.002355949021305214,0,1
-0.009493421080485745,0.0012459038549455337,0,1
-0.00734201018564258,0.0016590635170497124,0,1
-0.008143650325938818,0.0021724949163930397,0,1
-0.008659756777215828,0.002079296729312086,0,1
-0.00949188451361488,0.002522767286860629,0,1
-0.00962262974048291,0.002856717443413819,0,1
-0.005944789012000514,0.0025363307288098526,0,1
-0.00838999923510093,0.003181317002643299,0,1
-0.011319058216606271,0.0021622144647971946,0,1
-0.010267500125012744,0.003906555974778564,0,1
-0.007930462840881064,0.0028174655824385257,0,1
-0.007969469304246121,0.0014078645541378625,0,1
-0.00974429340905166,0.0018771234601345711,0,1
-0.009270601397266891,0.0032711001955652457,0,1
-0.008846444741027653,0.0025180669698400718,0,1
-0.007597378149288413,8.182470190558363E-4,0,1
-0.007997866108025031,0.002275447714811491,0,1
-0.009099277382604798,0.002411203590332764,0,1
-0.008940108648891379,0.0025710690669234646,0,1
-0.00923989509495537,0.0017350401947870257,0,1
-0.009806382547672647,0.005185628949075182,0,1
-0.006992712795216466,0.002439351697239849,0,1
-0.009098099112906417,0.0024457315350185807,0,1
-0.009222642645214546,0.001495291733123086,0,1
-0.009143303401355177,-6.0004499814124066E-5,0,1
-0.008667785390060944,0.003147981318550701,0,1
-0.008692368459317649,0.002597239121998925,0,1
-0.007242476254267304,0.0035788031615407614,0,1
-0.007934457511289154,0.003451800434186631,0,1
-0.009904063128193474,0.0032170741280210446,0,1
-0.008608612836193952,0.004329129084528485,0,1
-0.009763317013761442,0.004189484636648566,0,1
-0.007685048623014336,7.456057352623486E-4,0,1
-0.0072290935478825005,0.0012439833450096475,0,1
-0.008295229873784239,0.0018619017826480059,0,1
-0.00809411468897286,5.107434365233037E-4,0,1
-0.008610287776217779,-9.374811504257577E-4,0,1
-0.011092265484584422,0.0021748920393341352,0,1
-0.009189230732816182,0.0036657398780213235,0,1
-0.00879703174329501,0.0028895964661922323,0,1
-0.008386526247473587,0.0030723692429777192,0,1
-0.010924922094864531,0.003581063445366557,0,1
-0.009611165116236116,0.0034446240350004304,0,1
-0.00794246177690249,0.0018849954636693874,0,1
-0.00776427750523782,0.0013522803424474018,0,1
-0.008734817116545262,0.0021249670099447223,0,1
-0.010305003598193543,0.0015639988177287888,0,1
-0.008759179178337202,0.002808985972203026,0,1
-0.007927939511229267,0.0019294042437904735,0,1
-0.009563609228838386,0.0035919943264954707,0,1
-0.009770146911405505,0.0018786557328995038,0,1
-0.009557411196661644,0.0016803511932702618,0,1
-0.008947756262732677,0.0024749788629468234,0,1
-0.00808886266737915,0.0015159734683861934,0,1
-0.007820173028558633,0.002335947832268923,0,1
-0.008629321531106104,0.002353565161129412,0,1
-0.006953684721627405,0.002341285204719207,0,1
-0.008054683415981997,0.003572308680166845,0,1
-0.011463300410046541,0.0016480915540139178,0,1
-0.007521537780956371,0.0012655748583189415,0,1
-0.008803597426686051,0.0028887682041401144,0,1
-0.009113214993537157,0.002880667455471034,0,1
-0.00899842938286298,0.00415894028231534,0,1
-0.007229399228188068,6.2087008994498E-4,0,1
-0.009057221490516984,0.0019985070774599274,0,1
-0.007518279220491457,0.002011270903827041,0,1
-0.008715098862868273,0.0012963070773982699,0,1
-0.007808579677962834,-8.7011437490617E-4,0,1
-0.008709755601549645,0.002674694222388972,0,1
-0.00864181472021753,0.0027374462271503304,0,1
-0.008484636115329345,0.0033513090380963197,0,1
-0.00917581840476518,0.00366298833742647,0,1
-0.00927411779723935,0.003399615070694791,0,1
-0.005125017060237269,0.0015878761797663767,0,1
-0.00858237358541909,0.0012854385039995915,0,1
-0.009418258929558308,0.0029988173877132343,0,1
-0.00725965902379895,0.002302861620881272,0,1
-0.008643078080526846,0.0035757939316906342,0,1
-0.008661270063929964,0.0028041352541241255,0,1
-0.009288711733347001,8.078178207673688E-4,0,1
-0.008680659366003858,0.004238495950721817,0,1
-0.007576890045148105,0.002204255844068222,0,1
-0.0076029892920129,0.00422610794410326,0,1
-0.008305162279408411,0.0019884293353040748,0,1
-0.008465588541229164,0.002753949385564372,0,1
-0.0067368133290728275,0.0030913320660210433,0,1
-0.008433373767020389,0.002344871384404722,0,1
-0.008686485942361395,0.003223956469821498,0,1
-0.008758682710999204,0.0032338581064257216,0,1
-0.008978682572980238,0.004099603876911634,0,1
-0.008152704549745203,0.0020075219828100117,0,1
-0.006910451617007605,0.002703453860010774,0,1
-0.009107604736167119,0.0031109388591857297,0,1
-0.0076539078740616925,0.0035821944566062566,0,1
-0.008555347310927117,0.002814978103086529,0,1
-0.00521423040764522,0.0031239478954729087,0,1
-0.010013577578558605,0.004949994489823311,0,1
-0.008399941016440702,0.001800062086065912,0,1
-0.007439547534716051,0.00255080292686527,0,1
-0.007997802091562256,0.00206948314312433,0,1
-0.008941641896440594,0.002104421265358311,0,1
-0.007504348183963411,0.002695449463277441,0,1
-0.007132440086148076,0.004628097201881956,0,1
-0.008055389549527411,0.002837763368056644,0,1
-0.008690354352207729,0.003568320521017945,0,1
-0.008049821499324351,0.0032722393706030965,0,1
-0.009989560870382571,0.005956017895534427,0,1
-0.007818920660486827,0.0013559546565663438,0,1
-0.00653196822617997,0.003779270710143017,0,1
-0.009866443284202452,0.0021964835909938888,0,1
-0.01001579014937135,0.0031039754147072036,0,1
-0.008323566357129025,0.003582716990374606,0,1
-0.007606614746213929,0.0033600655846931656,0,1
-0.007793022832184744,0.0030646036100575383,0,1
-0.008020204513845632,0.0020980454133041047,0,1
-0.008710664051460261,0.0036992626473861027,0,1
-0.0080501014011413,0.0021108963220071732,0,1
-0.012191296674377346,0.0015051408035512868,0,1
-0.007086156120868158,0.003699329775507458,0,1
-0.007779007179544876,0.002816470315292937,0,1
-0.007768750561481852,0.002722914321491038,0,1
-0.007437799668185586,0.003161509265079527,0,1
-0.010064400452832783,0.005755029862609855,0,1
-0.008057864966283195,0.003678295025171519,0,1
-0.006084135472606984,0.0033407856220873983,0,1
-0.007668249110795145,0.003928459941424638,0,1
-0.007863239199046185,0.00302651534609637,0,1
-0.007605699944589648,0.0034930753836698403,0,1
-0.00808466385917592,0.0037656506967657767,0,1
-0.00866196788834252,0.002883084593123503,0,1
-0.008611895645267889,0.003768909131886681,0,1
-0.006448948715960526,0.0024596991340261145,0,1
-0.006358326254919333,0.0031478321656532053,0,1
-0.007740705860296256,0.0018263452005649367,0,1
-0.005356932668221826,0.0013234558143908998,0,1
-0.007379178715784965,0.003537119835507439,0,1
-0.007877262044319459,0.00245478430308433,0,1
-0.008307613509679117,0.0020376117814135414,0,1
-0.008355257139318582,0.004216866313666233,0,1
-0.007594733446810739,0.004145820039482406,0,1
-0.00622487899009315,0.002917273672868228,0,1
-0.007180984092779408,0.005390412216836374,0,1
-0.007268634772734983,0.004506694306220041,0,1
-0.00648403604595807,0.001982844733626707,0,1
-0.006598742521232439,0.0028169621769536307,0,1
-0.008912109810476578,0.003113838870772628,0,1
-0.005777029140455972,7.444175478458857E-4,0,1
-0.00965962155207719,0.0031527775678173724,0,1
-0.008180587197808679,0.0029027402067748056,0,1
-0.0075361510161621225,0.003414478301133027,0,1
-0.007571332581393132,0.003528519049603879,0,1
-0.00617783792534003,0.0027759952623294046,0,1
-0.007673227652462377,0.0022422546917102637,0,1
-0.006844444699714756,0.0037637016672320846,0,1
-0.008405028276689232,0.0022446063555015333,0,1
-0.007086725578038627,0.0034278649626159406,0,1
-0.007045565562550967,0.004130050033849845,0,1
-0.007160971691162873,0.004779137366463755,0,1
-0.009608593452873687,2.967464402361526E-5,0,1
-0.008214911883379604,0.002085799019743601,0,1
-0.009494355788520288,9.081806608985239E-4,0,1
-0.009226544052739174,0.00301830028459795,0,1
-0.007843882972272098,0.004735501367055816,0,1
-0.008187966676542806,0.0022284763116617186,0,1
-0.007678556738775269,0.001348178368952321,0,1
-0.007820065553120403,0.0021470957205172994,0,1
-0.007101298994653818,0.0021582920694297957,0,1
-0.006820870959847935,0.0038170027245408304,0,1
-0.010116183476768213,0.0015599536355490986,0,1
-0.006512190087984177,0.002884520450766335,0,1
-0.006405404792741222,0.004391937894624579,0,1
-0.0059279129254412866,0.006459466848818015,0,1
-0.0064048022484289565,0.0014734080008592327,0,1
-0.004594878095980612,0.001734368878762268,0,1
-0.009259952061099967,7.272239093190282E-4,0,1
-0.007852117484134958,0.0014664489931297973,0,1
-0.005980145314755022,0.0024046096087492214,0,1
-0.007985341182495411,0.0015066971050171122,0,1
-0.00827024153629621,0.002268584147135645,0,1
-0.007913966855992449,0.001859552438277338,0,1
-0.007179927441219175,0.003695877662063701,0,1
-0.007429074690325066,0.0021837155088388054,0,1
-0.007821260387415792,0.0027485873792835107,0,1
-0.007315583959875696,0.002313979716626067,0,1
-0.007765745405439365,0.0034186701104966543,0,1
-0.006742965929216122,0.0028706249381479595,0,1
-0.002803148267413529,0.0038897887764849115,0,1
-0.007683463160603142,0.004168277376762653,0,1
-0.008257641583113796,5.690727793518615E-4,0,1
-0.008162024111317896,0.001040701303810716,0,1
-0.007693937358633769,0.0014155280454255712,0,1
-0.007780166639784009,4.548825062255916E-4,0,1
-0.008129134523390404,9.651741286371388E-4,0,1
-0.007407149122988161,0.001606628991334893,0,1
-0.007891323984351668,0.0011172034810062131,0,1
-0.006327541792621365,-6.89000420411784E-5,0,1
-0.007701566490606091,0.002969398544695797,0,1
-0.0073936316559045185,0.00469792361815449,0,1
-0.006780785646081799,0.004293167478822317,0,1
-0.006547816992076748,0.0018799661544050565,0,1
-0.007235322413813024,0.003787073638740811,0,1
-0.004185979343951659,0.0016979648770287898,0,1
-0.00846095017859643,3.1520779136031974E-4,0,1
-0.009824493031427182,0.003763668701670741,0,1
-0.007939158371014785,0.0048593142518769715,0,1
-0.007136773245008464,0.0020964692008870614,0,1
-0.007537858011564467,0.0015300120857758873,0,1
-0.007645840002865621,0.0023060842143100423,0,1
-0.008643962126458586,0.0010444910916124284,0,1
-0.005928785663117591,0.003390799493529661,0,1
-0.007174235085772021,0.0021071359766979586,0,1
-0.006852832590450961,0.002532934158801488,0,1
-0.007394124634198758,0.0029420881798120028,0,1
-0.007120128392069424,0.0036342025912473007,0,1
-0.004332190490914642,3.9740757847442164E-4,0,1
-0.00646755826577944,0.0032351240641493406,0,1
-0.008543250089306521,5.99526131676904E-4,0,1
-0.006995331804961957,5.08714134644862E-4,0,1
-0.0076725257540023835,0.0011480581814942712,0,1
-0.00887315328157186,0.0012348237370788755,0,1
-0.006983074667548385,3.100598230850095E-4,0,1
-0.007004612109874648,-8.903052794532267E-5,0,1
-0.005980982242417412,0.0017040269590771452,0,1
-0.007396223981555601,0.0011406784214231954,0,1
-0.007331176161857381,0.0021496951459138436,0,1
-0.008239867743262084,0.0033828345049689433,0,1
-0.00700915743314003,0.0016935762067951132,0,1
-0.006663265947104376,0.002897677084591437,0,1
-0.006743829595601809,0.002854374126601331,0,1
-0.007819839408214508,4.1086928038262474E-4,0,1
-0.008644409743245346,0.001171718070435509,0,1
-0.007664006089250989,0.0013588248752973752,0,1
-0.006669883654471465,4.878637130232746E-4,0,1
-0.007141748289580581,-3.1674900064533455E-4,0,1
-0.0070181238018673904,0.0016375431922177946,0,1
-0.0065146574297524525,6.172907224678284E-4,0,1
-0.008143741986137529,0.002489727470907561,0,1
-0.006985943343877489,0.0020614453351272388,0,1
-0.006208003004539805,0.004589753692378574,0,1
-0.0070270319075233945,0.003765429432338778,0,1
-0.00706117381153048,0.0013842509103279205,0,1
-0.006810126076192478,0.0017393136657727494,0,1
-0.008313071906665206,0.0016564782860990846,0,1
-0.00773650231033769,0.0014897847308631977,0,1
-0.007502143526509234,6.203832535172279E-4,0,1
-0.007261398427171942,8.907585183334537E-5,0,1
-0.008578618488890815,0.0012560958600391966,0,1
-0.005858581189722628,2.083816002677446E-4,0,1
-0.006946911730735453,0.003707347527530951,0,1
-0.007655067689197191,0.0020749270436245366,0,1
-0.007087630509523179,0.002640965799888424,0,1
-0.00762912101327254,0.0015976287039368114,0,1
-0.006548628720883842,0.0023561467795317603,0,1
-0.006418885077537238,0.0023546038286412535,0,1
-0.008061269251093928,-5.513479606652459E-4,0,1
-0.00664019141290441,-2.8689100683054865E-6,0,1
-0.00745501278039924,0.0013144453628322794,0,1
-0.007511175382840365,8.81830558040052E-4,0,1
-0.006896765725936415,3.907808413392763E-4,0,1
-0.008209148571384725,0.0011107665896898792,0,1
-0.006628956610693755,0.0021294000811515382,0,1
-0.00649510755997036,0.0012633654879886445,0,1
-0.006970418480700005,0.0012821182475455744,0,1
-0.0065296981698336025,0.0022421260288147875,0,1
-0.00616937008751287,0.0026550917274277253,0,1
-0.006877518364869081,0.0032939042915442135,0,1
-0.00773439409891825,0.0010951153708752088,0,1
-0.007283854534920883,9.225569682726873E-4,0,1
-0.00804219968957501,5.690078661539001E-4,0,1
-0.007201952610999914,0.0014821506555041835,0,1
-0.007941062276071184,0.0025996610214186937,0,1
-0.007241684887832034,0.0012966508116205118,0,1
-0.0053263456714475,0.0023431416339460154,0,1
-0.006094020925543427,0.003805893284019353,0,1
-0.006437689898982826,5.351871033005375E-4,0,1
-0.007955335024698956,0.0020744503717449333,0,1
-0.006420347946728719,0.002581506768305686,0,1
-0.007936591401448366,8.668122640427815E-4,0,1
-0.008252016839154337,7.370367610752211E-4,0,1
-0.005894076847381032,2.48596598419533E-4,0,1
-0.006745222736635264,0.002252212728320506,0,1
-0.005258033016064643,0.0017395121004532973,0,1
-0.007296064739451713,0.0016484663799506572,0,1
-0.0070694761465008365,0.0019176756352265428,0,1
-0.006537743919101142,0.004609710333365635,0,1
-0.003537596072619104,0.0029673367596312616,0,1
-0.00905672609783182,0.003851877003096985,0,1
-0.006621029956754622,7.063243534814939E-4,0,1
-0.008283715972714992,-5.19308048854795E-4,0,1
-0.007344156198954364,0.001112232950312534,0,1
-0.007824766758099694,7.497956052179192E-4,0,1
-0.007009721469072849,7.513036403939478E-4,0,1
-0.006085047041593535,7.55058466234423E-4,0,1
-0.007553925266161701,0.001196958166793564,0,1
-0.006734201176662628,7.39320622793904E-4,0,1
-0.007332308865131987,0.002216189691431942,0,1
-0.006663750019261093,0.002038315012972896,0,1
-0.008260984923334123,0.001419916405665811,0,1
-0.00639964789908191,0.0024014575716259914,0,1
-0.007497597863671625,-0.0010022939257443824,0,1
-0.006509496704381721,8.372992463800813E-4,0,1
-0.007412485738154499,0.0010726406393173759,0,1
-0.006818362603212076,0.00177838940719148,0,1
-0.008046272082980165,0.0023452574464121966,0,1
-0.0066261505219285775,0.0014185039317220365,0,1
-0.005768196753779648,0.002623135980158426,0,1
-0.006545076748481553,-0.0013168359308679425,0,1
-0.007491083058209613,5.441001903321039E-4,0,1
-0.007235008658150283,5.089326144126792E-4,0,1
-0.006749385229675817,6.140879838815586E-4,0,1
-0.007475859039816283,7.910572827295564E-4,0,1
-0.006359678451281529,0.0011800783648426964,0,1
-0.007707863260003758,0.001040919458369904,0,1
-0.006421745694512136,0.002088161491282667,0,1
-0.006445951811191624,0.0012891991231914891,0,1
-0.00661928749147162,0.002304583342463892,0,1
-0.006304345154391492,0.0024335390451980907,0,1
-0.005145680919331448,0.002062700302624537,0,1
-0.006909906407827211,9.160110472971823E-4,0,1
-0.007544685741542807,6.084731057663341E-5,0,1
-0.0051360058661137015,0.00221225825597849,0,1
-0.006341914880537888,-6.106840017246116E-4,0,1
-0.005436150352173883,0.0015023035709352825,0,1
-0.007562918860718538,0.0012806504162452827,0,1
-0.00599802327475864,0.002286543372574216,0,1
-0.0073077837819617375,-2.6647225774070933E-4,0,1
-0.0052514790711443585,0.0015374647057713792,0,1
-0.007043812145258853,6.678059016835102E-4,0,1
-0.007286361271126601,0.0011573613288188007,0,1
-0.006636640397458657,8.389422696322424E-4,0,1
-0.0071550327017998894,9.93030342822319E-4,0,1
-0.005717584595478297,0.001432707464970945,0,1
-0.00599761945755368,0.0017219362874238398,0,1
-0.0062548455745967055,0.001632687744693895,0,1
-0.004705457271789414,0.002176236480843525,0,1
-0.006562068461578863,0.0029746301410085835,0,1
-0.0067857280975488835,-3.7842630908253105E-5,0,1
-0.006359732796655464,9.003369331114229E-4,0,1
-0.005988491625361268,0.0020523929320339926,0,1
-0.005609986324094152,0.0021732013638840475,0,1
-0.008017769971055536,-3.8956160626823686E-4,0,1
-0.005997343080659329,9.673387720483974E-4,0,1
-0.0069403345125037715,7.634165254505013E-4,0,1
-0.004225328535133115,0.0015395261860837433,0,1
-0.007215883034263203,0.0028581337668333135,0,1
-0.007333568491005747,2.6683904093012452E-5,0,1
-0.006649431616538829,9.043693366945232E-4,0,1
-0.006781377087852908,0.0015802773549027994,0,1
-0.00672365134495528,9.324754817088866E-4,0,1
-0.006530934982748121,-1.6679694205318746E-5,0,1
-0.00609635132987172,0.0017140378801228065,0,1
-0.006358871200354853,0.002120118915249583,0,1
-0.006053434620182133,2.2183038991527434E-4,0,1
-0.0057644689265768335,5.569331023014835E-4,0,1
-0.007439502967838326,9.367597399348017E-4,0,1
-0.009132780728226491,0.0015569783642856714,0,1
-0.005842528371805098,7.336684146607768E-4,0,1
-0.004295641027502238,8.037559740288797E-4,0,1
-0.00826170296283896,0.003451321565190429,0,1
-0.006500753681419823,7.92600554453494E-4,0,1
-0.006461281873893804,5.163648336622241E-4,0,1
-0.004409426535441453,0.0013215151939369603,0,1
-0.006394062724535544,0.0023193529215410364,0,1
-0.006113464949305155,0.0014311899171387883,0,1
-0.005302892037488284,1.558949229605453E-5,0,1
-0.005803138018953836,0.001829304586292671,0,1
-0.005594089536499891,0.003154196793885175,0,1
-0.004251163703074062,0.004132068792019161,0,1
-0.006571282658315301,0.0019205418000091178,0,1
-0.0059325056346509805,0.0021661229101799695,0,1
-0.005567394864478021,0.002300541006598124,0,1
-0.004864406922647293,0.0014979183525073928,0,1
-0.004993110908203536,0.0024307304018271383,0,1
-0.006109388414616663,2.75553564751043E-4,0,1
-0.006127965909089691,0.0016292229981239065,0,1
-0.006024632040999173,0.0012434624958348004,0,1
-0.005945342802027361,0.0011731573339234926,0,1
-0.004585682530191911,0.0022920497439415555,0,1
-0.005661740665585931,7.646582949833311E-4,0,1
-0.006586040580414993,0.0036207274255600917,0,1
-0.005790131036321899,0.0010190264637418593,0,1
-0.0062003634367085335,0.0010268624781675753,0,1
-0.006449049472365422,9.556668446127232E-4,0,1
-0.005517913630085503,0.00153230646871596,0,1
-0.006919963738988438,-8.961066367335925E-4,0,1
-0.0059581159482919,5.056275773502348E-4,0,1
-0.005558916360282707,6.9840138829051E-4,0,1
-0.00572819632692968,8.27335234793928E-4,0,1
-0.003192245817214371,2.4593072867543916E-4,0,1
-0.008171703083015108,2.2057328745601955E-4,0,1
-0.0055452844077346075,-0.0019762059349710745,0,1
-0.005982602333978024,4.397127855050253E-4,0,1
-0.006598953113812535,-4.376328675877924E-4,0,1
-0.005931304848902386,8.853510242398404E-4,0,1
-0.005945770458675455,4.682858575861707E-4,0,1
-0.005400090189365742,7.096175703585174E-4,0,1
-0.006160084664565525,-1.8761751385031167E-4,0,1
-0.006388998783068128,0.0013900957041003967,0,1
-0.005306661595822782,0.0016411080709887974,0,1
-0.007750519594605383,0.0037648601649818755,0,1
-0.002954443317874902,-1.22494960227258E-4,0,1
-0.005636836807783536,-3.004574208737647E-4,0,1
-0.007270043172272079,3.365510875651401E-4,0,1
-0.005594555592130693,4.3387061197603955E-4,0,1
-0.0052260273025691705,3.951753999952452E-4,0,1
-0.005569566084815412,5.581362319042204E-4,0,1
-0.0060758199287790264,0.001349035257894346,0,1
-0.007077968258027678,2.6538597173339447E-4,0,1
-0.004221065148424276,0.0017860353976823845,0,1
-0.005179179249045597,3.732315596160682E-5,0,1
-0.005218924832146953,0.0011028420016522226,0,1
-0.005638255448508403,1.313304360790562E-4,0,1
-0.0057422590279245485,8.308941910865554E-4,0,1
-0.005295071002869685,-4.520271777184249E-4,0,1
-0.004739173314071591,-4.907173576702566E-4,0,1
-0.004656033953526933,7.708372897850011E-4,0,1
0.008068953394259436,-0.004569666569835124,0,1
0.007327588936829268,-0.0037324576985880483,0,1
0.008379930139115085,-0.005236917177641647,0,1
0.007197377817262463,-0.005430463217969222,0,1
0.007271594642661588,-0.0053852544120550055,0,1
0.007722327305796653,-0.004125894930571709,0,1
0.009024851332646838,-0.003667314454800348,0,1
0.006573869785731142,-0.004659544650818378,0,1
0.005960666110728206,-0.005592823492552309,0,1
0.006066971443270365,-0.005234307575358148,0,1
0.006171591486711075,-0.004971284281366152,0,1
0.005947133635657395,-0.005027301991512887,0,1
0.00567172842588629,-0.00667207072560344,0,1
0.005193147440026237,-0.005046048948891987,0,1
0.004090273653974771,-0.005480951843811167,0,1
0.004070276129629011,-0.0053046534875251005,0,1
0.005357778609152859,-0.005337789445693728,0,1
0.007799478204207391,-0.0028369686598811172,0,1
0.007615057136463543,-0.003457738650324429,0,1
0.008582681443894687,-0.004778274756623147,0,1
0.007186374457133032,-0.004873474180541978,0,1
0.008466430652885914,-0.0047960043464846955,0,1
0.007349637548042812,-0.0038070280421646347,0,1
0.0067339793245064445,-0.0040023299402487935,0,1
0.008379363764091551,-0.004741766410905704,0,1
0.006886012072118103,-0.004677622101569829,0,1
0.004749492530592008,-0.004538971847318135,0,1
0.0057387315467703455,-0.005229507735629498,0,1
0.004973552013758417,-0.005761312621037277,0,1
0.005290258763468757,-0.005591465788040649,0,1
0.006034979703762185,-0.00536853017952735,0,1
0.00552410341514489,-0.005382890363622919,0,1
0.006257582029223935,-0.005887358617011728,0,1
0.007911491889129192,-0.0038609136441181075,0,1
0.00650938553237473,-0.005548217314343326,0,1
0.007571258842354461,-0.004841602027659277,0,1
0.005633113976743783,-0.0027122193184467773,0,1
0.004476992152224257,-0.005320114261263199,0,1
0.006126905681468103,-0.0037047163206906405,0,1
0.008622121449434384,-0.004943122385753903,0,1
0.0070876395655287555,-0.00548655725140479,0,1
0.006339408174683615,-0.0049855232697346786,0,1
0.006275293984343239,-0.004143646886652901,0,1
0.006121193432744793,-0.0034703179772142385,0,1
0.007145607578644121,-0.006981965832869635,0,1
0.005797138862319103,-0.005508748230364054,0,1
0.00520723589696056,-0.004963914964765665,0,1
0.004652231233878535,-0.00579794982400107,0,1
0.004774656882910231,-0.0020207711089973187,0,1
0.007628912679317555,-0.004647202168560327,0,1
0.006354889807047155,-0.004684222941642014,0,1
0.007435327290057853,-0.00474416550266283,0,1
0.005821585951894893,-0.0042473974829569825,0,1
0.006226672255896586,-0.005307119602036286,0,1
0.007314316934540263,-0.004230287856846882,0,1
0.006366509126745316,-0.0054970553640710206,0,1
0.005828566565771433,-0.0038566962675916534,0,1
0.006863638469862464,-0.005033014732651298,0,1
0.004843718187423213,-0.00506967203869694,0,1
0.005532602116448582,-0.0038720197701468113,0,1
0.005655097818447972,-0.004980375903747143,0,1
0.005727988897469735,-0.004964928894763648,0,1
0.004170270800457317,-0.004857115577880258,0,1
0.003515141724508094,-0.005233568151274073,0,1
0.007541644611320168,-0.004045399929501527,0,1
0.007822089678136277,-0.0042089606503131925,0,1
0.006512401394392518,-0.003413172941293907,0,1
0.007236916559001296,-0.0045417801586788336,0,1
0.006764764627001834,-0.004311595574285524,0,1
0.006715256294118129,-0.0038044474451501575,0,1
0.007384595171023985,-0.004022024623601295,0,1
0.0067854238693214825,-0.004274831903434602,0,1
0.007107453454013281,-0.005176540720973991,0,1
0.006534994284094123,-0.004256516167160533,0,1
0.0057419104934900884,-0.004981416763341584,0,1
0.005395083899132143,-0.005189842580532862,0,1
0.005401820760564606,-0.005097079591319847,0,1
0.006517668628682856,-0.005188284006058075,0,1
0.005750483864785822,-0.005598124349029399,0,1
0.007113313290398601,-0.005859024629390092,0,1
0.006880106579901899,-0.004212727432757516,0,1
0.006748009048205275,-0.0049026999035949375,0,1
0.009665395839991285,-0.005387475387122942,0,1
0.0068589353532902695,-0.00453270764857822,0,1
0.004725501141944159,-0.005065186751679034,0,1
0.006299820772646954,-0.0020257256459323735,0,1
0.008875258323972932,-0.006406868723667623,0,1
0.005735136548538201,-0.004906210789156802,0,1
0.007471588994064796,-0.004225951853676244,0,1
0.005637277398394274,-0.004745315839765774,0,1
0.0061401274514656405,-0.004707714656225576,0,1
0.0052874342659476265,-0.00602797513555151,0,1
0.004316076755415204,-0.004374020305569679,0,1
0.007712302779305592,-0.004002585910204635,0,1
0.006628117596840713,-0.00474478842782618,0,1
0.0066981795258901616,-0.004193318362899002,0,1
0.005689479604224065,-0.0033164870947459783,0,1
0.006263902781114049,-0.005582309487359288,0,1
0.006109840130180315,-0.004182263789376681,0,1
0.006955215197469263,-0.004526405383850477,0,1
0.006332756669803998,-0.004442217068957232,0,1
0.005799802779446374,-0.004839568131462377,0,1
0.005432093732071386,-0.004974506622635126,0,1
0.005590202543711925,-0.00584690185531366,0,1
0.005672344488245613,-0.004179504878182248,0,1
0.005032415291619285,-0.005128037944674538,0,1
0.006060738076171898,-0.008410831332538787,0,1
0.007165670800585704,-0.003026458594292564,0,1
0.007460909860847876,-0.004906527635408489,0,1
0.007153167840146954,-0.005484679093901078,0,1
0.007658042793293177,-0.005041563862893999,0,1
0.006908913654370185,-0.004934495985393593,0,1
0.006764299953884513,-0.004260447287831759,0,1
0.009860446853939903,-0.003327509120320062,0,1
0.0065121735515732086,-0.004983883906178666,0,1
0.006654360755059732,-0.004787810950159746,0,1
0.006402555239369538,-0.0025871052294309366,0,1
0.005139863203923009,-0.005736060781973841,0,1
0.00561831556338586,-0.00571040056757314,0,1
0.006055620810980218,-0.004077981535950866,0,1
0.008140829945134473,-0.0037754646363484237,0,1
0.0073086478582107105,-0.0028481682201194733,0,1
0.006359230081907033,-0.0041557138130402385,0,1
0.006641279271785972,-0.0037877453334267774,0,1
0.006097302684436312,-0.004943827534153332,0,1
0.008177929697636924,-0.004636307532589303,0,1
0.0065458825004770325,-0.004971682193168826,0,1
0.00776167165161073,-0.002261105980323267,0,1
0.006154146148416259,-0.0018005416535120478,0,1
0.0056244902787022984,-0.007015216641188367,0,1
0.002380097415735156,-0.005458153807401575,0,1
0.004411450174244041,-0.005713793100826863,0,1
0.003990865096532424,-0.004631659848311262,0,1
0.005124036168418592,-6.909406124118694E-4,0,1
0.007285930148096642,-0.003937590045027889,0,1
0.006406702999151965,-0.005268171880052705,0,1
0.005716366455243086,-0.0038474721124773688,0,1
0.0067993543435714895,-0.004002023741729669,0,1
0.00656160247073895,-0.004449804206101625,0,1
0.006722115859040258,-0.0040373643106750194,0,1
0.0031364017738034107,-0.0071535651352044455,0,1
0.004037951165190827,-0.0078071102214399895,0,1
0.005308640821888685,-0.0032544369811614094,0,1
0.00612901040534011,-0.0052710900832171415,0,1
0.005931876947088078,-8.62978254816516E-4,0,1
0.007214600711850919,-0.0036027636210395233,0,1
0.0056413921660239145,-0.002835127269146438,0,1
0.00593527586388314,-0.0035597843384059355,0,1
0.0070514702489468,-0.004225391469815353,0,1
0.006640214691479458,-0.0041160755551068766,0,1
0.00664481168290842,-0.004677580028970804,0,1
0.007732141291958272,-0.005547802206838802,0,1
0.00655032269311804,-0.004183847528863676,0,1
0.005665206929890804,-0.004137640303266676,0,1
0.008294492439661712,-0.004071943038753559,0,1
0.00624119288625668,-0.004071005980841799,0,1
0.004472520323882648,-0.004142113414365057,0,1
0.005046324312981772,-0.00431727131481342,0,1
0.00759942346239992,-0.005752296561735929,0,1
0.006708791403406314,-0.00128563529449523,0,1
0.006810008809524299,-0.003935096116816123,0,1
0.006794718933751298,-0.0036081225177614106,0,1
0.006720013638066419,-0.0034785643621761033,0,1
0.003856326642470442,-0.005402754522386782,0,1
0.005145017489636639,-0.0036412268407924795,0,1
0.006140709235375591,-0.0044422354273455835,0,1
0.005813117969604709,-0.006436954519838164,0,1
0.005206625357565567,-0.004446245200028108,0,1
0.005239903710972723,-0.004301040436423055,0,1
0.006747841604495474,-0.0033223963119256013,0,1
0.0068497146996226305,-0.0036259654565612962,0,1
0.0066833241125483405,-0.00373535469689206,0,1
0.005875195836490912,-0.0031281996108907923,0,1
0.006709539518104373,-0.0038170160465434526,0,1
0.007530489912824073,-0.0037905810301966246,0,1
0.006086723208701436,-0.0037564524831119922,0,1
0.005550565453076535,-0.004280407113381382,0,1
0.005759307691060047,-0.004317139269617252,0,1
0.00494450851248907,-0.0041370062896227446,0,1
0.0049862292948179435,-0.0037348490115818984,0,1
0.0068905418440603425,-0.0035235470754297385,0,1
0.007271943891993199,-0.0032788455916120036,0,1
0.00593978078390085,-9.071113977653553E-4,0,1
0.006599170208542944,-0.00348099056278315,0,1
0.006193408549845482,-0.0037892128431476963,0,1
0.005794340565702084,-0.003315327031257721,0,1
0.007319546479247282,-0.004186345684487589,0,1
0.005528034031440757,-0.004080623814024291,0,1
0.00431386490214865,-0.006386369910664037,0,1
0.006036679331680772,-0.003957578765665523,0,1
0.0075706841921447925,-0.004247600623401013,0,1
0.005901671871343032,-0.004229873640966846,0,1
0.006443345965857147,-0.0034537110513845385,0,1
0.00674287949616025,-0.0024175755168551424,0,1
0.0067111212203652204,-0.003203277294568706,0,1
0.006647780001893821,-0.0013512411089992302,0,1
0.005911470181325867,-0.003652657000914904,0,1
0.006193215610953531,-0.0033936399268743546,0,1
0.0051955614946286085,-0.0032240942084421466,0,1
0.005860127393221707,-0.0049214120174027945,0,1
0.00493385831439462,-0.003947295962727295,0,1
0.004998613944274674,-0.0014651492075920432,0,1
0.0078019279777000045,-0.0028459351077957293,0,1
0.006782388869123427,-0.0060151747201663145,0,1
0.007310162855492627,-0.0039004170253711967,0,1
0.00853102243443186,-0.0025096259205258454,0,1
0.006570391528948375,-0.0036859914009224146,0,1
0.004876235613807558,-0.0037692159353250087,0,1
0.005612368645800089,-0.002955512173139168,0,1
0.002974400784843644,-0.00457775081057731,0,1
0.007139634008202883,-0.005985416903953482,0,1
0.006539056144290789,-0.0029022993001492576,0,1
0.006430872964512934,-0.002586542155720715,0,1
0.006660438632209992,-0.0036212309638081735,0,1
0.006739244569036224,-0.003896249612436047,0,1
0.006043119254713865,-0.003122316939117636,0,1
0.006460415841645494,-0.001386502012438556,0,1
0.006133582548424875,-0.0040168011066468185,0,1
0.004382416995042933,-0.0035600791782038617,0,1
0.006908645665301529,-0.0030095750123371214,0,1
0.00598295996956431,-0.0032148237745197043,0,1
0.006478036403691566,-0.003002427207546784,0,1
0.006504730728118978,-0.0033471581103945445,0,1
0.006516487829447382,-0.003389392122886248,0,1
0.006691107387342676,-0.0037545805374457706,0,1
0.006144811714030734,-0.0037647273789164284,0,1
0.005664129308200749,-0.0031487280716833367,0,1
0.005015680206154909,-0.004179924194617212,0,1
0.008420166208196555,-0.002631684012910449,0,1
0.004964132702691845,-0.00255168672470672,0,1
0.005724685337744476,-0.0021253379799128945,0,1
0.005271507574982939,-0.004280196941766703,0,1
0.005002568924313273,-0.003752424564922286,0,1
0.004859111728718709,-0.00351812108976037,0,1
0.005386556477766614,-0.003194575411875548,0,1
0.0049397662590078785,-0.004110014773570891,0,1
0.0056722359707504335,-0.004054679217427425,0,1
0.006256418232911453,-0.003200140202938426,0,1
0.006573117663635892,-0.002920110775528649,0,1
0.006853293912652697,-0.002687889774902562,0,1
0.005149295058511159,-0.004507446327306666,0,1
0.005506722649428576,-0.004189650477795868,0,1
0.004503128158416856,-0.002606358040979693,0,1
0.005301563872026296,-0.004570989703437401,0,1
0.00651433363242525,-0.0036603095572336625,0,1
0.008413930507695358,-6.482532452383965E-4,0,1
0.005101092264754818,-0.0037753640468152242,0,1
0.00576249906966011,-0.002580610324263164,0,1
0.0052933254822628475,-0.003776688033060455,0,1
0.003848300175529619,-0.0023476785250120666,0,1
0.005966319232287964,-0.0031663769470152868,0,1
0.007470582898850326,-0.002666620587561416,0,1
0.006332287205865194,-0.00278759617650061,0,1
0.005430750066609555,-0.004916262797268882,0,1
0.005847232197847866,-0.001364750463648877,0,1
0.005740867615726497,-0.0030858597112340073,0,1
0.004020317113948308,-0.0029072583506099745,0,1
0.004991188797733042,-0.004702981417689006,0,1
0.005725472634950723,-0.0023159025854660367,0,1
0.008377660350687164,-0.00301025747937364,0,1
0.009167720766093202,-0.0036134553789894256,0,1
0.004853242780502888,-0.0031949979011713175,0,1
0.005548649966636684,-0.003579712099782438,0,1
0.00509769631101225,-0.0038145717015315187,0,1
0.005570461567258859,-0.002847024325778347,0,1
0.006250315659232636,-0.0018884527759849927,0,1
0.0058657174618935186,-0.0015423918993637186,0,1
0.005806921376083607,-0.0029032655178351666,0,1
0.006186103329684068,-0.00415315006019678,0,1
0.004742628082570462,-0.0028825916681951913,0,1
0.004894337363424792,-0.0019805595803670845,0,1
0.005369211253603768,-0.0015509549729035609,0,1
0.0057079171360100356,-0.002740210556462464,0,1
0.005716375357074501,-0.002810339488584734,0,1
0.005568602868252158,-0.002847789067664919,0,1
0.007801429918030419,-8.679034579487371E-4,0,1
0.004811501855979812,-0.0025458467573388167,0,1
0.0066533014925055315,-0.001508276949892764,0,1
0.006993452077937501,-0.00151222748699108,0,1
0.006616661117848926,-0.004845055715898698,0,1
0.00524762412486019,0.0011766917742315587,0,1
0.006057441435189189,-0.002283384435065952,0,1
0.005666465547612417,-0.0026111663794882293,0,1
0.00569657902149465,-0.003788500709926478,0,1
0.005100606850819334,-0.002094672831529383,0,1
0.0058130302344741,-0.0020266379393261446,0,1
0.006186184581493772,-0.003105696747833666,0,1
0.005765683898931956,-0.0021150855183442847,0,1
0.005477035540844427,-0.002458761913328191,0,1
0.005051171174816124,-0.002328166653039946,0,1
0.006060276061996315,-0.001858939080285928,0,1
0.006629123556962541,-0.0015476629616085617,0,1
0.005701592122751588,-0.0023245592438062273,0,1
0.005461528421538423,-0.002130284841541771,0,1
0.004327824787160652,-0.0017714185073973959,0,1
0.002662841985560864,-0.0020664400657294402,0,1
0.006610383455509402,-0.005467094890963981,0,1
0.004167330694387632,-0.0028114620764508806,0,1
0.00411708768531232,-0.0016876261593441369,0,1
0.005385748235155592,-0.0020598525302510887,0,1
0.006556071017643986,4.148408980449205E-4,0,1
0.005144408824761952,-6.89835183885014E-4,0,1
0.005787147039407487,-0.0015702524599689111,0,1
0.00878613047329022,-0.0010593073243149603,0,1
0.007464358723820909,-0.00266864022960838,0,1
0.008807420371393416,-0.0018016647082617656,0,1
0.008397542411611274,-0.0013557380757581508,0,1
0.008166673421452891,-4.797648554678846E-4,0,1
0.008409314382204236,-0.0024424661966909794,0,1
0.00859662477498128,-0.0017448185012776955,0,1
0.008268420506911957,-0.002833916022715882,0,1
0.008342200570468935,-0.002949024580874216,0,1
0.008805576946603385,-0.003279325906377252,0,1
0.008424191812565639,-0.00410343958076737,0,1
0.008590197197038846,-0.003725527861749236,0,1
0.007911702771856165,-0.0032909209085038474,0,1
0.007451584108175229,-0.005736589482324596,0,1
0.008317927741536647,-0.004192896723074475,0,1
0.009284006219903529,-5.976791517240547E-4,0,1
0.008352742065433122,-4.4409034349133754E-4,0,1
0.008630437274547362,-0.001929118997470058,0,1
0.008224590134053019,-0.0013255794908479113,0,1
0.0076741080474845985,-0.0023672018495176366,0,1
0.008539501753394638,-0.0018447597392672464,0,1
0.010805126312248187,-0.0033102959617006,0,1
0.008159731131934926,-0.0024935988357998413,0,1
0.00884458536187298,-8.643825915696878E-4,0,1
0.009194914958760228,-0.0016777105892044272,0,1
0.00930273152236197,-0.004098334021840148,0,1
0.00924238879940639,-0.004215403458995783,0,1
0.008848481912470589,-0.0031751382265134413,0,1
0.008341682848614414,-3.703597707754699E-5,0,1
0.007381389880711611,-0.0031613139614348655,0,1
0.007943333353877216,-0.004210216703782533,0,1
0.008567198897720058,-0.0016382186775244123,0,1
0.008518515818076649,-0.0016201320956684292,0,1
0.008494781703552369,-0.0022530999170669924,0,1
0.006499483789938025,-4.4078614235880734E-4,0,1
0.008577132707106873,-0.0010353272890329997,0,1
0.010626981767312357,-0.0027254159900704338,0,1
0.008108662974839332,-0.003413764622614035,0,1
0.007938715883767444,-0.00320684220213552,0,1
0.008626290330603302,-0.002323869189964027,0,1
0.007240103763895738,-0.004294708455384621,0,1
0.007867658457296579,-0.0037450240681679734,0,1
0.008972389244719449,-0.0030986742400015716,0,1
0.009096868300354326,-0.004851301150494565,0,1
0.003937017157661031,-0.005715583740219937,0,1
0.008983647468478,-0.0014746662132746073,0,1
0.007607011944892501,-0.0022051291912207186,0,1
0.008382804475011418,-0.0021524391793506644,0,1
0.008791924878550024,-0.0021677820763664436,0,1
0.009103629065023404,-0.0028677874476190253,0,1
0.008777933555813014,-9.065672399085646E-4,0,1
0.008624535462370696,-0.002864653534682974,0,1
0.008806689881871846,-0.004111751631835595,0,1
0.007462561557335845,-0.0031600202264069504,0,1
0.00748183431031777,-0.0036503906522454763,0,1
0.007809066698834983,-0.003501210544820295,0,1
0.007921956661378151,-0.0036783061003216044,0,1
0.006801039674197644,-0.004951103957755633,0,1
0.0062588628013324765,-0.004803809935640098,0,1
0.008378540692226216,-0.0012726412730732822,0,1
0.007481827171226997,-0.0014229240356552245,0,1
0.008551289866183935,-0.0015451921415846523,0,1
0.0068065848542832935,-0.0022796030014853425,0,1
0.008186861996612803,-0.0031725094796571742,0,1
0.006213527000519052,-0.0011323378087398225,0,1
0.008779030859303807,-0.0026279658809159434,0,1
0.008005704813165936,-0.002926208656972162,0,1
0.008304634175962685,-0.0036503014420099207,0,1
0.005706331138380722,-0.0030293804350829136,0,1
0.0075128586734573444,-0.0031323450881174473,0,1
0.008081937173600994,-0.0027266785953306842,0,1
0.007764723943745166,-0.004084850240396556,0,1
0.009866764734106713,-1.1066187310614832E-4,0,1
0.00870004468176585,-0.0012527013225744799,0,1
0.009333672456283408,-0.004140914945669934,0,1
0.009279182323945704,-0.002399511107910035,0,1
0.008471854633287925,-0.002839409589105069,0,1
0.009757374370387168,-0.004707052231750327,0,1
0.009270422739109194,-0.0022323474865385425,0,1
0.007487931863130415,-0.0030997335666978353,0,1
0.005810732429979284,-0.003511076224216584,0,1
0.006417691001585051,-0.0027996801098296694,0,1
0.0075718113533953645,-0.003149863987984353,0,1
0.008761501401721057,-0.004883133947628646,0,1
0.007883444136541238,-0.003634659341015012,0,1
0.011964530505130598,-0.0016188032690084779,0,1
0.007948336017576224,-8.265377387655926E-4,0,1
0.007398006353131558,-4.022621649810332E-4,0,1
0.008071426991247223,-0.0034109230789023982,0,1
0.007996217021745968,-0.0026233616456746473,0,1
0.009062647403644195,-0.0013782623701950878,0,1
0.008206730261128902,-0.003476390623832932,0,1
0.00840771414817734,-0.002695253123967169,0,1
0.007590772373841475,-0.0031699485100861423,0,1
0.006160908290029962,-0.003144943930897061,0,1
0.007385559751196109,-0.0030676976924354188,0,1
0.006371095243648395,-0.004971126776650084,0,1
0.007948216060860436,-0.002663048773254011,0,1
0.008961412626114279,-0.001515167878111133,0,1
0.00901416604086901,-0.0023267844226876793,0,1
0.007408890657149219,-0.0019377029571479665,0,1
0.006665783866237081,-0.0013297572865239775,0,1
0.0084668690383808,-6.802417883410174E-4,0,1
0.008082903397645322,-0.0017944827960487597,0,1
0.007860540938381691,-0.002921567379992914,0,1
0.005959139191261287,-0.005831757817639977,0,1
0.006363490499604022,-0.0039211744803046,0,1
0.00820214879783809,-0.0027279961039289977,0,1
0.007041330952584441,-0.0027758252694723203,0,1
0.00660930071117617,-0.004997401697160126,0,1
0.007945146709949693,-3.585013339568649E-4,0,1
0.007756413042725718,-0.002312904482821197,0,1
0.007520405762194302,-9.411418402516583E-4,0,1
0.009459759290209549,-0.0025510992393122907,0,1
0.007421043579495262,-0.001776857599180081,0,1
0.007073730361042199,-0.002319202139279353,0,1
0.008728856895657722,-0.0027817865563327707,0,1
0.007319162811450979,-0.003935251580000981,0,1
0.005078113051146927,-8.499399965767554E-4,0,1
0.007869098116125683,-0.0042739327995568385,0,1
0.007571925743956132,-0.0032103914702711358,0,1
0.007568636280680793,-0.004416862377649408,0,1
0.008463905145933967,-0.001457715389177917,0,1
0.007024400798252577,-0.0023459725574389054,0,1
0.007174636029463427,-0.0031401023958674704,0,1
0.007025373165998417,-0.0034490041104498887,0,1
0.007925953964127572,-0.0027209838128475433,0,1
0.007640234171329701,-0.0027119071836038534,0,1
0.007340497910324714,4.255043851574769E-4,0,1
0.008908508250444876,-0.003558209843610913,0,1
0.007960081887416945,-0.003417969353144583,0,1
0.006816718917065846,-0.004909128899275756,0,1
0.008760523771996494,-4.6113069317025023E-4,0,1
0.004449111455817044,-0.0017611388814858745,0,1
0.0076506655622860424,-3.72199705487772E-4,0,1
0.008966275219752226,-0.004111949635507193,0,1
0.006340423559337901,-0.004135064060360454,0,1
0.008181980927050612,-0.0024672690001827043,0,1
0.006853380993156005,-0.0016447465279685555,0,1
0.006716851667646101,-0.0027658898921552625,0,1
0.007917179449534038,-0.003111229628474852,0,1
0.007303789553720378,-0.003169294287508838,0,1
0.0034649345887510317,-0.005282903702374766,0,1
0.009242673347089671,-6.742675279895233E-4,0,1
0.007771744534821198,-0.001773435389080643,0,1
0.007564386689542336,-0.0013646143287620728,0,1
0.00793942627688993,-0.0022709686119198537,0,1
0.007758125014796435,-0.00228795837896109,0,1
0.007507668763985727,-0.003122904564837571,0,1
0.007253215927764054,-0.0023876625429661976,0,1
0.006955122330637237,-5.270754367392795E-4,0,1
0.006878568671457054,-0.002854063360370202,0,1
0.0073789592599002056,-0.003708017709926504,0,1
0.008276930528673843,3.140396177201779E-4,0,1
0.006219209943550304,-0.0030228975900666163,0,1
0.006310353667535158,-7.716924502445655E-4,0,1
0.006540093125448027,-0.0013271006453480626,0,1
0.009154228056023471,-0.004158774982796121,0,1
0.00948234711323536,-0.0027827644531352746,0,1
0.007159728840843846,-0.0012877486428271713,0,1
0.00778006416137814,-0.004294779999567802,0,1
0.007106690799645174,-0.002925069408361655,0,1
0.007172459555111236,-0.002736103945423178,0,1
0.007928510829116728,-9.218273100079002E-4,0,1
0.007723705958990045,-0.0010012845863951766,0,1
0.009008361984734597,4.972436139469002E-4,0,1
0.007492111946324265,-0.0026404875479041834,0,1
0.0057394697901940895,-0.002757154463159643,0,1
0.00796047827960737,-0.0029780740594412825,0,1
0.0077991880598625414,-0.0033677319170664272,0,1
0.007723729986058827,-0.003107646217775907,0,1
0.007038716705790631,-0.00439903402843211,0,1
0.00676334743510904,-0.001758700904768184,0,1
0.0065380362825886934,-0.0012305668722872277,0,1
0.007344591964508243,-0.0024295037318183173,0,1
0.008187477121566093,-3.499123983575704E-4,0,1
0.007609669123462184,-0.0018293961758279892,0,1
0.006989098769899405,-0.002084668828077725,0,1
0.007158724882066905,-0.0035068407189411035,0,1
0.008035556324409112,-0.004052160344162209,0,1
0.007039531574919543,-0.0029290165314988952,0,1
0.0072002190670929075,-0.004419822913703191,0,1
0.0075006713154568885,-0.002074788238550344,0,1
0.00657381095681162,-0.005287416989681128,0,1
0.006808404354205775,-0.0011191813247049905,0,1
0.007564504704148982,-0.0010973513344664791,0,1
0.006854528573510194,-0.0028490387687336097,0,1
0.005276093916214701,-0.002855319191948758,0,1
0.006935602518269832,-7.348971751244623E-4,0,1
0.0067406645419034175,-0.0032096530184027206,0,1
0.007593766699209508,-0.0015345986666370456,0,1
0.0059811298790029815,3.0889273985452276E-4,0,1
0.007484155883615925,-0.0016075501891087813,0,1
0.007226540739491029,-0.0018081660519533302,0,1
0.006955003475387802,-0.0022594751457383905,0,1
0.007389656740641812,-0.002288631617676652,0,1
0.008012484263517777,-0.003373636834911378,0,1
0.005291911546654218,-0.0026088616036116607,0,1
0.006850746369364335,-4.461852543233673E-5,0,1
0.006001677438695158,6.69946688934567E-4,0,1
0.00598576228064129,-0.002751640623482278,0,1
0.007015528425328481,-0.0026786829875339955,0,1
0.007243623490490136,-0.0023041360811788076,0,1
0.006709377046857971,-0.0024171950088852645,0,1
0.004570331126376904,-0.0033066912711685226,0,1
0.007628898048329935,-6.95002296417104E-4,0,1
0.007308951428351945,-0.0026100728515220254,0,1
0.005614909506439246,4.529456769302945E-4,0,1
0.006977221671297198,-8.172574614276381E-4,0,1
0.007064208630974281,-0.002248940507688164,0,1
0.006228542696837314,-9.365293179570113E-4,0,1
0.005823900361361225,-0.0035918317990857786,0,1
0.006729189899880556,-0.002807592241640833,0,1
0.0075532375668197075,-0.0024118464747170183,0,1
0.006180486494744721,-0.0020315905655919385,0,1
0.005622294269530793,-0.0028808908210088188,0,1
0.007281589322212565,-0.002763368031591948,0,1
0.006705939344947924,-0.0025817519481166327,0,1
0.005792032658647763,-0.002972939636078296,0,1
0.010463409673098209,-6.861395137073281E-4,0,1
0.007726174340500115,-0.005474998625482156,0,1
0.006562094556602517,-0.0026184295159052424,0,1
0.007610418332354216,-0.0019153846854597608,0,1
0.0070228333764050755,-0.0019909638251992324,0,1
0.006804988112604808,-0.0026935310991092693,0,1
0.006240306315139428,-0.0013885470291595298,0,1
0.004997779335213586,-0.0022564456833022006,0,1
0.005878891156607556,-7.841310560315027E-4,0,1
0.008491898202669509,-0.003098900383921227,0,1
0.006353437553307599,-0.002130388756348786,0,1
0.006781768650517622,-0.0024731510454375433,0,1
0.004806073865124049,4.2121044996740317E-4,0,1
0.006801592928358823,-0.001765383216131506,0,1
0.00606526156305875,-0.0026789382031465357,0,1
0.00641174203166432,-0.0025714411316992815,0,1
0.00645951940753418,-0.0025431499463577307,0,1
0.007046283222169582,5.71355528108786E-4,0,1
0.008118110356482333,-0.001346887765534136,0,1
0.006215887687959282,-0.001543020453528978,0,1
0.006343106336204598,-0.0022372975070197782,0,1
0.006073318229059959,-0.002431909085548605,0,1
0.006778677257973119,-0.002816850980199114,0,1
0.007140001962773212,-4.094079917906092E-4,0,1
0.006275599485788055,-0.0012101119111353781,0,1
0.006339270395818968,-0.0022310101679400255,0,1
0.007768345347488659,-0.0023500798638566123,0,1
0.005636979461289881,-0.0016273067850641274,0,1
0.0066776081175604395,-0.0028756608190303803,0,1
0.0058959747998655505,2.451103620725481E-4,0,1
0.006723268528046494,-0.0028487397474597914,0,1
0.005957660240117137,-0.0015963405972847123,0,1
0.005942926141517364,-0.002249039514020904,0,1
0.007125916786172948,-0.0029882359574645526,0,1
0.006558853827744422,-0.0014305434948905888,0,1
0.004684638110441917,-0.00136928464773687,0,1
0.006113916862086762,-0.0025367024063922576,0,1
0.005695766106110115,-0.0021538390254019347,0,1
0.005469737549444405,-0.0011507769569707998,0,1
0.005004080127651885,-0.001486623465904713,0,1
0.0063299973681394586,-0.001322729202976279,0,1
0.00501631492585963,-0.0019512954817313608,0,1
0.006981445279160114,-0.001984630168017627,0,1
0.005332188851299556,-0.0015783357494596679,0,1
-0.0075286037996416455,0.004934115457157791,0,1
-0.00415587981424491,0.005149366772406926,0,1
-0.00513419679074877,0.005930049572359441,0,1
-0.002963517147543643,0.006358389093871205,0,1
-0.0041778547345523226,0.006044475396236214,0,1
-0.004483539866711603,0.007147925617767882,0,1
-0.003783555955957494,0.006546439960638488,0,1
-0.0051407686137450274,0.007304185913196449,0,1
-0.003923607905413455,0.006435835835542631,0,1
-0.003726470818003579,0.005680679730367537,0,1
-0.004312483754036171,0.006938034921262757,0,1
-0.002486293981706028,0.0064725107534134374,0,1
-0.0029863306864157083,0.006171976171648505,0,1
-0.0019473070373686044,0.0067216591336173885,0,1
-0.002062547353590469,0.0071098528713463265,0,1
-0.002196751623328184,0.007377937824157837,0,1
-0.0021962888549197927,0.007264211088673788,0,1
-0.006772459877637005,0.005006890166410525,0,1
-0.005003169723131006,0.00505094996970051,0,1
-0.003783542441556699,0.0063005366572971835,0,1
-0.0053810583853161915,0.008211851898485055,0,1
-0.004882173968178743,0.0068726551751708,0,1
-0.003923720476498719,0.0052399572919222094,0,1
-0.003757212382509103,0.006602663878772096,0,1
-0.0015004591853123642,0.006850278535606771,0,1
-0.0035370797581783416,0.005912762315963484,0,1
-0.0030634574022788,0.0061258307391411125,0,1
-0.00302226839477369,0.006922478147851565,0,1
-0.00249234186456371,0.006273513497544877,0,1
-0.00219570073185834,0.006512662286612057,0,1
-0.00195771754362636,0.00817504945027229,0,1
-0.0012270863038446613,0.007402965781861007,0,1
-0.002544227391369434,0.007989686158058746,0,1
-0.00418965266919786,0.004838487778869768,0,1
-0.004765147708568392,0.0053383621684117075,0,1
-0.00434689857006802,0.006082796355150078,0,1
-0.005538918669359336,0.006167066646235092,0,1
-0.0029113386668352,0.006453329395500809,0,1
-0.003731872970772496,0.006431717386014479,0,1
-0.004687570997978907,0.005838032648071726,0,1
-0.0044552851711903855,0.00600637600975635,0,1
-0.003699742146261453,0.007133807742181254,0,1
-0.0023106927326946897,0.007039457004124969,0,1
-0.0029727779222891056,0.007072307305632968,0,1
-0.0033031977810613834,0.007170372791009853,0,1
-0.0031468942290141426,0.009807419298574578,0,1
-0.0028650247723633936,0.007072283893804307,0,1
-0.0021827489241442862,0.007001562296200703,0,1
-0.0024026891943033216,0.00613525874855655,0,1
-0.0023849842321630333,0.004041819764191957,0,1
-0.00403015914628615,0.006315391693479777,0,1
-0.003904639046196895,0.006503645297445088,0,1
-0.005609374529690177,0.006795459435595246,0,1
-0.0036143331096861564,0.0054827286942555065,0,1
-0.00404920750480054,0.008660477518724686,0,1
-0.005534467166080399,0.007654027715964403,0,1
-0.0038276403410589105,0.006245795858486126,0,1
-0.0025654051302055037,0.006490720770822102,0,1
-0.0028262301798682105,0.006804444026111741,0,1
-0.0033671418330234806,0.005178982654842386,0,1
-0.0024546258322808495,0.0074083081722870646,0,1
-0.003060470875693469,0.007436148902636447,0,1
-0.0018634224256528916,0.0060690731414789235,0,1
-0.004136191674787059,0.0063574914491896905,0,1
-0.004547732793616723,0.005851508140891777,0,1
-0.005455313790898496,0.005982656875259944,0,1
-0.003089692407558369,0.009374083775280193,0,1
-0.0029294672902344158,0.005372493458379925,0,1
-0.006461478857837074,0.0036499013859081267,0,1
-0.0031401724857824925,0.0083457975556241,0,1
-0.00333264259306031,0.006556896438219,0,1
-0.003544508435311717,0.007146548837027823,0,1
-0.0031532049120492852,0.006764734579537015,0,1
-0.003867161142165913,0.006121218332505913,0,1
-9.47783582381666E-5,0.008558318100039085,0,1
-0.002552477556036362,0.006602281534316374,0,1
-0.0024287017961644353,0.006668832113093118,0,1
-1.4850603733488414E-4,0.010032494927510106,0,1
-0.004891391349512522,0.008056264740678429,0,1
-0.0039479817720826805,0.005165964111849326,0,1
-0.004142992474973942,0.005739772383019558,0,1
-0.0034218396687376138,0.006850654565911695,0,1
-0.004705828223559737,0.004138270490773657,0,1
-0.002545528489015285,0.007295814632644013,0,1
-0.003185882880611286,0.004877443690192359,0,1
-0.004753093398006279,0.0038608923721843657,0,1
-0.00215285603543283,0.006058261585059528,0,1
-0.0016846532122583788,0.005202978481819675,0,1
-0.0022540128788591665,0.006144270446251723,0,1
-0.003994468113193167,0.0055139390178040835,0,1
-0.0011032003866572348,0.00684148698535328,0,1
4.683439427196183E-4,0.008039193818335283,0,1
-0.0027722690817097422,0.006805615543950601,0,1
-0.0026920217148633874,0.005865433789248685,0,1
-0.004208210887158913,0.005787808621375704,0,1
-0.005364149308035223,0.0052929647100361295,0,1
-0.004012911837082333,0.005865759873389309,0,1
-0.002766941903296486,0.006301155899558833,0,1
-0.0055934293539721324,0.005114828853547726,0,1
-0.0030931646424523845,0.0052978835460819025,0,1
-0.001568679950129278,0.007025814993565438,0,1
-0.0025881316938546274,0.005017724156701425,0,1
-0.0034696725257605063,0.006674038934311,0,1
-0.002373835191719508,0.006693792819132984,0,1
-0.004600961243409696,0.009473511097376814,0,1
-0.002245323075601343,0.007080184395647148,0,1
-0.0021350158387639017,0.006639659378854677,0,1
-0.005584146166121094,0.007159123864691181,0,1
-0.004297010388688135,0.004250261990830736,0,1
-0.002206912480963729,0.005171381440590758,0,1
-0.005816470172258416,0.007043290636940871,0,1
-0.0036012401239638105,0.006018808201701338,0,1
-0.0043274873994759355,0.005820889359284249,0,1
-0.003972658743503167,0.007742473227077249,0,1
-0.003138913453836457,0.00614817035874665,0,1
-0.0026038472733981933,0.005832780403340473,0,1
-0.0037564693435453945,0.0059050746368558196,0,1
-0.00217074518215884,0.007585973910805876,0,1
-0.0021791824248566924,0.006426258646958143,0,1
-0.003042844820791694,0.005962147500241977,0,1
-0.0038220544132008655,0.005967067250838487,0,1
-0.003975292280737625,0.006651561257682382,0,1
-0.0033768197689111163,0.0049946446115530395,0,1
-0.002954205987759245,0.005900281206645355,0,1
-0.0030516953127001337,0.004944096431457723,0,1
-0.0011891707277139894,0.004628962202896284,0,1
-0.0026297696933484556,0.008243681444953447,0,1
-0.0027232031089069616,0.00622237994832231,0,1
-0.0016422578629490864,0.003527749391078062,0,1
-0.0026025499354808365,0.004825161722308029,0,1
-0.0025509819382940947,0.006307691689667253,0,1
-0.0055844034870936666,0.005090556795085405,0,1
-0.003013234455922153,0.00640140017378744,0,1
-0.004986439416572178,0.0064549006914828445,0,1
-0.0040833955892965795,0.005527096246397391,0,1
-0.0030329946291825106,0.0038692729279970386,0,1
-0.0041183785986279395,0.004881005615052722,0,1
-0.002781244271821048,0.0045540563910006,0,1
-0.0030788935511248685,0.0063033059631590165,0,1
-0.003583637261027802,0.004718029095912047,0,1
-0.00355564828160941,0.004939628758747739,0,1
-0.003353282403509635,0.004613541134135075,0,1
-0.002544398460906997,0.006112942658685359,0,1
-0.0034395561717657404,0.00789206857356756,0,1
-0.0014436064402721437,0.007049163461706036,0,1
-0.004756828259736147,0.005386006854869692,0,1
-0.003425580240669701,0.0049169291246574836,0,1
-0.004375605993426928,0.005836679224424659,0,1
-0.002832652192643981,0.005383373457488936,0,1
-0.004094043955952539,0.00554994028676666,0,1
-0.003971589021802937,0.006573857415364422,0,1
-0.0034399328388957946,0.005839452527641989,0,1
-0.0014573445782636327,0.007174601927138596,0,1
-0.003866636870931122,0.005693107740685079,0,1
-0.0024531383470555615,0.00595306512251234,0,1
-0.0012097514396830417,0.004895321749948532,0,1
-0.0033498446192863885,0.00649146060758934,0,1
-0.005358822133886514,0.006036456070329437,0,1
-0.003934421833910411,0.005530270441020736,0,1
-0.0038667244577278966,0.005475237133669608,0,1
-0.003708840601112289,0.00570932060558874,0,1
-0.004142551129119496,0.0060243014264608295,0,1
-0.0025666603758834465,0.005818562043366486,0,1
-0.0034819439930282707,0.006705323746013562,0,1
-0.0036254040144416398,0.005013441724480425,0,1
-0.003556856351922648,0.0054593373405778705,0,1
-4.0768577596726144E-4,0.0076775417373979955,0,1
-0.0028943465275041787,0.0052638315744378585,0,1
-0.004013189974238709,0.005316170649608875,0,1
-0.003208422943590567,0.004992934617648958,0,1
-0.0038703696023189675,0.006295447836531278,0,1
-0.0037118109709542374,0.002240550712532665,0,1
-0.004399640459291376,0.004265893208856853,0,1
-0.0030996532668428048,0.005463472831774058,0,1
-0.0031571799965370317,0.005528853701013209,0,1
-0.0038084037316919823,0.004542985056909741,0,1
-0.002239150778091362,0.006284726472972615,0,1
-0.0024372079743481007,0.004928682598279849,0,1
-0.003940039770583842,0.007145534156158462,0,1
-0.004058885612643864,0.005069885706246725,0,1
-0.0031485568183655358,0.006370128818831536,0,1
-0.0035122424681889417,0.0052379350719678475,0,1
-0.003453175151699198,0.005041254059855936,0,1
-0.0017264635577283317,0.0046533909919714705,0,1
-0.001876946289330083,0.0059150463060883935,0,1
-0.0023207951168523165,0.00474334960235009,0,1
-0.0026903812269137356,0.005592032947335629,0,1
-0.0029846400762689445,0.0057782305396050495,0,1
-0.003085579152952857,0.005433943273513952,0,1
-7.730532342299089E-4,0.007021283354010612,0,1
-0.005424082300883171,0.00448373386035973,0,1
-0.0030147356643554723,0.00448777826623491,0,1
-0.003009674580373514,0.005334366412186336,0,1
-0.0036669859619996685,0.004540411306615589,0,1
-0.0028579746535140685,0.0045359541777009816,0,1
-0.0036620789956255846,0.005745806487553894,0,1
-0.0020396718265929177,0.005681668067270181,0,1
-0.00259382500123084,0.00721754720527416,0,1
-0.0018235237997388594,0.004826157856054487,0,1
-8.247116347384727E-4,0.0056870893289074805,0,1
-0.004154683492054794,0.0062958730220025036,0,1
-0.004997435718710916,0.005479655185334895,0,1
-0.0013669620804067082,0.00365961634089794,0,1
-0.00332962466058013,0.0052392803609966595,0,1
-0.0020538811860916287,0.003717756981936673,0,1
-0.0023443809005521486,0.00563037161270045,0,1
-0.002161252732470988,0.005326195618094603,0,1
-0.001619410675360375,0.0020133275254279105,0,1
-0.0017296235527688689,0.005897255478544213,0,1
-0.004878064803073655,0.003982917070089121,0,1
-0.00502988779882883,0.00492831789204191,0,1
-0.003600343575086179,0.004711060865927698,0,1
-0.003214788278351291,0.004701588437728173,0,1
-0.002964166606042099,0.004445380232410207,0,1
-0.003004491930366738,0.004447078716960745,0,1
-0.0026721375450057426,0.0050137658930198255,0,1
-0.003155216234549231,0.0038947192092726774,0,1
-0.0028993286318333834,0.006434188292576204,0,1
-0.0024926858217049434,0.005367097396355878,0,1
-0.0035912150669704154,0.004733957983836541,0,1
-0.002590501075926395,0.004714750085447593,0,1
-0.0038980102864446327,0.005237514752115214,0,1
-0.0020260225982288785,0.004096651675896439,0,1
-0.002772839256021953,0.003984053456892314,0,1
-0.003832186906015711,0.0025484502897640997,0,1
0.001219108470007301,0.005967845660940055,0,1
-0.002221976593920992,0.004940270287892486,0,1
-0.0017746594365291185,0.006000721212592076,0,1
-0.003174704590169823,0.00478228634573298,0,1
-0.003292319808670744,0.005776815373568653,0,1
-9.398599947494863E-4,0.001907524425154621,0,1
-0.0023180054799630673,0.005693242744221159,0,1
-0.0025209507567653545,0.004874112066512879,0,1
-0.0030878408391827095,0.005886430696593283,0,1
-8.152841536426815E-4,0.0048327268249610394,0,1
-0.0027872286328220913,0.004713716145770312,0,1
-0.004406504347279706,0.00472315106734405,0,1
-0.0032697715790226977,0.004437752374190913,0,1
-0.003979838489311866,0.006086248961603723,0,1
-0.0038591685506432247,0.00430427306867258,0,1
-0.0029126345477579452,0.005055947543733246,0,1
-0.0011047734364551846,0.0054451023413322015,0,1
-0.001577564321601053,0.0055115384037823486,0,1
-0.004501522842589002,0.0046325797899983865,0,1
-0.0013206733053580397,0.006101525980117081,0,1
-0.003100075141107202,0.0036995892066248952,0,1
-0.0018996695248522447,0.006233958181749233,0,1
-0.004041918375112551,0.005166922272123317,0,1
-0.002476601922165153,0.004962466286996988,0,1
-0.0023141051973838357,0.007502614710968656,0,1
-0.004430087603306934,0.005168162205426765,0,1
-0.003096189057935878,0.0052972606976799865,0,1
-0.0030849117674395365,0.004713458923838672,0,1
-0.002483613176121203,0.004222092518898207,0,1
-0.0028531832512620494,0.005113946622426555,0,1
-0.00447748311066522,0.004338347374727271,0,1
-0.003005129650457082,0.005218466525342845,0,1
-0.005339408253210379,0.006749204782731297,0,1
-0.00278352841756667,0.0038092169219530203,0,1
-0.0058798488655687695,0.0055365302687323025,0,1
-0.0026526026845810177,0.004212089804703153,0,1
-0.0021515109671727825,0.003976624086709606,0,1
-0.0024719806531038166,0.004790665170430355,0,1
-0.005872513374219285,0.004404557749209881,0,1
-0.0031350614812785072,0.004377556013237734,0,1
-0.0019372615330913018,0.0030702307339337265,0,1
-0.0018483609811989546,0.004017122013897857,0,1
-9.787020193283936E-4,0.006233122123031479,0,1
-0.0023380163003281786,0.0045560792078710105,0,1
-0.0033925044315367262,0.005951259291382133,0,1
-0.0030801890282538907,0.004227397280001928,0,1
-0.003332367656496067,0.0049535896467877765,0,1
-0.0025697107780601946,0.004610018010168083,0,1
-0.002944359397273546,0.004455785367258392,0,1
-0.002480035766052186,0.005106710012308576,0,1
-0.003573335753482846,0.005665865109388805,0,1
-0.0024625921125178635,0.0027868941524860085,0,1
-0.003022486970009268,0.0037573571708959396,0,1
-0.001739539411520155,0.0027156852978928187,0,1
-0.003451463961104048,0.0033455952418411164,0,1
-0.001666663275393949,0.0030726235176760553,0,1
-0.0013349276213044782,0.0031824687067289015,0,1
-0.002857235337256808,0.004951097129819918,0,1
-0.0024503514700836477,0.004146946059593875,0,1
-0.002898277688370747,0.004185587605807893,0,1
-0.004556583160549909,0.003932607355806378,0,1
-0.00247569132080386,0.0042189871266388925,0,1
-0.002427338803015146,0.0034172279039187143,0,1
-0.002990083305871243,0.003668924717861793,0,1
-0.002421466954076486,0.0052378279366841005,0,1
-0.002432407127944072,0.0035851437102522384,0,1
-0.0034557615695351884,0.005799768379468218,0,1
-0.0025951109532228148,0.003618006310408286,0,1
-0.0042792790796254985,0.003506115770683933,0,1
-0.0028430159064602068,0.003158271112504582,0,1
-0.001890182080767164,0.004362639027267054,0,1
-0.002388309696198181,0.0037660979645337597,0,1
-0.002969560997176228,0.0033941404473941048,0,1
-0.0016267972702145145,0.003561469902388256,0,1
-0.0024588134836903003,0.004267747381738222,0,1
-0.0014956014083150663,0.0032078684918602526,0,1
-0.0029000340762686777,0.002541036155689235,0,1
-0.005046398669581448,0.006511041167173396,0,1
-0.004714455423361702,0.00744644358010781,0,1
-0.0043099867829761,0.0036724323852422493,0,1
-0.0030305632787735,0.003943023803034949,0,1
-0.0031400758372100743,0.004791485461069074,0,1
-0.0034688499758951,0.005146061671143326,0,1
-0.0042132517133551825,0.006001927951685094,0,1
-0.0041123107215332,0.004738835707277024,0,1
-0.003570366579319005,0.004602961671941636,0,1
-0.0032974954120319148,0.006883989262169431,0,1
-0.0036657003327045658,0.004912541569721977,0,1
-0.0020144903432810415,0.002042739699178283,0,1
-0.0030433668953718665,0.00504104439749395,0,1
-0.0037580470157300336,0.0044462209657240214,0,1
-0.003718114755310057,0.003992748988585948,0,1
-0.003535946806306513,9.732770031842283E-4,0,1
-0.0029521519399675973,0.005010740768941104,0,1
-0.001983468399147659,0.0033897353366053617,0,1
-0.004944702112007203,0.006130482656279932,0,1
-0.004600952177120216,0.005540560178828332,0,1
-0.006886801764864851,0.005754224393047991,0,1
-0.0047674043944057245,0.0053935992299993995,0,1
-0.0040320101541074915,0.00463776831866305,0,1
-0.005734965859580625,0.007791420344859528,0,1
-0.003408224420290193,0.005765037811634364,0,1
-0.004096300428620125,0.004064526553043944,0,1
-0.003864098619748453,0.004594246564757684,0,1
-0.0030215162776864235,0.004221487250812548,0,1
-0.0033190867581776237,0.00413771533340787,0,1
-0.003839142950138133,0.004909380283082172,0,1
-0.003831111618020565,0.003270401330466691,0,1
-0.003263383474140998,0.0033673777829026303,0,1
-0.00267869219433742,0.002770707708793152,0,1
-0.003751371063171296,0.0013978755349027883,0,1
-0.00411844988901166,0.004876199839476594,0,1
-0.004925479085584109,0.0057838381218895864,0,1
-0.004456776859001054,0.005391532974202417,0,1
-0.004348680545078307,0.006417897997146801,0,1
-0.004002836666974653,0.00562858389051702,0,1
-0.004373095215229696,0.005228764845088537,0,1
-0.004308847100914985,0.004928738554049676,0,1
-0.003275486584942561,0.0035643848238421302,0,1
-0.003935315988412193,0.004671547140742416,0,1
-0.0034877392923200762,0.00452557156758276,0,1
-0.0038512402257605788,0.0037734212647253084,0,1
-0.0013071597111442988,0.0043490643625127895,0,1
-0.003745493179711802,0.003956027222111827,0,1
-0.0032200100801278884,0.0035040919704326713,0,1
-0.002650473073626785,0.0037090524103396624,0,1
-0.0027609431454940774,0.004199971065600671,0,1
-0.005021082047624975,0.005432789530219724,0,1
-0.0051328424690454955,0.0057042053724959,0,1
-0.003745890102599098,0.006792804745847415,0,1
-0.004878908090601515,0.004487388029212567,0,1
-0.00453229566745897,0.0038184185948192547,0,1
-0.004386795628625451,0.00509707862381199,0,1
-0.004490810494888718,0.004935808051612061,0,1
-0.00424384934252335,0.005401411304047948,0,1
-0.003958486193626096,0.004453522701399293,0,1
-0.0050044729191630445,0.004790904763750657,0,1
-0.0039060108327888445,0.003959996314089119,0,1
-0.0011972953622283076,0.003867109390557161,0,1
-7.491298984817324E-4,0.005000319791964504,0,1
-0.0032346688314545276,0.0037483831796430466,0,1
-0.0030926451105073214,0.003181441972814928,0,1
-0.0047346885396048356,0.003045384020247117,0,1
-0.005593780135295882,0.006036905187235164,0,1
-0.005602180878606417,0.005658423078729215,0,1
-0.004920003998425113,0.004693461095689991,0,1
-0.004662205313737634,0.005230489336009887,0,1
-0.004860474688273652,0.005484178476537371,0,1
-0.004552522789212447,0.004877490895754491,0,1
-0.004472893726804719,0.0038347545780976658,0,1
-0.003967585161800353,0.0033712622063557535,0,1
-0.004147328045522702,0.0029120351521699224,0,1
-0.004302259818340525,0.0031275157713720205,0,1
-0.003628114036967693,0.0028071969692332376,0,1
-0.0018871388240043684,0.004552451559804834,0,1
-0.0038005053314266114,0.0034161738665110437,0,1
-0.0029815598767827097,0.004332429093161575,0,1
-0.0029672049709742977,0.0031223181925896276,0,1
-0.0029342317758330938,0.0053435700948606755,0,1
-0.0054776799368924205,0.00603304406620428,0,1
-0.004061373412719768,0.005050472228193923,0,1
-0.0076714399800133235,0.006003676516300799,0,1
-0.004456198656089282,0.004838972856004288,0,1
-0.004398405356786565,0.004785508103764513,0,1
-0.0035884364100200756,0.003152120742809154,0,1
-0.004324501225497849,0.00464499393960497,0,1
-0.003900352902255122,0.0043903432358587905,0,1
-0.003612658455775238,0.005530626264110761,0,1
-0.003948419626865696,0.0024431740995773344,0,1
-0.0038162755547080534,0.004016840207256113,0,1
-0.0038059765224402143,0.006795561706825595,0,1
-0.00302866444800589,0.002426012151854134,0,1
-0.0024615576669422315,0.004159227334451077,0,1
-0.004494242316208885,0.005725141174466059,0,1
-0.005200908186703841,0.007446491319457158,0,1
-0.004719994107342347,0.005263118786866943,0,1
-0.0040308200286161755,0.00286361998125806,0,1
-0.00396353763389745,0.005263755783485803,0,1
-0.00394416243423364,0.004144413930166521,0,1
-0.004156122976391863,0.004160794480270283,0,1
-0.004308480119811287,0.004145391228889097,0,1
-0.0032537181759035895,0.006320490079418905,0,1
-0.003951156099038449,0.0034068080259794945,0,1
-0.00414512293449077,0.0025649471928055495,0,1
-0.004432581228818615,0.0025931366518748412,0,1
-0.004040855639674335,0.0021775181180486236,0,1
-0.003362996637959838,0.0033241565834130635,0,1
-0.005524049052036491,0.004267982437290997,0,1
-0.005374328633547476,0.004474792002043617,0,1
-0.0062105624674009575,0.005871269723561937,0,1
-0.0032906544685473715,0.006378141869980632,0,1
-0.003987549462024843,0.004355192966010603,0,1
-0.003872858442983368,0.005530936607504568,0,1
-0.004385751967071314,0.0050309004730035725,0,1
-0.004486470787077522,0.004872556777517996,0,1
-0.004080172949962809,0.004334972829530575,0,1
-0.004488715604897177,0.0038855584440171927,0,1
-0.0034329447318991605,0.0049332038352469815,0,1
-0.0036632186958336214,0.0035105510800916176,0,1
-0.003823823048126845,0.0035431707719398814,0,1
-0.0043511577434168095,0.002970429703402851,0,1
-0.005119052661989958,0.005490313462546631,0,1
-0.006681028409262148,0.005005571203406463,0,1
-0.003996143011853026,0.005732446593802498,0,1
-0.0037785167909391414,0.001283920418114529,0,1
-0.004143448925024085,0.00452329296736614,0,1
-0.004913921535884185,0.004632660259066422,0,1
-0.0036185768981708472,0.004673784937380829,0,1
-0.004562781011547688,0.004299152364808932,0,1
-0.0028327235587548107,0.002383852410751241,0,1
-0.002579328857610664,0.0041894349135519725,0,1
-0.003820757573920569,0.003641783377306656,0,1
-0.004009739971486941,0.0036954465511488035,0,1
-0.0036538190435694774,0.0028780780223651094,0,1
-0.00647768957515181,0.005502442956742961,0,1
-0.005305173953466784,0.004257133637659185,0,1
-0.004749370787451226,0.005975481845280231,0,1
-0.005031968744591893,0.006158770331011195,0,1
-0.007187695429628197,0.005248162701866176,0,1
-0.001171415089263838,0.003728432729825549,0,1
-0.004889534160742814,0.004020040107494942,0,1
-0.004346620820690904,0.004092272511479426,0,1
-0.00404273751664398,0.0056386181459558106,0,1
-0.002815660071192243,0.00301768579990951,0,1
-0.0032011058073193174,0.001908715784850447,0,1
-0.004390095860388972,0.002934156573663052,0,1
-0.005245407303086544,0.00365632342149454,0,1
-0.0051718834053689645,0.004563301748950337,0,1
-0.0047002836264918475,0.004434750856081435,0,1
-0.00662793482047419,0.006965879167504805,0,1
-0.0060831774575598,0.005613659281582746,0,1
-0.00461778310074676,0.0047847767469608,0,1
-0.004954113069645744,0.0038653643519323093,0,1
-0.0033253946358647074,0.001883141603291824,0,1
-0.002187991509607348,0.002420133578663565,0,1
-0.005416809073624729,0.006393288960022161,0,1
-0.002688739159878485,0.003838142796123121,0,1
-0.002614763235009814,0.003349386336434031,0,1
-0.0025580052460989293,5.694924977370605E-5,0,1
-0.005779282580626424,0.0058411018809517426,0,1
-0.006242993416845342,0.004087974255628349,0,1
-0.0050154606542472556,0.0031361880860280218,0,1
-0.004674750617556609,0.004414362028938433,0,1
-0.004482193670754186,0.00515055857113101,0,1
-0.004745589703577403,0.004543347224473304,0,1
-0.005226674888825143,0.002668672315015541,0,1
-0.005684740223224935,0.004402553348061688,0,1
-0.004862916180704706,0.002991249299773053,0,1
-0.005840260857874216,0.0019107518675900396,0,1
-0.0045309825670174445,0.004635065195421733,0,1
-0.00561848315338931,0.006297101811812735,0,1
-0.0050309237491106005,0.005682104227948254,0,1
-0.005980232833413265,0.006408435941616674,0,1
-0.005344435772538121,0.005855758560325788,0,1
-0.0061830048566076596,0.0049108977653173815,0,1
-0.004814861718827624,0.0032906410416908044,0,1
-0.005317715713982431,0.004027665429762463,0,1
-0.005131962774365824,0.003952074466427007,0,1
-0.007319927437059141,0.0026515934997426065,0,1
-0.0032136034577489605,0.004115916804757254,0,1
-0.002843417824260223,0.004971889297904036,0,1
-0.0042329467230319195,0.003340235214227722,0,1
-0.007493491369684235,0.00436861027593662,0,1
-0.005075376685914789,0.0052354923984781684,0,1
-0.003196227902416335,0.0063208999480738074,0,1
-0.005179286589646107,0.004707749230174559,0,1
-0.004778499738565438,0.0050733457030609636,0,1
-0.0043767194090498975,0.0016371658553118195,0,1
-0.0059690002068099705,0.0014497342607794656,0,1
-0.004424746203752144,0.003578260155965272,0,1
-0.005260193709965101,0.0026095361035324773,0,1
-0.003814651194699963,0.0032863570115853964,0,1
-0.0062782530326810585,0.005312076175590681,0,1
-0.005585681371615776,0.006081225015881802,0,1
-0.005997365576524917,0.00361988710829539,0,1
-0.001774308265255805,0.002901030875355778,0,1
-0.005378038618008952,0.004343765002541636,0,1
-0.006230173721938516,0.005168088127376885,0,1
-0.005019439691429188,0.0042587317152566395,0,1
-0.004515189059431586,0.0037730748943821937,0,1
-0.005552219705999761,0.004906455535089236,0,1
-0.002303987514216846,0.006321229680210188,0,1
-0.005720513932019724,0.0022367694705327664,0,1
-0.00696204876441945,0.0056185349920285605,0,1
-0.005538099082378769,0.004219082441686214,0,1
-0.006615040855628391,0.0039343061279361645,0,1
-0.005375400286433527,0.0036177370244457937,0,1
-0.0034485427926623396,0.0021163998205096205,0,1
-0.004273445850790034,0.003919080413385775,0,1
-0.005021185132906352,0.0030184949449758294,0,1
-0.00607294956103302,0.0042037831734364865,0,1
-0.005617872178164075,0.004670385947725632,0,1
-0.00634540877065843,0.005076195628163409,0,1
-0.005285723133567174,0.004241333908525301,0,1
-0.005461062985670152,0.0046871212696037,0,1
-0.005588982014146192,0.004525037318161648,0,1
-0.0053675097829673024,0.004188431420349948,0,1
-0.005172991652464967,0.004285393400798323,0,1
-0.004417483631012878,0.004979583292644703,0,1
-0.0042589055538750295,0.002969842530985717,0,1
-0.005120213096073874,0.003126373151890528,0,1
-0.004776523469790479,0.006117783036670884,0,1
-0.005331363084917863,0.0022979730104070984,0,1
-0.00517546748163958,0.004329951646109371,0,1
-0.005867527325606928,0.005533553643091267,0,1
-0.0050666919718430365,0.004894809853843505,0,1
-0.0053706205691216894,0.004007374360466134,0,1
-0.0051428628942622075,0.0040935172808963674,0,1
-0.005414542350759,0.0030457303617694785,0,1
-0.007119896917190365,0.00663688628741085,0,1
-0.004487113637324247,0.002312845079788155,0,1
-0.005823039435266946,0.004723807601607548,0,1
-0.004879590432180805,0.0045767893502257646,0,1
-0.0049575792479258545,0.003942845869092751,0,1
-0.0045462801474665466,0.004483605016881171,0,1
-0.005669215725598114,0.0028539025163277667,0,1
-0.005201074461196286,0.0024073935903772335,0,1
-0.0026245422330037397,0.003608396803297298,0,1
-0.004065592576537268,0.003258759400243108,0,1
-0.005599954819717937,0.004882260628886577,0,1
-0.00489855131091051,0.005313534400760669,0,1
-0.00599409883874694,0.004583681310386056,0,1
-0.004881270440299577,0.004039096285064326,0,1
-0.005354825494935276,0.004889004666313323,0,1
-0.004753441795427206,0.003961217989857633,0,1
-0.005353868303031341,0.0035653467363921786,0,1
-0.005088625742999053,0.0024998463842176876,0,1
-0.005435299124252398,0.0046996611005730975,0,1
-0.004812231840491863,0.00499208716853562,0,1
-0.005764588027738324,0.004287282316041396,0,1
-0.004898353874148181,0.004906883847371635,0,1
-0.004887741237609639,0.003414382344717628,0,1
-0.005218240865910054,0.003523698292473966,0,1
-0.0049410150138690994,0.0034952672655498957,0,1
-0.004803366397332658,0.002997164352674636,0,1
-0.007782544736088414,0.004974285344496785,0,1
-0.005514093856562028,0.0039554894281018434,0,1
-0.004369256955017346,0.0043223720931101885,0,1
-0.00675053466377015,0.004947527036856123,0,1
-0.005411880787082827,0.004122465267521442,0,1
-0.007445298048986294,0.0015492349804097038,0,1
-0.007075325347490095,0.004744821175855865,0,1
-0.00507614691068914,0.0027325110543630253,0,1
-0.006767455440617415,0.004182135844114304,0,1
-0.0064912696713771865,0.004244872565648597,0,1
-0.006227366174469714,0.004096954182558832,0,1
-0.004943228664719915,0.0032165320983909033,0,1
-0.005997660955261481,0.004153923056108733,0,1
-0.007261273342479539,0.005225435375751348,0,1
-0.0059386457446494074,0.004280587627837842,0,1
-0.009115589632160897,0.004654673030315461,0,1
-0.005930176197541322,0.0024261553681136036,0,1
-0.005662625797036623,0.0037650498555147826,0,1
-0.005287769698577203,0.0023024226670885503,0,1
-0.006387182104408886,0.004977527036669356,0,1
-0.005179980237570408,0.004615105925202261,0,1
-0.00585661922957344,0.004082359694621532,0,1
-0.005850021597733535,0.003836715326581458,0,1
-0.006805704233825957,0.0033175323705751827,0,1
-0.004513095507196316,0.0026247313545867752,0,1
-0.0018883059176649395,0.004215135495512547,0,1
-0.005241801880002742,0.003930991800012515,0,1
-0.006674761518879157,0.003198441058922754,0,1
-0.005796168600200507,0.0036111586646215403,0,1
-0.005541977521706401,0.0033001514275555195,0,1
-0.0052739277011601155,0.004650971500371676,0,1
-0.004685066233858053,0.004457578744070741,0,1
-0.005211331774860162,0.00400975198704358,0,1
-0.005530301254624526,0.003508100125513708,0,1
-0.00635044605570785,0.004029823040528458,0,1
-0.00563040597438844,0.004603832205922628,0,1
-0.0058413085874290185,0.0026204654549482555,0,1
-0.005716173343161863,0.002930804697502797,0,1
-0.00480514801593456,0.005053417203708465,0,1
-0.0046198061967809905,0.003344182082499744,0,1
-0.006328568680828688,0.003645292963913895,0,1
-0.006888426414935963,0.0022552906398273158,0,1
-0.005583878992987717,0.004443935669799741,0,1
-0.006675126155862713,0.0037334503829642533,0,1
-0.007626008309761157,0.0035068650198614697,0,1
-0.006683094554627574,0.004731548928474235,0,1
-0.007102106390473836,0.0048223713748569525,0,1
-0.006589589281423168,0.004062868394674617,0,1
-0.0069367239098339206,0.005146296668947313,0,1
-0.00802481708132,0.003701406521774447,0,1
-0.00625909042692055,0.0032113810639091264,0,1
-0.007206773174339858,0.004085981448271176,0,1
-0.005893153093469886,0.004546469448021184,0,1
-0.004513506536742651,1.6131715297499266E-4,0,1
-0.006127611000981891,0.0015467428108063292,0,1
-0.003990179689966854,1.2369731778829915E-4,0,1
-0.007877541019671492,-0.001068294681596735,0,1
-0.004954549192571624,-6.556344033812438E-4,0,1
-0.005205548911134387,0.0031727726099116476,0,1
-0.005010310409371225,0.0011507134144017543,0,1
-0.006124060265743154,8.619182109191172E-4,0,1
-0.0033634004506733657,0.0029317476384978767,0,1
-0.006059186494283916,0.0019850378124218475,0,1
-0.005939637811939357,0.0015575693293270593,0,1
-0.005622157544918334,0.0025260568237166284,0,1
-0.0055163368549744195,0.0017161703000240383,0,1
-0.006330850583432218,0.0024915357701019557,0,1
-0.004075404957856611,0.0047433256870749695,0,1
-0.006760451081724641,0.0030021430975162864,0,1
-0.005123665273905086,0.004369485866793598,0,1
-0.0062963572793350115,0.005161088617067356,0,1
-0.00627940829184402,0.004902381745139897,0,1
-0.004511747892471414,-8.909256593275728E-4,0,1
-0.00567929076314398,1.1570278417910288E-4,0,1
-0.004920763096667893,9.860394993589937E-5,0,1
-0.004150033165046608,-4.237973089147506E-6,0,1
-0.005195897076901441,9.111516148012764E-4,0,1
-0.005974737772140773,0.002905664202368952,0,1
-0.0029263815860205837,0.0012658586069220707,0,1
-0.005155353371825705,0.0016207166604123593,0,1
-0.005931430719847904,0.0016444115532099643,0,1
-0.007700831880604802,2.585487653929602E-4,0,1
-0.0052335357050277585,0.001842381545664452,0,1
-0.00652380726032445,9.667945459389186E-4,0,1
-0.00608639059108512,0.0016402965967165445,0,1
-0.00601683426770065,0.003325001140758479,0,1
-0.006968984503069968,0.0025297915727631837,0,1
-0.0057626868241227374,0.0025863377047401935,0,1
-0.00590458494378645,0.003506041861131254,0,1
-0.006785309489932803,0.0033116788196255204,0,1
-0.004797516187971512,6.461174114198326E-4,0,1
-0.006782421483981404,0.001250879377788452,0,1
-0.004183572913237185,6.107574122964204E-4,0,1
-0.0075048709689053035,0.0013175431559768608,0,1
-0.004611785274555347,-3.253401851571934E-4,0,1
-0.004506709709724981,0.001585184842409436,0,1
-0.0056329069614173355,0.0023808728543892347,0,1
-0.003982784910745407,0.0030224821918395303,0,1
-0.006047286960922037,0.002481485811615904,0,1
-0.005828027712989874,0.0020514636000681903,0,1
-0.00530976481502648,0.002956825842590534,0,1
-0.009042922193283167,-1.1922857320809325E-4,0,1
-0.006961838212413375,0.0024819670081633167,0,1
-0.007528057414549956,0.0023872392082805853,0,1
-0.006433047396549559,0.0030717208595343938,0,1
-0.005725669832429949,0.0036611806504020083,0,1
-0.006276813958070104,0.003208930114675041,0,1
-0.005671478667813794,0.004134149506867786,0,1
-0.00561407374856804,0.001502021376793468,0,1
-0.003918285972435013,8.263417342762874E-4,0,1
-0.005244631522832087,0.0013465487753850692,0,1
-0.004576567386161872,1.4038824995077178E-4,0,1
-0.004332851667512192,0.0018874935411070167,0,1
-0.006417486193980794,7.482590742707662E-4,0,1
-0.005085220221953201,0.0020342688681862504,0,1
-0.004415446721325228,0.0023438592304174063,0,1
-0.005205914524526519,0.003464776174657221,0,1
-0.0039011691429208474,0.004658326486332637,0,1
-0.00459718245296866,0.002179038063238756,0,1
-0.006385810285948412,0.0029738479324435876,0,1
-0.005762160855435661,0.003254086884652265,0,1
-0.006299136339240673,0.0038379577551178757,0,1
-0.005974393294637743,0.0031785467545931366,0,1
-0.007055250907427548,0.00469424829977178,0,1
-0.004342125779118662,5.140945282852889E-4,0,1
-0.004942445628117793,6.60014019292492E-4,0,1
-0.004368869660312234,2.3782195775655648E-4,0,1
-0.005347226327005793,0.0024490487673019716,0,1
-0.005302885758446045,0.001319500889790816,0,1
-0.005449912146711186,0.0013372952178763674,0,1
-0.003820906448400569,0.001828243302275055,0,1
-0.004652563778987775,0.0011952058919798478,0,1
-0.0063620767761669965,0.002296833467146538,0,1
-0.005141071823073897,0.0013975281686879463,0,1
-0.00564600628551519,0.0022528431482843553,0,1
-0.006125852607107467,0.0023726159587471192,0,1
-0.0059516996139138455,0.0028663963316942842,0,1
-0.006225507664863116,0.003626804936997762,0,1
-0.005016625787545482,0.006382807049013412,0,1
-0.006417990254714528,0.004141280630063235,0,1
-0.00752302692626237,0.004323889698647093,0,1
-0.004881724149401193,6.33909266321807E-4,0,1
-0.005353905557988268,0.0010562964929707748,0,1
-0.004230749766828341,9.34201316849838E-4,0,1
-0.005224259219061565,0.0021511222755440577,0,1
-0.0042716837194922645,0.0013710231666652967,0,1
-0.00533535893916795,0.0017658450629342505,0,1
-0.004299842743357985,0.0018547746262204884,0,1
-0.004376098338290619,0.001518601960806514,0,1
-0.0063158193760695395,0.001966932057106374,0,1
-0.0068741061911804765,0.004495572603919066,0,1
-0.006280845668943478,0.0020423326273601174,0,1
-0.007616566764462007,0.003899651576610655,0,1
-0.00624895545481779,0.0031144009712914954,0,1
-0.005260636517869547,0.003151359994734351,0,1
-0.007281010258916504,0.003282178569348554,0,1
-0.006659378047114739,0.003906870893247776,0,1
-0.004912644487498319,5.755478034712225E-4,0,1
-0.0064176879071062625,8.997867338578567E-4,0,1
-0.004463868170895061,9.092218401655769E-4,0,1
-0.003995149570270546,0.0013967649698028977,0,1
-0.00482768630947357,0.004331079939605363,0,1
-0.003983826649916514,0.003910160154440707,0,1
-0.004718289749316108,0.002685059182815969,0,1
-0.0037089470684201972,0.0013230032712715147,0,1
-0.005419749672194701,0.002536821903733631,0,1
-0.004911921243572418,0.0018561488529467895,0,1
-0.005824814453162831,0.0023710719350177973,0,1
-0.00635657289874112,0.003423186194382995,0,1
-0.006434977901381996,0.0014899056565634541,0,1
-0.0048863979704693635,0.002086125690880699,0,1
-0.004684160751856906,-8.694115531152229E-7,0,1
-0.004063497301327792,6.305107651335888E-4,0,1
-0.008521179428046147,0.0016091165938713064,0,1
-0.004912000452832965,6.943252682317787E-4,0,1
-0.005975283392284456,0.0015258239777813348,0,1
-0.005734963912015525,4.765420391228284E-4,0,1
-0.0054996092963738264,0.001380783537839633,0,1
-0.006187543242627398,2.1761008138092508E-4,0,1
-0.005873413320100717,0.0019321045707613477,0,1
-0.005634873214581794,0.001832298612283885,0,1
-0.007115520445055504,0.002712294228865067,0,1
-0.0034706073595369537,0.0017540687163739971,0,1
-0.0053691850631525685,0.003066709265363637,0,1
-0.005385935003688127,0.002661916614784887,0,1
-0.007864204238301042,8.091256983093528E-4,0,1
-0.005887824234919999,0.003296601369805531,0,1
-0.004495897807294532,9.373145578227012E-4,0,1
-0.004783478618598161,8.554460013022386E-4,0,1
-0.005228446724076856,7.936997762782535E-5,0,1
-0.004603562668738966,0.0027479292934554493,0,1
-0.005958812341199714,0.0018708245356717009,0,1
-0.004413307380709996,0.002232207479689298,0,1
-0.0041528489131941,0.002861308410380741,0,1
-0.005083564457515102,0.0014026063258941975,0,1
-0.0051910511627656294,0.0022047098057182356,0,1
-0.006188841646916717,0.001594817695860148,0,1
-0.00550742354316977,0.0023559006632018586,0,1
-0.00558464632922483,0.005392495291727055,0,1
-0.00425525378371217,0.003090520779398496,0,1
-0.004294290405190569,0.0034278976944069994,0,1
-0.005433769910501089,0.0029641070820589244,0,1
-0.0020873790465710932,-0.0017470534631991712,0,1
-0.004418731706481478,0.001875072591289751,0,1
-0.00677600600840727,-4.277142947342872E-4,0,1
-0.0046042504816511285,0.0012385679921001565,0,1
-0.004703347638554131,0.0019894428156635503,0,1
-0.006094847029245826,0.0038173567849466373,0,1
-0.005093899197807213,0.002893316034325037,0,1
-0.005184329471568209,0.002255571496116285,0,1
-0.004710905504135656,0.0030332539538584233,0,1
-0.0030901295029165604,5.841923774792205E-4,0,1
-0.005840595088352674,0.002641107893125053,0,1
-0.0069921186226067425,0.0036389928365591147,0,1
-0.004326036695277789,0.0035674301232342803,0,1
-0.0045024482499520894,0.004327056430169445,0,1
-0.005254800405858319,-7.235336808134767E-4,0,1
-0.003465492706646345,7.135172532216832E-4,0,1
-0.0037714237521327045,0.0023052709063854765,0,1
-0.004890674176600263,0.0021647721320797145,0,1
-0.0033917366687229705,0.001849264955194501,0,1
-0.005835825332465266,0.0023776246274433755,0,1
-0.005688766175102491,0.002121057782485853,0,1
-0.004994191409957291,0.0021854327176057276,0,1
-0.0046169557635261345,0.002895759372126876,0,1
-0.005703225422856033,0.001945080292774813,0,1
-0.005097951425377965,0.001685245741521972,0,1
-0.0043367758087609455,0.003924348307824377,0,1
-0.004842014035240249,0.0025070576237751,0,1
-0.0070354141520022374,0.006719420783643399,0,1
-0.005365353016335377,4.648119940186316E-4,0,1
-0.0042442639398108115,5.841609793069805E-4,0,1
-0.004214688189310987,0.0019760033304739837,0,1
-0.005715463284478871,0.0015288173202811404,0,1
-0.006616688906668285,0.0029330307185629883,0,1
-0.004403487850375197,0.001765348976321733,0,1
-0.004732360728398172,0.0020733453259798385,0,1
-0.005246610752194852,0.003258409451461833,0,1
-0.005232692171594852,0.0027263726625939926,0,1
-0.004407664851139324,8.693978985550607E-4,0,1
-0.0027124722278073893,0.0013381040039233026,0,1
-0.006351147415278402,0.005646052393013397,0,1
-0.00478875558115715,0.0011203890006368396,0,1
-0.0025214080460899467,0.0023919303612761084,0,1
-0.004412271820421581,0.0018453044290249897,0,1
-0.005094675704284193,0.0014757705539691053,0,1
-0.004514816818164763,0.0021651620299329125,0,1
-0.0034707605877094807,0.002745737585584185,0,1
-0.002663940892372787,-0.0010899414146772757,0,1
-0.004208958577136781,0.0036323758918227022,0,1
-0.0037677426434168343,9.861790083299405E-4,0,1
-0.005444666774685962,0.0021807772135925088,0,1
-0.005400910774166408,0.002439800564808584,0,1
-0.0023857030691884994,0.00401375126157943,0,1
-0.005188914825652971,0.002928741951467973,0,1
-0.004224403905354335,0.0013501143343133965,0,1
-0.004420033691788893,0.0013517801729651263,0,1
-0.004518395889659536,0.0019636715085331407,0,1
-0.004078085897418111,4.660940184881903E-4,0,1
-0.004038251893057866,0.0011745339693731002,0,1
-0.0038574168708692697,0.002312342258646712,0,1
-0.003919876223264776,0.002996191849407277,0,1
-0.006083479174455701,0.001872789917059165,0,1
-0.005342832989453961,0.0030812723252874818,0,1
-0.00560168481307641,0.0024710455712855873,0,1
-0.005662571884552405,0.004624356862404769,0,1
-0.0044526924725408505,0.0032529819807632456,0,1
-0.002013662256286168,0.0011003944414981531,0,1
-0.004194786476374179,0.0015866060527917666,0,1
-7.086310065516658E-4,0.0025106882426759024,0,1
-0.0058931108357008705,0.005366959635918205,0,1
-0.004212505059762604,0.001569761183248417,0,1
-0.0038781983898294606,0.002934748378946265,0,1
-0.0047312486456451966,0.001163734275371941,0,1
-0.005572740855062599,0.002833055886904231,0,1
-0.005700472672332155,0.0022592692205997893,0,1
-0.00527063897854146,0.0028683932132206797,0,1
-0.005144042349505734,0.003063562285299422,0,1
-0.00493175087743231,0.002945082366231481,0,1
-0.0049996068759154974,0.0018229452341040583,0,1
-0.003649962274378771,0.0012946061182109818,0,1
-0.0049380955980215325,0.0026730232856214116,0,1
-0.006081640281699618,0.0022451157571761883,0,1
-0.0047085419925125185,0.0021829498460055434,0,1
-0.004801326203919931,0.0029887078683202297,0,1
-0.004008299303791392,0.002914984166461071,0,1
-0.0045559720776972915,0.003323142652176263,0,1
-0.004418448447481722,0.0041300321717126455,0,1
-0.002230663220483535,0.0025707962040710493,0,1
-0.005846940077299879,0.0046840617952452965,0,1
-0.003934447124393774,0.002317369702329968,0,1
-0.003789359975474441,-2.511695244453576E-4,0,1
-0.005150422465706795,9.503125569669099E-4,0,1
-0.00773919052491551,9.472668522691639E-4,0,1
-0.0040223680726080655,0.0011263203292078475,0,1
-0.0033130839978347147,0.001654843509442675,0,1
-0.006248230772879148,0.0027114393299891635,0,1
-0.004767358093580795,0.0030285815638615115,0,1
-0.005129685933857831,0.002735555644597339,0,1
-0.004898586254302273,0.003929550692596825,0,1
-0.0033897726823549205,0.002130603108455276,0,1
-0.004224604633452419,0.001222977567173757,0,1
-0.004212631855063716,0.0013868673609151554,0,1
-0.004127225759299066,0.002082927346996965,0,1
-0.00349469826530489,-7.825447220675994E-4,0,1
-0.004995165710642363,0.003313158741118406,0,1
-0.004508329714350856,0.0028530015278268946,0,1
-0.003886619309869275,0.0022599780077196124,0,1
-0.004033494101564773,0.0017608622313234658,0,1
-0.005339125736463256,0.003005694282770773,0,1
-0.0038850804081914693,0.0011630861876648056,0,1
-0.0031799332273329036,0.001066097145945093,0,1
-0.002950872921207577,0.00233242205793848,0,1
-0.004058439044494941,0.0022250351343838246,0,1
-0.004858923850480854,0.0026303551330379856,0,1
-0.004498421034041659,0.0016954548514275664,0,1
-0.004250280694282589,0.0029236607553373476,0,1
-0.004470206651642091,0.0028688932311813644,0,1
-0.0026591842942007868,0.004305272953142707,0,1
-0.0038663438811841924,0.0024478388185340816,0,1
-0.003973487625379411,0.002082440061089723,0,1
-0.006580731477549767,0.001493194700773945,0,1
-0.003521686658303843,0.002589599481852081,0,1
-0.004803861906670842,0.002642471355232399,0,1
-0.004214154614643769,0.002314648503171779,0,1
-0.004104813213663159,0.002535492504646595,0,1
-0.0053626227367350255,0.0017700932382697721,0,1
-0.005357021238259688,0.0026381504328207915,0,1
-0.00456402974211395,0.002098128412492629,0,1
-0.003793131882416032,0.0019531928571954495,0,1
-0.0042065154139211,0.0022710578004182247,0,1
-0.003892219051643663,0.003393817551513484,0,1
-0.004055922296524871,0.0021977937972991815,0,1
-0.0023232887494823626,0.001465601354506642,0,1
-0.0037515029421296797,4.819022770358699E-4,0,1
-0.0019435301946649412,0.0016883385256234757,0,1
-0.004691405403132054,0.0031960958794149978,0,1
-0.0040472192528539916,0.0037852734103385045,0,1
-0.004373800219965414,0.0024931577932334236,0,1
-0.003966525143444996,0.0018858062780486321,0,1
-0.005055512706341754,8.0982025388911E-4,0,1
-0.0037655573695761207,0.0014041605729748408,0,1
-0.0024197573143134067,0.001458929157343718,0,1
-0.004237406342427886,0.002816120185795545,0,1
-0.004604006637647932,0.0036218324227859674,0,1
-0.0035784259160855547,0.003797911282290896,0,1
-8.478365564440522E-4,0.0019952229147884195,0,1
-0.003287643586963984,0.00414005436119556,0,1
-0.003817656371544882,0.002458077509216431,0,1
-0.00392882674815772,0.002582170359801785,0,1
-0.0062788296085534365,2.446145771226572E-4,0,1
-0.0034884881204177653,0.0015858187110707742,0,1
-0.004371580714648195,0.0032529578597528938,0,1
-0.0045839892226662154,0.0017424633275327417,0,1
-0.004162647874056416,0.003981464228410017,0,1
-0.006891159293637508,0.0013177824188660852,0,1
-0.004703528586873527,0.0024371021747061922,0,1
-0.0040592011438521924,0.0026580117293257275,0,1
-0.0051420217876038425,0.0033886113178945828,0,1
-0.0036405771504486512,0.0031511277283782146,0,1
-0.0021925412729127884,0.0014845926483218386,0,1
-0.0023863815677420577,0.00548193060473901,0,1
-0.003115877823384523,0.002166891326324573,0,1
-0.005864134761096645,0.0022278898110182307,0,1
-0.00382169731490761,0.002892244384432697,0,1
-0.0034978123964393287,0.0039730686569190415,0,1
-0.004845684645240652,0.004358807186112502,0,1
-0.003936309655304603,0.0018024585907148397,0,1
-0.0047004419474164305,0.004282149812076471,0,1
-0.005619492125522797,2.648874106373597E-4,0,1
-0.002955460335894706,0.002858422012228585,0,1
-0.0032481264164804778,0.004377756380766961,0,1
-0.0051895318758060595,0.001514479461502693,0,1
-0.0034994542972965168,0.0022708145103057533,0,1
-0.0028456408938455063,0.0029241128695966646,0,1
-0.00345530291025283,0.002444624949351383,0,1
-0.0013629450946860118,0.0015738402176984595,0,1
-0.0019456579642568568,0.0031161583650078494,0,1
-0.0032689289837786947,0.003574325860952139,0,1
-0.0018562730820314457,0.0028114665728811166,0,1
-0.003625662128580495,0.0036283273737956296,0,1
-0.004251727335172863,0.0016279874931997417,0,1
-0.0036053555257690743,0.002966828459402691,0,1
-0.004288003944302664,0.0026161068785458905,0,1
-4.1179700905522634E-4,7.582218134217951E-4,0,1
-0.003751790397817697,0.00139104352726978,0,1
-0.0029101353206550514,0.0017956662762944444,0,1
-0.003463726071594195,0.0033559303216028455,0,1
-0.00322939447791139,0.00391457871725027,0,1
-0.003713717721285923,0.003447954096491313,0,1
-0.0020646559828264837,0.0033479101606148087,0,1
-0.0016717773184033113,0.0020862052145824905,0,1
-0.003517254190370875,0.003437086621241376,0,1
-0.00280428441920574,0.00379725230415549,0,1
-0.0031561533311019736,0.003470230521491588,0,1
-0.003101879499175573,0.002561230503219367,0,1
-0.003871143787510676,0.003283673507928734,0,1
-0.003625636789244304,8.183715406595057E-4,0,1
-0.0032552993969351303,0.002973998534251724,0,1
-0.0032648701749423384,0.0029722360699465096,0,1
-0.003928822369951987,0.0022155963354286855,0,1
-0.0023913915312002033,0.004008922421431465,0,1
-0.0029485134417490616,0.003961525543370746,0,1
-0.0019925040056847426,0.0030592332955041665,0,1
-0.0017167348386920318,0.0039213508259368915,0,1
-0.0034978507825118325,0.003010097111337816,0,1
-0.003204284660488005,0.0032460036802689674,0,1
-0.0035716531151991837,0.004918158552061988,0,1
0.001468577363899112,0.0065719028730992736,0,1
6.955737114885401E-4,0.008068357960780556,0,1
0.00111191074431711,0.007416853061227263,0,1
9.397593138876239E-4,0.006740421103287689,0,1
3.54096735661863E-4,0.0064416183988390595,0,1
0.0016075652637515406,0.005831739646679841,0,1
0.0034287920216316973,0.006646772108918229,0,1
0.0017495005205273588,0.007375460284838841,0,1
0.0025681992183502374,0.0057631512263205,0,1
-4.6059841488122925E-4,0.007804587066280241,0,1
0.005090055582482778,0.006817977883916629,0,1
0.0013552013324689715,0.006027649373080392,0,1
0.00122189391650674,0.005406141651051094,0,1
-0.001758103085023417,0.004133221876573719,0,1
-0.0014488504062778642,0.004653843396294564,0,1
6.256513410264979E-4,0.004148160619785907,0,1
0.0017596147752951977,0.00685818453683996,0,1
4.867849384486281E-4,0.008226038841542237,0,1
-0.002427476175394102,0.005958551437638657,0,1
0.0015029817480904687,0.007065634094046309,0,1
9.581485722585834E-4,0.007396363036442667,0,1
9.69714031073141E-4,0.007292185222525751,0,1
2.1907512594004555E-4,0.008095886796221861,0,1
0.0010325439724474903,0.005913668478329535,0,1
9.455154812618514E-4,0.005994221702353791,0,1
1.5329809320832724E-4,0.0058121749897991825,0,1
9.760823143358828E-4,0.005713231805326041,0,1
6.76706930126675E-4,0.005439559722234238,0,1
0.0015818529345736168,0.0037785720560771997,0,1
8.682175126908396E-4,0.004887507951760186,0,1
-4.7854622132031136E-4,0.008790961998811355,0,1
0.0010542431220671236,0.007479813503668371,0,1
3.1675770142865873E-4,0.007614139673610088,0,1
1.7893665285898338E-4,0.007918358855230321,0,1
1.839154439360832E-4,0.008102033482196423,0,1
6.902232103356402E-4,0.006774234411232284,0,1
-0.0015705891895230692,0.004776045710593792,0,1
7.108010451576075E-4,0.006565530227988463,0,1
9.20946447491266E-4,0.00605947431936061,0,1
8.901041506933245E-4,0.006090063866914854,0,1
-6.016752047669194E-4,0.006134019840625256,0,1
5.139189574127381E-4,0.0060342165375476915,0,1
3.1218335131100985E-4,0.0063560649934713285,0,1
8.970699128962002E-4,0.005174894635266251,0,1
0.0011585123526391882,0.005967046292162366,0,1
0.003916409384116669,0.00520010375884706,0,1
0.0014791712894148188,0.007420199396683376,0,1
0.0031771059419776443,0.005757430055975436,0,1
0.0015889721362184002,0.0057751050059818105,0,1
8.784891332909791E-4,0.006815225966711626,0,1
6.785565407838047E-5,0.006343812974614008,0,1
9.137511522292954E-4,0.006459853029539775,0,1
5.382933594012169E-4,0.004836420857661829,0,1
-3.3429094006878123E-4,0.005648851723438195,0,1
5.034264152330731E-4,0.006000237811892851,0,1
7.229311658296E-4,0.00493050093071586,0,1
-1.951516417027079E-5,0.006194152471328986,0,1
8.110919073835255E-4,0.005164275950585037,0,1
0.001441590889400416,0.010451818237856297,0,1
4.0045850930514067E-4,0.007164402479617942,0,1
8.664351014167346E-4,0.007506057354141412,0,1
0.002654080688708045,0.00706549198404568,0,1
4.968445003855213E-4,0.00743426305446521,0,1
0.0010539111478738146,0.006215647223548717,0,1
6.499776984043293E-4,0.008022663661860361,0,1
9.183967928455788E-4,0.006255501177968011,0,1
-3.701875579649E-5,0.00713510546352677,0,1
6.725081451830159E-4,0.006293559128023795,0,1
0.0010688917580729256,0.006489516295764498,0,1
0.0031262890142739076,0.007589566047896139,0,1
0.0011910632483551258,0.00401915263245529,0,1
0.003007346272517616,0.005504413884463404,0,1
0.0010541417314707195,0.006350952328781011,0,1
6.328276191676806E-4,0.007922894996784516,0,1
4.863425845598862E-4,0.006671658305884156,0,1
-0.0010387998459868905,0.006933960577342661,0,1
0.0013444467895594107,0.007155966433186725,0,1
3.5255509762186415E-4,0.0063991060922440595,0,1
-0.0020842726610301424,0.005944672903692618,0,1
-2.4090925648822007E-4,0.0064246865854111785,0,1
8.914844789201611E-4,0.006374099316196294,0,1
0.0014753261094278508,0.005406396606240525,0,1
8.996147450724763E-4,0.0045039796721066064,0,1
4.3660546846831065E-4,0.005578874006426403,0,1
8.944577455345992E-4,0.0072913807265119444,0,1
6.140285619548687E-4,0.0076481330877371115,0,1
-0.0014691813013826412,0.0069882553363857505,0,1
-1.6629653512138448E-4,0.0069462626842347755,0,1
-5.282983901081193E-4,0.006907699843168776,0,1
0.0011167059728503053,0.006058886586652355,0,1
3.8173652058367164E-4,0.006442446002094518,0,1
0.0023699388767775133,0.005950905200245812,0,1
0.0023481240168657783,0.006907121069119964,0,1
3.53514222546136E-4,0.0053131068616591925,0,1
9.111178010445512E-5,0.005236201214812347,0,1
0.001483818442223047,0.005673275763142596,0,1
5.846368361886061E-4,0.007967893196864811,0,1
3.2633143477245867E-4,0.007576693060680344,0,1
0.0017081623418226752,0.008175290174206101,0,1
3.769078124775818E-4,0.007051602654489734,0,1
6.884436809805579E-4,0.006566238412483226,0,1
7.738804576953147E-4,0.00785727348404503,0,1
0.0015469303930885064,0.006447844984620441,0,1
0.001364038704323926,0.0043065936549650415,0,1
0.0013992559174267412,0.00823146922164409,0,1
3.823885613423588E-4,0.005898994003114113,0,1
-0.0011770462825018938,0.005404618170118303,0,1
2.46497004177293E-4,0.005085539634213481,0,1
4.16095532893307E-5,0.007326385695493831,0,1
5.431634337950166E-4,0.007686863913919348,0,1
-0.0011585951346682875,0.007558834665418912,0,1
4.5700749356049293E-4,0.007222583642485089,0,1
3.670801535501593E-4,0.006829696201464028,0,1
-1.2941838618187233E-4,0.0060196580500360645,0,1
2.1182986150536154E-4,0.006265117214902285,0,1
1.7248642283522755E-5,0.006913272255391557,0,1
0.0025986029853130995,0.006843447948458354,0,1
2.512415388480998E-4,0.005914800867836193,0,1
0.0014844683811912074,0.006178330370152639,0,1
0.0030429954877476684,0.00889350673990668,0,1
7.258168162847398E-4,0.007143068618228359,0,1
0.0012001158349197662,0.006989301526949574,0,1
0.0010499158455829398,0.008396972843523566,0,1
4.2938389791384254E-4,0.007109888541149747,0,1
5.546406834921268E-4,0.006847701153911457,0,1
-0.0011129643198634516,0.006357418450801305,0,1
-7.718043670278847E-4,0.005791298774886321,0,1
2.8382462451166575E-4,0.004744779471648518,0,1
1.2167523760429739E-4,0.0053080339701620585,0,1
-0.001577477900047245,0.0062495792509576,0,1
3.677220409762951E-4,0.007736686985577916,0,1
-9.64742833924799E-5,0.008489500075190781,0,1
9.953722988409232E-4,0.007948422640974557,0,1
-3.0856611533244056E-4,0.006833400441302231,0,1
0.0014684211088590623,0.006866959967054203,0,1
-0.001537638197493667,0.00632731753169753,0,1
1.0421954188379855E-5,0.007795050927808513,0,1
0.0011190768282581314,0.005999447587615162,0,1
0.0022709677642738665,0.006570527969325379,0,1
-1.6929843940083477E-4,0.0062735363791467606,0,1
9.888226813211901E-5,0.007737287397575966,0,1
4.979871187745849E-4,0.007523351848419001,0,1
9.005852613676916E-4,0.006037117419751192,0,1
0.0018179426370120342,0.0054875996293013984,0,1
-4.815174736929738E-4,0.007332400643968208,0,1
-5.04624234068305E-4,0.008751310889683029,0,1
6.426962865608628E-4,0.00764470063832125,0,1
-6.220917563539757E-5,0.006211914293399952,0,1
4.56166834929866E-4,0.006966192843846027,0,1
-9.804357936533822E-4,0.005047467875077012,0,1
-0.0011824086700869454,0.007203289813793117,0,1
-8.226992092446715E-5,0.006761477627674954,0,1
8.77010514175815E-4,0.007445674111074069,0,1
9.015199191472556E-4,0.007373885622499518,0,1
6.83869055386642E-6,0.006783316241563964,0,1
0.001266662074920063,0.007358399217879893,0,1
-4.4967982709406633E-4,0.005440880968850956,0,1
2.609252404963317E-4,0.005434602218782854,0,1
-3.0445785377595076E-4,0.007054493553913232,0,1
-4.910075401474781E-4,0.007225901073067638,0,1
-2.1248883677726704E-4,0.007544300256395428,0,1
6.486055557564017E-5,0.009269538072270976,0,1
-1.8241316143275147E-4,0.0069910070441843355,0,1
-6.151880346608702E-4,0.007024820811064397,0,1
-3.344820345441378E-5,0.006799277559188431,0,1
-0.002565507672883678,0.007729408531766593,0,1
0.002157309382498939,0.0044626395811935395,0,1
3.7600462154839553E-4,0.005996324778021171,0,1
-7.583266310864478E-5,0.00816777684722458,0,1
-6.196792478278339E-4,0.007590253080200395,0,1
0.0011398244814919498,0.005807980936452726,0,1
-2.8624607786302005E-4,0.007558274572875546,0,1
-3.428967713738509E-4,0.005695565183247582,0,1
-7.509782907962199E-4,0.007295770583594331,0,1
-3.338157313382042E-4,0.005977887018706444,0,1
-7.691022482499918E-4,0.006249363157236661,0,1
-5.59948568310222E-4,0.005651132954060671,0,1
-0.0016866831658807688,0.009861667423652565,0,1
0.0018074236619774681,0.0065167685516334005,0,1
-0.0010443219522473584,0.007062501833206571,0,1
2.3894824718118581E-4,0.006831396190962114,0,1
8.40887421570497E-4,0.007331105204384089,0,1
-2.1494817019352465E-4,0.006857731206363229,0,1
3.5486512097762394E-5,0.005570733637783873,0,1
-3.2961425462339127E-4,0.0058298970239049975,0,1
-8.586101943686764E-4,0.007392513441025302,0,1
-0.0012780647149015553,0.008315269209402506,0,1
-2.556584279064908E-4,0.006323998887147844,0,1
5.478031284668432E-4,0.007441629581225705,0,1
2.6938182505880273E-5,0.005795281223080478,0,1
-0.0021850329423853993,0.007670637797021731,0,1
-3.898123668718178E-4,0.006313480132570555,0,1
-0.0026482628395614917,0.009774434961335114,0,1
-3.833405029932699E-4,0.00800455691379851,0,1
-0.002435800402788289,0.005607827540260617,0,1
-0.001057613386488319,0.003468434519874567,0,1
8.406571193697455E-5,0.006182869830506934,0,1
-9.105508746344791E-4,0.004095320503717533,0,1
-6.185753177335011E-4,0.005580598567557418,0,1
-3.909164413525427E-4,0.007859988857217202,0,1
-0.0010710108346831725,0.007909695875143709,0,1
-7.966326873874724E-4,0.007114879762548196,0,1
-1.2638590898793109E-4,0.008344816632897418,0,1
-4.455883089098427E-4,0.006716837930798546,0,1
-3.1239612882996237E-4,0.006897237901765242,0,1
-0.001874599917573309,0.006607042987697714,0,1
-1.0278241884828552E-4,0.006834237519873538,0,1
-6.780905838259469E-4,0.007272308972252036,0,1
-5.126054441506004E-4,0.006949329657389806,0,1
1.8038301886215725E-4,0.008018989088299601,0,1
-0.0013785192071853187,0.005641716942250779,0,1
7.219871016181522E-5,0.008016794956603547,0,1
2.966742237577249E-4,0.007939375579238572,0,1
-0.002004520465982247,0.0069152674464758625,0,1
-5.75389113798706E-4,0.007170910040310683,0,1
-8.92828378855874E-4,0.006699700385586115,0,1
-0.0022407305149731273,0.0051520455649237355,0,1
-0.001986301104402809,0.00634092749398782,0,1
-0.001360617645684281,0.008253871860515464,0,1
-0.0010952764487002868,0.006818451987834942,0,1
-0.0013376553198090892,0.003397111411990757,0,1
-0.001133651000421477,0.00800098564803653,0,1
-7.669094978495107E-4,0.00836411754227179,0,1
-8.085601813300824E-4,0.007064302415321116,0,1
-8.132095736031921E-4,0.006733544333727574,0,1
-0.001165455629653614,0.005964586744377758,0,1
-4.038516378582638E-4,0.007848727901934334,0,1
-0.0015072858344889663,0.0035187760619486384,0,1
-3.101582004351372E-5,0.006799971972301013,0,1
-0.003627756332340188,0.006690824385377285,0,1
-9.838636543442994E-4,0.008476833877923461,0,1
-6.792661798260481E-4,0.006734346217329597,0,1
-0.002075831394476767,0.00891098794940383,0,1
-0.0011499660586002426,0.00683018966484868,0,1
-0.0015149335857879548,0.007423541943571153,0,1
-0.0018204267101951375,0.007036154459772157,0,1
-0.0012847260826943589,0.005904073048207396,0,1
-0.0028605569539137707,0.007799490330061339,0,1
-0.001461001781153766,0.0090337567220822,0,1
-6.224922787604966E-4,0.0100616481983668,0,1
-0.0018343772219739161,0.009172441016495553,0,1
-4.2001949030466963E-4,0.00983729499025434,0,1
0.0010769509100412781,0.008485707397900463,0,1
-0.0011377856553856465,0.007001308994741332,0,1
-0.002286666804690675,0.011164640832333376,0,1
-8.776261298288004E-4,0.0010860172606804617,0,1
-6.945912081726572E-4,0.0056629772668996695,0,1
3.9958509820124774E-4,0.004845493327014528,0,1
-2.6270750342030077E-4,0.003666922489321351,0,1
-0.0012922804095819912,0.0036269944971024357,0,1
0.0010294810177133586,0.002440671337032417,0,1
-3.593722082736901E-4,0.004901316586462452,0,1
-2.9019831683626954E-4,0.004054287636022836,0,1
-2.6680727404779784E-4,0.003731064751158366,0,1
-2.4317752853816738E-4,0.004125999173190491,0,1
-0.0023902876739335917,0.0033367350568048303,0,1
-4.067214292774326E-4,0.0023042740109987005,0,1
-0.0017871938218068535,0.0041722238752910455,0,1
-8.562057068040557E-4,0.0010621817014216056,0,1
-0.001154128546892945,0.003166058746826814,0,1
1.7681893195301454E-4,0.00434946363093291,0,1
-0.002269487459121654,0.0035421686177356045,0,1
-0.002406608091698757,0.0032575547837593276,0,1
6.867144784441005E-4,0.0052074269742496855,0,1
-4.1726689865807223E-4,0.005035301216714556,0,1
2.805451206160842E-4,0.004864365918647987,0,1
6.347980195766293E-4,0.004941903537475437,0,1
1.8926724290994464E-4,0.00466553524998652,0,1
0.001095094803597861,0.004754088143531732,0,1
2.2103464466610205E-4,0.0038997851976868758,0,1
-8.902960850258481E-4,0.004368905497980104,0,1
3.628971481115491E-4,0.0046389913508827,0,1
-1.397036824315473E-4,0.002652449914201628,0,1
3.461831258941931E-4,0.004344625257967611,0,1
-7.682740691421532E-4,0.004159400347299598,0,1
-0.0019433989317103487,0.003640469772222009,0,1
-0.0013121209812300193,0.003520548579345975,0,1
-0.0016855810648733534,0.0035807411469768223,0,1
-0.0020192142179752065,0.003379248015209918,0,1
-0.0013096922005791645,0.004306872077671414,0,1
0.003613973925604299,0.006556140433017932,0,1
2.7967264617214906E-4,0.005033262705425802,0,1
3.118909837508255E-4,0.00410647208965394,0,1
-8.547056885567169E-4,0.005249530767581806,0,1
0.0011865940469584888,0.004627026550447943,0,1
-0.0010466441691505618,0.004052262651254006,0,1
0.0016487962056968165,0.0049610392600416145,0,1
-7.960082913774387E-5,0.0045506944039029815,0,1
-6.349131441334866E-4,0.003973280190281366,0,1
-0.0020758863666254903,0.0038907478103664935,0,1
-0.0021726788993839926,0.003924466450684297,0,1
-1.801629183089442E-4,0.004245477565300458,0,1
-0.0012346848412052953,0.003820384333924828,0,1
-0.0038639051055834157,0.0021862943264524403,0,1
-0.0020277516418953302,0.003711565545178183,0,1
-0.001961512505172828,0.004714882508631074,0,1
-0.0022822441555889507,0.0021633882395702703,0,1
5.371129878445898E-4,0.005351476892477912,0,1
8.920670159983197E-4,0.004417193085822127,0,1
3.562922802184166E-4,0.006163915246778797,0,1
0.00194470342793358,0.005952105907526449,0,1
3.0768733518347094E-4,0.003482741710051404,0,1
-4.721569064506247E-4,0.004512197334021737,0,1
-7.284747835233133E-4,0.00436884823745914,0,1
-3.566443705043324E-4,0.006179926107388253,0,1
-0.0013783729024523196,0.0038915981821786693,0,1
-0.001354488611247708,0.004298870417414331,0,1
-2.4304851365907236E-4,0.0014816209356640967,0,1
-0.00119420088827595,0.0049483292476180905,0,1
-0.0018696529547294679,0.0037486667045576244,0,1
-0.0020657077570366764,0.004792571135273468,0,1
-0.0021399608462375082,0.003646340082201186,0,1
-0.0023057435223948534,0.0028233426582903597,0,1
4.171427096846093E-4,0.004935166168869069,0,1
6.816348292872775E-4,0.005867721478220968,0,1
8.619136578685011E-4,0.00599449062823242,0,1
1.8863214016850733E-4,0.00454014900946929,0,1
-0.0023120776694894223,0.007163542710700688,0,1
2.0179688232052203E-4,0.005632134762601837,0,1
-0.0036056994118874087,0.0049233227337299726,0,1
-9.937803609483722E-4,0.005499160135521726,0,1
-0.001101085455837256,0.004033850457472032,0,1
-8.186746171066545E-4,0.0035760860047320416,0,1
-0.0027135858757781654,0.0056873703184159175,0,1
-0.004917044946212147,0.0062027437110102465,0,1
-0.0019559729155761074,0.0021050961941895697,0,1
-0.0016737462577841,0.003344675995845263,0,1
-0.0024203811905645586,0.005096066377820626,0,1
-0.0033202717235149507,0.004297322725641726,0,1
0.0011344382549852356,0.006318081871129356,0,1
-0.0018664647194215067,0.006841573664543147,0,1
1.0309739784852582E-4,0.006009411284642292,0,1
-0.0015444785001389328,0.004188995260807432,0,1
-0.0012409720713234844,0.00555181054141664,0,1
-0.0010164198186635937,0.004762272525139029,0,1
-0.0023711960375805206,0.0047632006118619044,0,1
-0.0014467528677353822,0.006186133355027221,0,1
-1.9286662338141943E-4,0.00388521136286242,0,1
-0.0015645405853769276,0.00458075449732248,0,1
-0.0012735753629332797,0.004039234662190661,0,1
-0.003957135542932067,0.0038352951064832513,0,1
-0.0021296517496656843,0.003368362184922876,0,1
-0.004887299944550822,0.0020862858872490427,0,1
-0.00220931791230058,0.003731105156790453,0,1
2.5386756363499514E-4,0.004740841494830583,0,1
9.742293974056955E-6,0.00401123253766379,0,1
1.1268912537902005E-4,0.006035294892934927,0,1
0.001963957110627067,0.00491681636247018,0,1
-0.003011390317828504,0.002282449997536285,0,1
-4.086239759327424E-4,0.005210791611693857,0,1
-7.157823059308635E-4,0.0047098553501931815,0,1
-2.0341977021623688E-4,0.004017453632113739,0,1
-0.004560516405105069,0.0024287081419314895,0,1
-3.081555724111362E-4,0.006138533518724957,0,1
-0.0021829593917302714,0.0032774442976855507,0,1
-8.925241333451998E-4,0.0036613587234034773,0,1
-0.001806828534493419,0.0031954303196428955,0,1
-3.379493418807702E-4,0.0033634746056079136,0,1
6.557449959246172E-4,0.005207387947696864,0,1
4.478559737801254E-4,0.004728138180078306,0,1
1.5842523726574523E-4,0.005663612608210316,0,1
-0.0031936814517078325,0.006311154013254422,0,1
-6.755725149609175E-4,0.00482685492951845,0,1
-1.67990454670844E-5,0.0049761418442114385,0,1
-5.083826113053674E-4,0.004967071698625445,0,1
-1.317470563391628E-4,0.003991031437180286,0,1
-0.0022235641115910193,0.004157165280965453,0,1
0.0013315939000473767,0.0059540605097066985,0,1
-0.0024461050136818053,0.00721384693199032,0,1
-0.001612315193547339,0.004381926359252567,0,1
-0.002113179755780831,0.005038418907851561,0,1
-4.1549858948484655E-4,0.007340526345752612,0,1
0.0012420270840201321,0.005443787513428954,0,1
0.00107613976554584,0.004739246972102903,0,1
5.78687549252201E-4,0.005603558258858294,0,1
-6.102884596089723E-4,0.004619856803624253,0,1
-0.0014202020611047109,0.004819085268685462,0,1
-0.002513032503594512,0.003517123522008756,0,1
-3.1731003822491267E-4,0.0034539109687179792,0,1
-8.239574394853971E-4,0.004989104006588222,0,1
-0.0013297922786269939,0.004161398983760674,0,1
-4.419025228738076E-4,0.00478214857029319,0,1
-6.832235903153555E-4,0.004422138124520718,0,1
-9.571568542215659E-4,0.004332238543838384,0,1
-0.0021846565976514757,0.004454619498852232,0,1
-0.002223259412406138,0.0036022839798347133,0,1
1.7682178020142706E-4,0.004531160005124606,0,1
-2.302995660890467E-5,0.005419207311812171,0,1
-1.5611215272994834E-4,0.005627903351440443,0,1
-4.7986362134181147E-4,0.0030539432168211126,0,1
-6.710182232472005E-4,0.005397942681769607,0,1
-6.336181171046096E-4,0.00502806205083976,0,1
-6.025277028276935E-4,0.005565870290093185,0,1
1.0729578627547597E-4,0.007185268344964738,0,1
-0.0016623539231513434,0.00465735616849422,0,1
-0.0012962875497879256,0.004942211875636377,0,1
-0.002159137209798933,0.0045091685169462445,0,1
-9.773641105813356E-4,0.00316806463439974,0,1
-0.0016187489850390214,0.0018214556660962218,0,1
-0.0018337349895473016,0.002136013263672636,0,1
1.6685398844110605E-5,0.005464401313238463,0,1
6.934411362576128E-5,0.0050593558910799665,0,1
-0.0012306025040359613,0.005198850125751755,0,1
-7.458226806370449E-5,0.005303641697901656,0,1
-7.075054769410654E-4,0.00514541227940849,0,1
-0.0014789626887403895,0.004078695479721249,0,1
-0.0010724024101898284,0.005854910557249283,0,1
-5.801371827825683E-4,0.00489798226406037,0,1
-0.0019486411444644672,0.005240953479179542,0,1
-0.001061898335634478,0.007321568111709227,0,1
-0.002971098158310305,0.0057260196790201515,0,1
-0.0020021584853283265,0.003853968937556092,0,1
-0.001060353493869699,0.0025204906717929913,0,1
5.852742837862257E-4,0.006512598214759954,0,1
-7.304537082972815E-5,0.005708396454105883,0,1
-6.672126196609581E-4,0.005724442141618627,0,1
0.0018306730039194838,0.0035449354985617647,0,1
-0.0021077758048293677,0.0058409589688584946,0,1
-6.677355132015683E-4,0.005051985885626137,0,1
-0.0013339917448840213,0.005569521158767288,0,1
-0.0012462447789091467,0.004899941020468998,0,1
-0.0016007206382103085,0.007552255289537519,0,1
5.391010121431094E-4,0.007438866982698217,0,1
-0.0012052506892649656,0.004341536041609596,0,1
-0.0013396562747075142,0.005209953074563456,0,1
6.205583896199313E-4,0.004572537016391392,0,1
-3.060283499424562E-4,0.005383362921312039,0,1
-4.0243079145678266E-4,0.005198827457594288,0,1
-0.0022679741419188645,0.007626407702332791,0,1
-9.87157228981923E-5,0.009056931850309174,0,1
-0.0022554961807033564,0.006339393441026191,0,1
-0.002594756579011921,0.004667572827113224,0,1
-6.769695642464867E-4,0.004168537704893062,0,1
-0.002078677641763165,0.004812257686539593,0,1
-0.002619326707586726,0.0053250000691272325,0,1
-0.0022032133194702093,0.004521145698545627,0,1
-0.0018150014499130048,0.0050811997697257655,0,1
-1.4796027137454432E-4,0.005721618297073717,0,1
-0.001174615095923484,0.005630515663078713,0,1
-6.149880047533826E-4,0.005682914686012404,0,1
-0.0017053948098969152,0.004677954345167823,0,1
-0.0011352865936537782,0.0047050620275943976,0,1
-2.0609062132706212E-4,0.006322033869470244,0,1
-0.002377008083388346,0.004661807944182177,0,1
-0.0026866023503142582,0.004998020174621802,0,1
-0.0019118347320487864,0.004859826254330046,0,1
-0.0022058426074253465,0.0047893060121522585,0,1
-0.001964027946983707,0.004467773741827179,0,1
-0.0014795673744700188,0.006266200349985593,0,1
-7.10729637185486E-4,0.005490950359419206,0,1
-0.001485437051443596,0.004733708337569303,0,1
-5.515204578157288E-4,0.005607905582078875,0,1
-8.242140896687264E-4,0.005572753342252592,0,1
-3.1683559037722265E-4,0.002958123277396136,0,1
-0.0021076611954320996,0.004478097833651589,0,1
-6.846746739437353E-4,0.00492637874938914,0,1
-8.079577369804269E-4,0.007002572807486491,0,1
-0.002983686716502801,0.005633800913819827,0,1
-0.002037427104503937,0.004263527641831915,0,1
-6.41184294255181E-5,0.006232820394738243,0,1
2.708010185798392E-5,0.0067451201600511185,0,1
-3.3463151789833555E-4,0.0062523878525060405,0,1
-0.0030837264380882924,0.006465071177356053,0,1
-0.0013193885528693797,0.005627466285290168,0,1
6.287935826722787E-4,0.00819767342957617,0,1
-0.0015905045078022607,0.0053475537090485045,0,1
-0.002696105277365527,0.005894697574771377,0,1
-0.0021105846748388805,0.005556564089399934,0,1
-0.0013491017844254748,0.005732525331725571,0,1
-0.001470509458005163,0.003849381338272705,0,1
-2.4127396843491935E-4,0.005722665003935358,0,1
-0.001388737303283868,0.0045749020581395145,0,1
-0.001093322037797436,0.0050300935470436485,0,1
-0.001243697830275005,0.0057252741669853195,0,1
-9.89276478325806E-4,0.00512924997344195,0,1
-2.4554545691849155E-4,0.0031004385038306283,0,1
-0.002436190303969566,0.007517344103485154,0,1
-0.0014270939483927811,0.005995663062512658,0,1
-0.002727914672526645,0.005715884043145905,0,1
-0.0024292322455586675,0.0035912971891906603,0,1
-6.373437088351852E-4,0.005843682561225128,0,1
-6.514274542128155E-4,0.005734433467913487,0,1
-2.985571594055966E-4,0.00609100624120902,0,1
-0.0012951433902588386,0.00563875242377795,0,1
-0.001372480703331839,0.00471870750693145,0,1
-7.659374794157393E-4,0.004333674868903333,0,1
-0.0010890629020504652,0.005577298646829747,0,1
-9.356259876619133E-4,0.004808018713544584,0,1
-7.879717846806949E-4,0.0056917234535349736,0,1
-4.627628846772808E-4,0.006299386364424414,0,1
0.0012979788029524038,0.004815679523340228,0,1
-5.760196217180314E-4,0.005488053538817632,0,1
-0.0019656676368341856,0.005135680606051388,0,1
-0.0012324472476884336,0.005553033939454234,0,1
-0.002065591950937141,0.004686079443337813,0,1
-0.001500425398439801,0.005520829372887909,0,1
-0.002146562052277397,0.009499437558768285,0,1
-0.0017665453243483934,0.00564763833410887,0,1
-5.751551577874967E-5,0.006804454773993713,0,1
-0.001994993210066125,0.006328754954893274,0,1
-6.033964421186687E-4,0.006065749887514783,0,1
-0.0012400056075906,0.006302784590230123,0,1
-0.001382691435736658,0.004821506500260116,0,1
-0.0013007236756987042,0.004574461230311813,0,1
-0.0011365355768083575,0.0034833798999144142,0,1
-2.05931857758514E-4,0.005505049993136548,0,1
-0.003152587676324261,0.0059799124030273185,0,1
-0.0021144973925548553,0.007264560338963067,0,1
-0.0016532377563688817,0.0074598993971158305,0,1
-9.683054872045656E-4,0.005708012539108363,0,1
-0.0010881508846768723,0.006096118107395104,0,1
-0.001915538395320902,0.005690772844060134,0,1
-0.001127125616696922,0.005451981887142198,0,1
-0.0020917511588947816,0.005717216953582949,0,1
-7.829535161166076E-4,0.0052740312513233755,0,1
-0.0017322853395868576,0.006127046604521821,0,1
-9.561691867551654E-4,0.00601850274956757,0,1
-0.0015672132860653583,0.005347397029255784,0,1
-0.0016741396336123469,0.00568898178369271,0,1
0.0012663686847805898,0.004328353959104548,0,1
-0.0015786104466519592,0.0070188426181197324,0,1
-0.0017260622595939332,0.005066998560445029,0,1
-0.003102018358406138,0.005351418677974686,0,1
-7.094175373389298E-4,0.007434677521812579,0,1
-0.0012548517426894867,0.006524636664055566,0,1
-0.00133251000717583,0.0066684429140463075,0,1
-0.0014845515239075074,0.005724089868761125,0,1
-0.0019262336758532775,0.006189783775181536,0,1
-0.0017698454643920438,0.005690304558573717,0,1
-0.002615667666153331,0.006242781332412258,0,1
-6.959491265984871E-4,0.006010230838225168,0,1
-0.001303316318148834,0.006373492357654275,0,1
-6.790510901208562E-4,0.006127068806749798,0,1
-0.003065946987144855,0.006091873608605403,0,1
-0.00226192245974194,0.00794495302015133,0,1
-0.0021077849049652075,0.0056032903548336585,0,1
-0.001971468737167883,0.006048276927540313,0,1
-3.4691064021543603E-4,0.006698104937728342,0,1
-0.002467453966583322,0.007617392988895418,0,1
-0.0011031268079664382,0.0062129221250101195,0,1
-0.002578572554965896,0.00619976072118957,0,1
-0.0011802656051743466,0.006176204526149105,0,1
-0.002136060305916205,0.004601562934874045,0,1
-0.0010385722611749313,0.0056139168091010536,0,1
-8.637482848590543E-4,0.006468379213240176,0,1
-0.0021434608422494566,0.006223105997567738,0,1
-0.0031909988501279784,0.005332892483992117,0,1
-0.0037695483592877443,0.005331444399012187,0,1
-0.0018718996120272594,0.00613578673857814,0,1
-0.0011018333273520554,0.006492109710314211,0,1
-0.004766667788353238,0.007628760231135545,0,1
-0.0024792582930528747,0.006807901602461493,0,1
-0.0021668541324076254,0.005656163473426773,0,1
-0.0018437996845548238,0.006413689274256221,0,1
-0.0016548189728450965,0.005805376717224287,0,1
-0.002150460476684326,0.004769651766424551,0,1
-0.0017329815626838361,0.0052963487692666966,0,1
-0.0010683134856012157,0.006880464466673751,0,1
-7.817986686586029E-4,0.006004555306998338,0,1
-0.0013397812899617779,0.006611516337868597,0,1
-0.0019755603017649003,0.00561412431875639,0,1
-4.834591542831527E-4,0.005756732265624547,0,1
-6.911557249925861E-4,0.006600265810991982,0,1
-0.003259736719554564,0.006677182487274287,0,1
-3.8660583866883554E-4,0.006489476817773686,0,1
-0.0013041552166075598,0.006677781657996619,0,1
-0.0023159947896662578,0.006482549130346101,0,1
-0.0016987720272807728,0.008130836037515275,0,1
-4.4190113708890476E-4,0.008506895017883374,0,1
-0.002814360819497325,0.0076933608754218,0,1
-0.0025854212869952102,0.0067371228962539095,0,1
-0.001577288736210595,0.006924200416084905,0,1
-0.0017733390959190135,0.002912719285427455,0,1
-0.001201551582215108,0.007324200297220078,0,1
-0.0013639052747705022,0.008408625309754673,0,1
-0.0012443789492012928,0.006667210966532572,0,1
-0.0016940000087931448,0.006714148852272902,0,1
-0.0018702864334199719,0.006683675092363863,0,1
-0.0010806953063052336,0.007126410291783037,0,1
-0.0014164135898306536,0.0072721954714651555,0,1
-0.003037973494124946,0.007449006091254755,0,1
-0.001356127679158356,0.007657599969307041,0,1
-0.0017563245210453584,-0.006234868583054459,0,1
-3.350736318768999E-5,-0.003612143010126386,0,1
-0.002621274173556218,-0.0035448415243566262,0,1
9.71103487807742E-4,-0.0051636273778126775,0,1
-8.053780733818009E-4,-0.004017189154103152,0,1
-0.0011415040326670659,-0.004649436669058994,0,1
-0.0012310504016000618,-0.00456745397379142,0,1
-5.534669326832954E-4,-0.004097029732162892,0,1
-0.001496061178984502,-0.00300791615077695,0,1
-0.0011630430701887596,-0.003394653139387531,0,1
-0.003014232253402731,-0.003787390931244726,0,1
-0.0021194196810718465,-0.004345664550870896,0,1
-0.0038008716233686613,-0.005584835512981835,0,1
0.0017983960055683217,-0.003722732241983709,0,1
-7.722246023778596E-4,-0.004691343580757753,0,1
-7.619723473748857E-4,-0.004212855480824182,0,1
-0.0010372793325895753,-0.004645869947058699,0,1
3.469399526465515E-4,-0.005190908955607063,0,1
-0.0013978739640964557,-0.005865682447053626,0,1
-0.001407302118153477,-0.004326663359312523,0,1
-0.0016518289086552475,-0.004430838819767962,0,1
-0.0015610077167263925,-0.005313222607604439,0,1
-0.001873701305244384,-0.004549305259401909,0,1
-0.0025356065240415247,-0.004080973092040319,0,1
-0.003158045033159584,-0.007413777632224661,0,1
-6.022087953088283E-4,-0.004780142493372367,0,1
-7.9087398371497E-4,-0.0038555045234478454,0,1
-6.609517110317172E-4,-0.005345318843351974,0,1
0.0015728640442380076,-0.0026935611831097185,0,1
-0.0011781005727817635,-0.004594182793618376,0,1
0.0010474062428195304,-0.006541097151144617,0,1
-0.005088749359614035,-0.005113518096640706,0,1
-0.00204568751206182,-0.005671757188290952,0,1
-0.0016877665591927796,-0.004099179488405547,0,1
-0.002488362529477268,-0.004695630832553226,0,1
-0.0013937873048741084,-0.004369045413398123,0,1
-0.0013633720282737564,-0.004218373912619834,0,1
-0.0012134376454525993,-0.005204693944532168,0,1
-0.00319483658443815,-0.006011386773201075,0,1
1.1658654936834011E-4,-0.0017412762537609692,0,1
-0.0012138442184282613,-0.0042782286800670715,0,1
-4.780221526964993E-4,-0.004632428469349282,0,1
-0.002433510666623326,-0.004098004845237308,0,1
-0.0025791168405353403,-0.005285993456060722,0,1
-0.005361880068781443,-0.00338548971410772,0,1
-0.0023687752054678095,-0.00414783785617629,0,1
-0.0025983821603165307,-0.004859632413461501,0,1
-0.0021875762250082756,-0.0017455414229636662,0,1
4.682166787065285E-4,-0.004083639110228941,0,1
-0.0025446139284524844,-0.006760363339652231,0,1
-0.003159663345184991,-0.0037345587721316,0,1
-8.778158695821859E-4,-0.004527698004667354,0,1
-0.0014556873542323956,-0.0040806490760315894,0,1
3.1015844891192407E-4,-0.0035834170436264056,0,1
-0.0016442633131119894,-0.004178282174502181,0,1
-4.585203645580432E-4,-0.005080587543966877,0,1
-0.002099097781409779,-0.004315077717971969,0,1
-0.0028091676781562334,-0.006413391433735906,0,1
-0.0025151110384406586,-0.003984419188254009,0,1
-0.0012592612721230142,-0.006771489465809629,0,1
7.846101464695907E-4,-9.787492365768186E-4,0,1
-0.0010667142705275358,-0.007686058681699359,0,1
-9.976689512392102E-4,-0.0040706630662431156,0,1
-0.0015676480430324767,-0.0035720090767997993,0,1
-0.0011518451005426307,-0.00396754397972635,0,1
-0.0027639947271717842,-0.0039562528064144556,0,1
-7.311349182576153E-4,-0.004064270920541846,0,1
-0.0013775082249491298,-0.004192013533018289,0,1
-0.003542917511570273,-0.005405277062929623,0,1
4.83551689936112E-4,-0.002846935171238625,0,1
-0.0036845646212155885,-0.0049188297226020975,0,1
-6.57944595422399E-4,-0.003744718229645384,0,1
-0.0012071756544551257,-0.003630490620958067,0,1
-0.004223412713265833,-0.003053877787986923,0,1
-0.0018627951455737117,-0.0037803870202287224,0,1
-0.0036078591945639055,-0.0037088249557137537,0,1
-0.0022239821948277067,-0.00693849699259919,0,1
-0.0019119815970668759,-0.00525493061498228,0,1
-0.0013910824434807806,-0.0036488529341146846,0,1
-7.607277226420779E-4,-0.004616190201269561,0,1
-4.727031563576864E-4,-0.004723591704709586,0,1
3.814367998702553E-4,-0.005397636135763203,0,1
-0.0017465945726862365,-0.002601735349357854,0,1
-0.001687632884098641,-0.003198117736029392,0,1
-0.0023391678246589844,-0.0026160890127398984,0,1
2.3581197169721156E-5,-0.0020645493919882905,0,1
-0.004395195411220456,-0.0050545766044266015,0,1
-0.0013864062061849885,-0.004382686353796387,0,1
-4.6407350583727773E-4,-0.003942288003020411,0,1
-9.329757670460679E-4,-0.0034511644949450178,0,1
-5.227859801691031E-4,-0.0028158125868706116,0,1
-0.002161840269123287,-0.0037366428509552265,0,1
-0.005483316217921351,-0.0023809231772181547,0,1
-0.0023055009411393,-0.002627051431938617,0,1
-0.0016189755566628297,-0.003821683043484568,0,1
-0.00225457325088244,-0.0036702871257239464,0,1
-0.002350231749813939,-0.003948112554322781,0,1
-7.5518075169178E-4,-0.003389804240529673,0,1
0.002547499992384473,-0.004487557669121953,0,1
-0.001879801540170022,-0.0047277948354033745,0,1
-3.070993770970432E-4,-0.002928848263844224,0,1
-0.002002645173633811,-0.002477325218436255,0,1
-0.002144042922914361,-0.003426813240335554,0,1
-0.0015850635801829662,-0.004918717627006494,0,1
-0.00145848554693538,-0.0032818710184426805,0,1
-3.468472128147688E-4,-0.003348459561532925,0,1
-0.0014021325783876552,-0.002263606931362461,0,1
-9.655856710047691E-4,-0.0036238386897897027,0,1
7.623504108537899E-4,-0.0034975584344019745,0,1
-0.0018124463239636156,-0.0015799596351066397,0,1
-0.002525835566593593,-0.0025623256958227235,0,1
6.576328581623786E-4,-0.005024002363118522,0,1
-0.0033912054963859406,-0.002275582861176508,0,1
-0.001151507326250641,-0.0013207838360638352,0,1
-2.2971368751420686E-6,-0.003644201594701027,0,1
-0.0020574783339281514,-0.0038037552995932567,0,1
-0.0011445027095288271,-0.002891500232665063,0,1
-0.00276031348179522,-0.002334389313263793,0,1
-0.0013589858033283984,-0.0030081746653220533,0,1
-0.003540215493198191,-0.0034641844245856183,0,1
-0.0010498651417170902,-0.0032628880532602246,0,1
-0.004490713383008319,-0.003152834327960091,0,1
-0.001048738989119556,-0.003685278649451552,0,1
-0.004622350906367598,-0.0029659344484216743,0,1
-0.001563185580142802,-0.0030880361668444135,0,1
-0.0019067765432122874,-0.004118842482383399,0,1
-0.002509492090036604,-0.003116658943264715,0,1
-2.611395674288344E-4,-0.002709852755426637,0,1
-0.0018572392431193527,-0.002606198829746859,0,1
-4.214855711030399E-4,-0.002083234390656867,0,1
-0.0014870758817385132,-0.0033493139400166427,0,1
-4.106862572693923E-4,-0.002625278027170351,0,1
-0.0019439274838146533,-0.0030441057537220406,0,1
-0.0019338756685773422,-0.003708215182349497,0,1
-0.0018452639467243972,-0.003685685251066587,0,1
-0.0016027449703852638,-0.004121490798130725,0,1
-0.0011505008972205225,-0.0029607871002680355,0,1
-4.2473777185627904E-4,-5.983513348026628E-5,0,1
-0.0023630646619546597,-0.0037471704266376304,0,1
-0.00141264664056371,-0.0025712493989135834,0,1
-0.0020472160522454824,-0.0023045159808302374,0,1
-0.0011648907522455567,-0.004541463192854451,0,1
-0.0011544927801490012,-0.0027148508584964232,0,1
-3.4585858656055923E-4,-0.005194622971833301,0,1
-0.0012095946700157645,-0.001665713455324131,0,1
-0.001280865458059119,-0.0032127299459818173,0,1
1.7288503751047688E-4,-0.0027777405554007453,0,1
-0.0011484401901330162,-0.0029202899864900966,0,1
-0.0018265232667383352,-0.0020199124369200076,0,1
-0.0011151561602769325,-0.005299690813750555,0,1
-4.377397300255239E-4,-0.0017185248566251598,0,1
-0.0023472957495297934,-0.003577743235445157,0,1
4.715530006676421E-4,-0.003150065634768727,0,1
-0.0013215665503598106,-0.0031676573538276416,0,1
-0.002423682473712972,-0.0026430774255118963,0,1
-6.14199721077495E-4,-0.002691129048420758,0,1
-8.440420955039974E-4,-0.002853403240973751,0,1
-0.0011083623099236524,-0.0012665983716150984,0,1
-0.001389481302448568,-0.0037525094177233015,0,1
-0.0024358599980005996,-0.0025406966539281506,0,1
-0.0015197285070227694,-0.0021690175973868254,0,1
-0.0020986615146698006,-0.0017831843008742983,0,1
-0.0010493027960954786,-0.002338396060219626,0,1
-0.0014703316298070592,-0.0011835444937255755,0,1
-0.0022208205707703005,-0.0020527184731387,0,1
-4.473515845098169E-4,-0.0012915114723490299,0,1
-6.293965670176993E-4,-0.0017481175775942376,0,1
-4.6722755621900794E-4,-0.0019279267543893023,0,1
-7.54220899958892E-4,-0.0015065683960534336,0,1
-0.0014255401192300415,-0.002317553895312054,0,1
-0.0011075661595927489,-0.0016860439834694351,0,1
8.532116500243339E-4,-0.0029069906700552707,0,1
-0.0016184499589095172,-0.0025651898615792076,0,1
-8.118341757783515E-4,-0.0026095356536069815,0,1
-0.001493823612627012,-0.0018694673739129335,0,1
-0.0017730697714602268,-0.0011395681909600246,0,1
-0.0016101212191498816,-6.360524405986879E-4,0,1
-0.0052366397626689674,-0.001854450287425576,0,1
-0.0048104606098578724,2.79505123222353E-4,0,1
-0.004835930195244911,1.2347025278285862E-4,0,1
-0.005198739107643325,5.161483593919622E-5,0,1
-0.004048030761568977,5.294727452202666E-4,0,1
-0.005076267866881394,0.0013600857693464076,0,1
-0.004757641727486945,9.269251111199118E-4,0,1
-0.004656760990948485,0.002460720320697963,0,1
-0.0031910385406954725,4.260104339866856E-4,0,1
-0.0037109972447555645,0.0012079775152602113,0,1
-0.002941613054655555,0.0027408546649074442,0,1
-0.001261041830632573,0.0033366848858325643,0,1
-0.0026921539752635887,8.227460828776988E-4,0,1
-0.004052993964503011,0.0019814252288971146,0,1
-0.003361737625729176,0.0021800100219485676,0,1
-0.002474606924375551,0.002967531220874121,0,1
-0.001975142257053253,0.0030547544557706597,0,1
-0.0027357489764775565,0.0025622724081929642,0,1
-0.002413189164014159,0.002944657298473962,0,1
-0.003356838049152152,0.0039707126691639096,0,1
-0.002910322120136828,0.0034571797045648287,0,1
-0.005054372700864539,0.0014755487581316904,0,1
-0.0065783373964111306,-0.002306490638546429,0,1
-0.005791845380517046,0.0011668280333911004,0,1
-0.003740230830872421,-4.867707841143264E-4,0,1
-0.0039687025613865745,3.261256157823187E-4,0,1
-0.004488924771068832,4.261366455263817E-4,0,1
-0.004187996700563671,5.736504671298825E-4,0,1
-0.003765115213932967,0.0014179198402080688,0,1
-0.004650255563052646,0.0028034998700921035,0,1
-0.0034973222424861334,0.0017684599966355803,0,1
-0.0037584518565882095,0.001940573964897626,0,1
-0.003967065079631829,0.0034490257469746333,0,1
-0.0029608515551915898,0.00283506605404484,0,1
-0.0019342540881486729,0.0012311523897340106,0,1
-0.0023837461297872694,0.0016288189957054935,0,1
-0.002325127369036219,0.002564265126967801,0,1
-0.0014566260094682041,0.003094164609088273,0,1
-0.0030789062051350545,0.00290959693178824,0,1
-0.005424162626921616,-1.0608477445052665E-4,0,1
-0.00469186756212402,-5.557349886281121E-4,0,1
-0.0041790089503533885,1.7368880375154744E-4,0,1
-0.004774316825067476,4.106237547692596E-4,0,1
-0.004407736762364607,7.171374235314039E-4,0,1
-0.0038603002150312663,0.001274047183743545,0,1
-0.002307403160749249,5.953759206903767E-4,0,1
-0.0041183310627057644,0.0020180922082892044,0,1
-0.00414180695143103,0.002621303790932147,0,1
-0.0032770839406538366,0.002219036887604149,0,1
-0.0035946475273948993,0.0017454931492812472,0,1
-0.004723260635139617,0.0017867488038912605,0,1
-0.002376401738754161,0.0011046167893410629,0,1
-0.002786094304968226,0.0021099247562851096,0,1
-0.004137030102574767,0.002947380168706355,0,1
-0.002340380229473746,6.2824721418732E-4,0,1
-0.0027687866248141076,0.0025117476176362203,0,1
-0.002209710383275718,0.0028714066504615583,0,1
-0.00487454434822595,2.326958075710737E-5,0,1
-0.004535059234204841,1.0155125742781595E-5,0,1
-0.00563199763635222,-0.0010447534395344616,0,1
-0.0030099146693145454,4.290917785731935E-4,0,1
-0.0021875228166522323,-0.0012087196301513415,0,1
-0.004173861141700499,0.0018352854621604972,0,1
-0.0039709564011567175,0.0011890370186255867,0,1
-0.001068471355215101,0.0017548209691330245,0,1
-0.004096211047072858,-0.002172815410025283,0,1
-0.0036352554555158243,0.0018550984060911452,0,1
-0.0031592512346507325,0.0015472073721580332,0,1
-0.004156270384876982,0.0011590611701919275,0,1
-0.0011384418559812854,-0.0010441050503561648,0,1
-0.002737512680919248,0.0027920792732233106,0,1
-0.00370824413637998,0.0017991604534313907,0,1
-0.0024753373866719533,0.0022287464984015156,0,1
-0.002452417900086262,0.0026816699831263063,0,1
-0.005306973321739016,5.810731310757538E-4,0,1
-0.004228225821847599,5.467386419912798E-4,0,1
-0.002879192370424204,9.803695876963983E-4,0,1
-0.004482397476493402,3.8228999224609764E-4,0,1
-0.004738109671927275,5.879698693149598E-4,0,1
-0.004353803390740594,-0.0024063802166832816,0,1
-0.0036752489973348903,9.157271531088188E-4,0,1
-0.003979342916433726,0.0017446460223316312,0,1
-0.004542560097935902,-3.562260644945941E-4,0,1
-0.0030507069787152107,0.001560902944427542,0,1
-0.002764979896454521,0.0012593482064027542,0,1
-0.0010375211486929137,0.001521019273880887,0,1
-0.002582525808338023,0.0010936949828527925,0,1
-0.0026097564788930307,0.0014647559971416855,0,1
-0.0010577130954739368,6.544160891352509E-4,0,1
-0.0021205980812922065,0.0014258489528801716,0,1
-0.0031017858750067608,0.002329677710246438,0,1
-0.004234414235526467,-0.0013776541759057475,0,1
-0.004031347713548863,-2.1562215052813851E-4,0,1
-0.004516261918462306,8.919570751847964E-4,0,1
-0.003297961669856687,5.331716719859773E-4,0,1
-0.004935409710459587,9.226670811248316E-4,0,1
-0.0038862896306905807,0.001162924656786071,0,1
-0.003083700964889652,0.0019495972652599479,0,1
-0.004286497257186871,8.97328237110848E-4,0,1
-0.002941673245304817,8.540783155420802E-5,0,1
-0.0038115093532178463,0.002625640816925824,0,1
-0.0030603609828016485,0.003147132730006727,0,1
-0.0015556053093722835,0.0016085015061838785,0,1
-8.134309374521028E-4,0.004368663205366852,0,1
7.638782259175333E-5,0.0018587983624961978,0,1
-0.00384322930135726,0.0015148353170815192,0,1
-0.0029986641925238452,0.0019563706979245027,0,1
-0.0022055439422842813,0.002659019475370098,0,1
-0.003605303076479519,-1.9052534243634969E-4,0,1
-0.00451164885926154,3.569800285907711E-5,0,1
-0.0030625160713313674,7.655333386209005E-4,0,1
-0.0035248678159322286,1.7745437148345148E-5,0,1
-0.004427541424408807,0.0029015718884536188,0,1
-0.0036640391484916517,7.009054891227173E-4,0,1
-0.0041001540823975315,0.0017065041183943585,0,1
-0.00333589682246668,0.0010436505594933114,0,1
-0.003655918672004153,0.001945225725753211,0,1
-0.0049109466624125036,0.002703933439887282,0,1
-0.0037245385777156938,0.0010471421709395976,0,1
-0.0022559912504469064,0.0013096748476462926,0,1
-0.0049469786617754915,0.0018796073897830352,0,1
-0.0037194374698175043,0.002861136783816279,0,1
-0.0013934654438622863,0.0022993816854688814,0,1
-0.002054954953876136,0.004220527388910714,0,1
-0.006000765565886132,2.3330786047756887E-4,0,1
-0.0039442120934855655,4.699052800756446E-4,0,1
-0.003677987294170918,-4.2415093513499785E-4,0,1
-0.004635106768490091,0.0020143835706438124,0,1
-0.0040274658484774324,0.0013100604469200364,0,1
-0.0034085643157939073,0.0010571994274077645,0,1
-0.0047784415381739815,0.0016661082909309928,0,1
-0.0045737214219106065,0.0015143324803681805,0,1
-0.002533111460082536,0.0024870044244615697,0,1
-0.0031502184226884816,0.001666160538758121,0,1
-0.002374269369159611,0.0021536469195306746,0,1
-0.0029355546085755215,0.0016814528636979536,0,1
-0.0030846224115818736,0.0021590842003887797,0,1
-0.0020372782083889164,0.0021843150758529737,0,1
-0.0012675437321466767,0.0022694810202128924,0,1
-0.005032519381154569,9.42323202469431E-4,0,1
-0.005280630348135502,0.0011123312533296821,0,1
-0.003275268760651498,2.8177482388353127E-4,0,1
-0.0025290394662650993,-1.1585937340492686E-5,0,1
-0.0036893502905852352,0.0010084297457070334,0,1
-0.004351793982445001,8.3291357276886E-4,0,1
-0.00258284654100121,0.002083170575247418,0,1
-0.004128428965407245,-1.6105708912433336E-5,0,1
-0.0024929186260696313,-2.1570909332017973E-4,0,1
-0.0032480918100067846,0.0014096454271442325,0,1
-0.0012065390069083155,9.70693893330758E-4,0,1
-0.0027489846121223453,0.0016653723364829143,0,1
-0.0025490806176402484,0.0028502519466516167,0,1
-0.0019723890529368543,0.0018697212125594058,0,1
-0.0019867850092272713,0.0034173607118351567,0,1
-0.003938290544555366,-3.595719748227089E-4,0,1
-0.003931080364389052,-2.264401621410654E-4,0,1
-0.0014495694668917372,0.0026969444752560794,0,1
-0.0036031915749815376,4.901610612611932E-4,0,1
-0.0036599475556525272,3.9153926274301793E-4,0,1
-0.004038824772145456,6.08609058584908E-4,0,1
-0.003287285475912568,6.346591361835329E-4,0,1
-0.0032729762438122993,0.0013019910648603846,0,1
-0.0037061160367467217,3.117561901356199E-4,0,1
-0.003205472356775813,0.00322640508069667,0,1
-0.0021953146415097146,9.009765789396221E-4,0,1
-0.0013581310196320192,4.049680989059879E-4,0,1
-0.0024215541364864513,0.0018959561025306737,0,1
-0.0034411234935693455,0.0015059861795666944,0,1
-0.0024254472832111506,0.002340387018231238,0,1
-0.003777269684470716,-4.594734270027499E-5,0,1
-0.002981565298810103,-2.10070652858838E-4,0,1
-0.0032704407917521993,5.9583351321734876E-5,0,1
-0.003760488285088241,9.855993573250987E-4,0,1
-0.003945771210589807,-5.6009057611885584E-5,0,1
-0.0033749526695080094,6.534823441670691E-4,0,1
-0.0028187205576595455,8.955991964794379E-4,0,1
-0.0032655833518873243,0.0015069721929628693,0,1
-0.0020670958097547577,0.0019367889977976187,0,1
7.87803775809424E-4,9.639928828771233E-4,0,1
-0.004171805253723386,0.0017925697885445534,0,1
-0.0025565219631835463,7.755515570809582E-4,0,1
-0.0022270807115840987,0.0010294545837443627,0,1
-0.0015544397986511213,0.0031746393558095124,0,1
-0.002316869648497195,-2.1132622433183584E-4,0,1
-0.007055082790473497,-0.002346776677326193,0,1
-0.00426610970386146,-4.5488901119113216E-5,0,1
-0.0024664775344463274,2.486388742043165E-4,0,1
-0.003824947330224962,-9.388345174457146E-5,0,1
-0.0030509968900790585,1.27317778879016E-4,0,1
-0.0026160121782880944,3.368637400690196E-4,0,1
-0.002770826569952457,9.29138632600902E-4,0,1
-0.002002182447514457,1.6578921395761918E-4,0,1
-0.0019327949572015386,0.001768748893100169,0,1
-0.002527780375066961,9.616394052456008E-4,0,1
-0.002441989181372303,2.2011830833862804E-4,0,1
-0.001871763974625871,0.0019045390788040922,0,1
-0.0030202788258310276,-0.0011787160824830198,0,1
-0.0045722710511195115,0.002503086877594755,0,1
-0.0030772770067484106,0.0012612787922106643,0,1
-0.0026736476345320405,9.573512931394941E-4,0,1
-0.0031738301791040912,2.2994087022932448E-4,0,1
-0.0030692212120137542,-0.0012347982013066713,0,1
-0.0026659232365133997,-2.6808371668493624E-4,0,1
-0.004525653045685578,5.317764988263373E-4,0,1
-0.001871482958240994,-0.0017861016017497794,0,1
-0.0027917185940144356,-8.764949616184952E-4,0,1
-0.0016342488871591905,0.001161196588497165,0,1
-9.314177210361943E-4,0.0016288057441823597,0,1
-0.0016576106346478988,0.00346407220159529,0,1
-0.001749207427886633,0.0020187911016514492,0,1
-0.003225526405597454,0.0010678837748426756,0,1
-0.004156284338064346,6.122534725842666E-4,0,1
-0.0030218102884850876,-6.687918438448718E-4,0,1
-0.003236795686329323,0.0013793590465008586,0,1
-0.0029624330754289972,4.5815817004079754E-5,0,1
-0.002948506462680977,-1.7300391660609725E-4,0,1
-0.002980330464592564,0.0015658366002853238,0,1
-0.003207743468349509,0.0031295367315088587,0,1
-0.0025072959985894152,0.0015194812284491106,0,1
-0.003127671390251243,0.0030829708234796412,0,1
-0.0020942371043599,-2.645400528978391E-4,0,1
2.461077942755025E-4,0.0022825882840296777,0,1
-0.0027425870059738055,4.8040806187437795E-4,0,1
-0.003369609723040842,-4.3740016349882825E-4,0,1
-0.0025015749389481093,3.168126755188099E-4,0,1
-0.003384137917799728,3.6975501583563005E-4,0,1
-0.003261099741712155,0.0029351586244216765,0,1
-0.005501629055474813,8.596257209589819E-4,0,1
-0.0037614328517366364,8.909120131903608E-4,0,1
-0.0014506293957451928,-0.001113727397395779,0,1
-0.001180511114834976,3.617500664298889E-4,0,1
-0.002487935461107525,3.7981710019666754E-4,0,1
-0.0029169255150072798,9.511712302712346E-4,0,1
-3.911911951154125E-4,0.0019492725465704603,0,1
2.453518454254992E-4,0.0013246568319562552,0,1
-0.0038540571522300486,-8.430273054123123E-4,0,1
-0.0037272267070785786,-0.001074906975921032,0,1
-0.0052242947538521135,0.002168984116331562,0,1
-6.568867588500224E-4,3.3089569941575626E-4,0,1
-0.0022168484916015975,-7.253719412374742E-5,0,1
-0.0021977382609507426,0.0022035888241499326,0,1
-0.0033636365119034347,5.993151616485552E-4,0,1
-0.002566180790148905,6.992476268031485E-4,0,1
-0.002786374479461385,7.864110150391575E-4,0,1
-0.002373479680370817,-4.155141318733029E-6,0,1
-0.0016636527247597096,0.001331899220977702,0,1
-0.005429336072253679,-0.0020725689320765946,0,1
-0.003522408364431593,-0.0020923721869868296,0,1
-0.0028551184819301904,-4.08687090398301E-4,0,1
-0.0019260537210057755,-5.304321685872609E-4,0,1
-0.0035312292426105626,5.102066538762289E-4,0,1
-0.00397343362796235,4.719509712519436E-4,0,1
-0.0025979030696623405,5.644569819354524E-4,0,1
-0.004158561032856263,3.6067899093400913E-4,0,1
-0.0033886810705980644,-0.0019312197677150437,0,1
-0.002944320078431924,0.002608008392170251,0,1
-0.0018620429543298718,0.0010403302320957234,0,1
-0.001313959451623029,6.804394680200871E-4,0,1
-0.003065698658808551,0.0015528791407117982,0,1
-0.0036068446153168414,1.580251455267921E-4,0,1
-6.787185713554398E-4,0.001240387669479956,0,1
-0.002567954222780331,6.931522833529614E-4,0,1
-0.0011945347677545482,0.0016949849063696667,0,1
-0.0025693797475949995,3.33597692311488E-4,0,1
-0.003175567069974062,7.79484208751615E-4,0,1
-0.00208521766055749,0.0011311242581035664,0,1
-0.0018982129723406644,-5.116529000683837E-4,0,1
-0.0023321565173012996,0.0012306234646650442,0,1
-0.0021637347706597817,-5.443449878385319E-4,0,1
-0.003325771220392836,-9.466301168209846E-4,0,1
-0.003981149359257,-1.6291578731298558E-4,0,1
-0.0019796381528635948,-6.727534782047341E-4,0,1
-0.004154920738618463,-8.242605304497851E-4,0,1
-0.0032568013281978215,1.1699660863131731E-5,0,1
-0.0029250992872821586,-6.931535523665441E-4,0,1
-0.0012124938308885067,-2.8329920380225625E-5,0,1
-0.002988258727422633,0.001033155413146299,0,1
-0.0010209618426289626,4.3940285992628993E-4,0,1
-0.002909588173086502,-7.391953820885531E-4,0,1
-0.003001775818052559,-3.281895086174082E-4,0,1
-0.00236030734327113,-4.010337420582875E-4,0,1
-0.005844957312291916,9.456741706851602E-4,0,1
-0.004141297755648281,0.003545965185207088,0,1
-0.0028180514795236697,1.6131476531954758E-4,0,1
-0.002337414674576916,0.0019518751046182401,0,1
-6.154756684831638E-4,0.0012613805591886902,0,1
-0.00207164588979835,5.898299442710869E-4,0,1
-0.002338640071052153,8.587800370873485E-4,0,1
-0.0023705784561910376,-0.001114591971604646,0,1
-0.003197750285339977,-8.307804093629013E-4,0,1
-0.0031053411919404568,-1.0242717567369621E-4,0,1
-0.0024630283541505777,-1.1449019605886601E-4,0,1
-0.002670419235398811,-3.5162437176766705E-5,0,1
-0.0019553709036962733,-7.61997318284154E-4,0,1
-0.00480120834124359,2.0627513039484261E-4,0,1
-0.002670308774640249,1.660633213679062E-4,0,1
-6.045304995020823E-4,0.0018483687069297376,0,1
-0.0028027852944758377,5.518593342433224E-4,0,1
-0.003164654714806627,-0.0011097380806932885,0,1
-0.0030157592226080676,-2.2850088616823926E-4,0,1
-0.0019126634713548369,-0.001335227395492945,0,1
-0.00255951693303625,-1.3692141220402626E-4,0,1
-0.0024512705214725845,3.426944312001855E-5,0,1
-0.00217835562670587,2.215468927661624E-4,0,1
-0.0021327088225927835,3.1840790242505833E-4,0,1
-0.0011132205389806028,7.554495793674512E-4,0,1
-0.003048102319344484,-6.776011373328478E-4,0,1
-0.004006154901824055,-4.332195569212362E-4,0,1
-0.0029850332293539445,-6.833148048709857E-4,0,1
-0.001747088002987025,-0.003995914218108164,0,1
-0.0026338545342479446,-2.895426047655882E-4,0,1
-0.0022458499709331345,-1.0544775120861155E-5,0,1
-0.0034060618892135393,-1.499423335111206E-4,0,1
-0.0018946153261340229,2.5318506905585154E-4,0,1
-0.0016432279132026584,6.4099873129475E-4,0,1
-0.0029929463391064077,5.258297186424749E-4,0,1
-0.0016362088747581562,-6.599612634657788E-4,0,1
-0.0037773354994373475,0.0015759692621803518,0,1
-0.005564766637106618,0.0016177885374864033,0,1
-0.00233776878659071,-1.7590293859074232E-4,0,1
-0.0024628581783285993,7.235820198139582E-4,0,1
-0.0012590576861936725,-0.0016002613779621277,0,1
-0.0026656264696997244,-2.521706728271998E-4,0,1
-0.0018882327071502558,-0.0012677770376580471,0,1
-6.951848920028762E-4,-0.0010269376864324906,0,1
-0.002567693912612119,-3.5220823571556E-4,0,1
-0.003421813281257463,-9.602023602783072E-4,0,1
-0.0024008294738414966,-0.001044691313693292,0,1
-0.0033189511689659247,4.431848168975678E-4,0,1
-2.472824350837786E-4,0.0028748796867050577,0,1
-0.0021409794831400222,-0.0019856204874948943,0,1
-0.0023514257066137695,-2.0370880621460341E-4,0,1
-0.00358315935651304,-3.9601389720272745E-5,0,1
-0.0030431850643675104,-8.259270546768191E-4,0,1
-0.0029794487949446366,-6.762752104229407E-4,0,1
-0.001972803390819631,-1.052348936735026E-4,0,1
-0.002917601777244295,-0.0016305035558124936,0,1
-0.004540053231389371,0.0013137215436267457,0,1
-6.749454472512915E-4,-7.032306208293283E-4,0,1
-0.0012922526216111816,6.769899748612065E-4,0,1
-0.002028064586613977,-6.516614396424094E-4,0,1
-0.0011254195929048872,4.394846943673888E-5,0,1
-0.0022010340154791303,1.4760625638869055E-5,0,1
-0.002482275664022976,3.9229672213235016E-4,0,1
-8.072293902779903E-4,-1.8488697011629908E-4,0,1
-0.0018524411703858222,-0.001120562448050179,0,1
-0.0015211598171948173,-3.569476591271633E-4,0,1
-0.002461115731716737,-4.219517152967233E-4,0,1
-7.830257426002389E-4,-8.952288897233875E-4,0,1
-0.00214095527903541,2.6834554887110896E-4,0,1
-0.0019982347114994585,-1.5522313082606996E-4,0,1
-0.0024009391644226725,-7.874640189048941E-4,0,1
-0.002629451877157069,6.959494328833843E-4,0,1
-0.0017330280902062756,-5.334993268519741E-4,0,1
-0.0019912556504584193,-0.0011863547259127563,0,1
-0.0018290277072672296,-5.926626340508533E-4,0,1
-0.0021175007848644413,-6.858538694133529E-4,0,1
-0.00240135757129219,-0.00115589410489298,0,1
-0.0011028733227640985,-0.001963960432557533,0,1
-0.0021546546503452718,0.002319334604849299,0,1
-0.002444110112903871,-0.0018299669006118149,0,1
-0.002012072576814699,-8.617108659907108E-4,0,1
-0.002609484930363763,9.754669012775126E-5,0,1
-9.323118833320375E-4,-0.001492469494647034,0,1
-0.0022035191602418408,-0.0010960040308401209,0,1
-0.001864072846392659,9.386800728288715E-4,0,1
-5.021519658826407E-6,-0.00122556747774952,0,1
-0.0010615060974134844,-4.584748821541369E-4,0,1
-0.0018725679013080476,-0.0013904544527813532,0,1
-5.067708853356634E-4,-0.002154299909500317,0,1
-0.004625918753143856,-6.313134791861178E-4,0,1
-0.0014183754084948715,-3.176598089141646E-4,0,1
-0.001679674870973134,0.0025178371134992527,0,1
-0.001507772116331255,-0.002552162334815767,0,1
-9.511890139847981E-4,-0.0034279786315604874,0,1
-0.0016800129736538542,-0.0011186437728796116,0,1
-0.002566909422517642,-8.088616238370121E-4,0,1
-0.001323987162921202,-7.876979654416705E-4,0,1
-0.0017606348432594695,-9.786910873428487E-4,0,1
-0.00141926945143158,1.3832936418465885E-4,0,1
-0.0014389363950360744,-0.0017358873313443799,0,1
-0.0015345097125447924,-9.717816216183525E-4,0,1
-0.002424715965419007,-2.686202807126313E-4,0,1
-0.004119023482854599,-0.0027999201069385175,0,1
-0.003341817955858294,-0.004331623340751532,0,1
-0.0032234685785893064,-0.003222028055258743,0,1
-0.002920234653276694,-0.00422311252798082,0,1
-0.003914109531890903,-0.00451159310991141,0,1
-0.0029929904622467184,-0.0023549894467453174,0,1
-0.003899325444791153,-0.005566748550548041,0,1
-0.004012703555320931,-0.006406564808642991,0,1
-0.0022417866358391265,-0.003404696729444306,0,1
-0.005083618669238324,-0.004358356272537882,0,1
-0.004387945390451192,-0.0031098230294449615,0,1
-0.0035940053589449458,-0.00214642997355464,0,1
-0.004963714400814389,-0.004448794702198037,0,1
-0.0038471727577000614,-0.0029082249679072206,0,1
-0.003023058116275133,-0.004752153078585289,0,1
-0.0028385217659538577,-0.004519003941124117,0,1
-0.0031198386694244514,-0.003943221919750857,0,1
-0.003198935230149314,-0.0047386028587538,0,1
-0.002090695465206004,-0.004831593505532754,0,1
-0.0030812225953616313,-0.004151876036439729,0,1
-0.003419114545561405,-0.003647326570042175,0,1
-0.003987547778113679,-0.003382235215238152,0,1
-0.0035851134117618343,-0.003584019904739867,0,1
-0.005416089620994534,-0.003903658370891791,0,1
-0.0029233290998031407,-0.002217471446246249,0,1
-0.0029533457928718147,-0.003006226696268304,0,1
-0.0045297761542695,-0.0032529964678556264,0,1
-0.0021704886665096837,-0.004225848440454545,0,1
-0.002682366640031125,-0.0036164003978879098,0,1
-0.002337575954372739,-0.003288940181674482,0,1
-0.004255376250618773,-0.004683391701396263,0,1
-0.0032563212124884903,-0.003944987517879299,0,1
-0.003131618396488587,-0.0016749929370346417,0,1
-0.0037624032347308377,-0.0035776864935593835,0,1
-0.0030782626169849033,-0.004002426399538498,0,1
-0.00447121223046652,-0.003930251625711753,0,1
-0.003722535795062406,-0.0035083968297061714,0,1
-0.0032727191383534852,-0.0029417702612624125,0,1
-0.003738427406425749,-0.0019275552023296943,0,1
-0.003105655178752167,-0.004700848894272911,0,1
-0.002347518949608627,-0.003563448211729483,0,1
-0.0028308021467416756,-0.003996162542342769,0,1
-0.0025446754330681032,-0.003059428298242567,0,1
-0.002568928717081346,-0.002349791971263959,0,1
-0.0031759963068857047,-0.004898666639767731,0,1
-0.0033745580030929293,-0.004021875965659413,0,1
-0.003265357981254954,-0.0034413974649090046,0,1
-0.003820668983081783,-0.003784363025709447,0,1
-0.004928929011368999,-0.0028473479405421694,0,1
-0.004143533170642551,-0.00610859493762369,0,1
-0.0070100569489329415,-2.9093946226761615E-4,0,1
-0.0017103129465216524,-0.003622952921053766,0,1
-0.002227273876411728,-0.003106919036021835,0,1
-0.0016994231004671498,-0.003416122089098018,0,1
-0.003701349162998913,-0.0039948117330207665,0,1
-0.0026266154435386963,-0.0034729204296237047,0,1
-0.00392060450573191,-0.002811784540888302,0,1
-0.0032286582499321476,-0.00398052392777297,0,1
-0.0031799599015311084,-0.0035528398825547384,0,1
-0.0028772952971494567,-0.003385061237302506,0,1
-0.003957540430722544,-0.002751163312677961,0,1
-0.0035456529584829053,-0.0034850822929268404,0,1
-0.004257288486029742,-0.002809999064449694,0,1
-0.002443838145577024,-0.0037594444679822253,0,1
-0.002273344435138828,-0.0023920971506605337,0,1
-0.0031721098055066386,-0.004020612672178763,0,1
-0.0031479606306154136,-0.0036552096803691343,0,1
-0.001378532679146162,-0.005471770838785881,0,1
-0.002910864474918219,-5.530750036083055E-4,0,1
-0.003363787961651836,-0.003362458830763408,0,1
-0.003938594456205394,-0.002724182001663842,0,1
-0.004101592411776171,-0.002586657047072896,0,1
-0.001182535799107293,1.292864716978362E-4,0,1
-0.004127896633783546,-0.001850865066066746,0,1
-0.002625561236216261,-0.00399712545238726,0,1
-0.002318384792035366,-0.003967987765780634,0,1
-0.003750702672745908,-2.3080651818887678E-4,0,1
-0.003149660885536992,-0.004321348338517712,0,1
-0.0029357643443838465,-0.0024208531762610237,0,1
5.6043325038831515E-5,-0.0021294059810275726,0,1
-0.002583590728414469,-0.0029646694310846247,0,1
-0.003399348586969108,-0.002976735110587604,0,1
-0.003706029702657684,-0.002256716066640057,0,1
-0.0032087114432990797,-0.00342308370676267,0,1
-0.002840158900054477,-0.002779700689350013,0,1
-0.00246795059829202,-0.002438231592586113,0,1
-0.0024493984224587015,-0.0025141588192183805,0,1
-0.0039015387829909754,-0.004387557039702852,0,1
-0.0026276904039318856,-0.0027838934258509977,0,1
-0.002830711624976955,-0.0029139217559200612,0,1
-0.003335996366138945,-0.0034132296810829763,0,1
-0.0046940817494642365,-0.003548311618279979,0,1
-0.003064462396167236,-0.0028731366351380495,0,1
-0.003620409551934372,-0.0026480324706257595,0,1
-0.0010618122051539564,-0.0042032877013610396,0,1
-0.0034946423691110833,-0.004664279066749775,0,1
-0.0025041735793110364,-0.0038787532991982586,0,1
-0.003786550034528412,-0.003978404889540394,0,1
-0.003519519442705713,-0.004628176219113893,0,1
-0.002895379549563897,-0.0028486826965706045,0,1
-0.003891545760810501,-0.0042756762298458454,0,1
-0.0031466050270157054,-0.0034019307389935084,0,1
-0.003186718354673169,-0.0030928054383702053,0,1
-0.0024333293173817235,-0.0025347933680516955,0,1
-0.0020409904383872565,-0.003273177768545652,0,1
-0.0025770273720269765,-0.0030351253984627386,0,1
-0.0036922315938920304,-0.003072912022297725,0,1
-0.0028574095928391176,-0.002814463011021303,0,1
-0.003359133364035026,-0.003436078310032873,0,1
-0.0029800174706634177,-0.00339335196409637,0,1
-0.0023534693269657327,-0.002326384885502557,0,1
-0.003622890808691585,-0.0039739201870710944,0,1
-0.00276115515612357,-0.002538562609228439,0,1
-0.0020504396511705353,-0.003465381169517404,0,1
-0.0026413001102094363,-0.0033166602003529087,0,1
-0.002020964556945821,-0.004483607388511727,0,1
-0.003517984729778637,-0.003380165400846455,0,1
-0.001777886946926794,-0.004102467815126003,0,1
-0.0034705276963762815,-0.004125929636661817,0,1
-9.334064312725567E-4,-0.004075290264521952,0,1
-0.0016196729868493726,-0.0017228341372000696,0,1
-0.00414191135648817,-0.0021963479737240597,0,1
-0.002366440030380071,-0.0025782075117252654,0,1
-0.0026448178738959567,-0.003176411099735716,0,1
-0.0051158523918965505,-8.424594474123066E-5,0,1
-9.903263015941016E-4,-0.0038669658075660704,0,1
-0.002290205520083726,-0.003070584210401151,0,1
-0.004008717735619953,-0.004033038560587624,0,1
-0.004440387071043785,-0.0025939353881630108,0,1
-0.0029638465543819614,-0.0027494329692878505,0,1
-0.002780345901133934,-0.003970906759982857,0,1
-0.0024498113781284397,-0.003597543081768849,0,1
-0.0026352782936011894,-9.44535721165334E-4,0,1
-0.00322962685665459,-0.0019517133728431315,0,1
-0.0019725932211241194,-0.0027432073537490076,0,1
-0.0032996017378471728,-0.0025615396360516886,0,1
-0.0034334853027188634,-0.0040529705902873575,0,1
-0.003928470110090881,-0.0022990323264217584,0,1
-0.002613446677771364,-0.0019378735729827414,0,1
-0.002422925044278677,-0.003116256804310229,0,1
-0.0023265771331738385,-0.002916628126364929,0,1
-0.003175161181510102,-0.0036411307152474813,0,1
-0.002726114065137421,-0.002718711656374966,0,1
-0.0028174237519189614,-0.002331836833763048,0,1
-0.0041145171187249256,-0.0055966107765995175,0,1
-4.2956674556100203E-4,-0.002830600287105573,0,1
-0.003146402875549558,-0.0020100286273649383,0,1
-0.001495657387900783,-0.0029584374997238053,0,1
-0.0018768265991658758,-0.004062161893905927,0,1
-0.003110604749858285,-0.003766451106197434,0,1
-0.003491883445945163,-0.0033715673274411564,0,1
-0.003089762291138828,-0.0022001192578825586,0,1
-0.0038310088404470235,-0.0032962854999161167,0,1
-0.002090869968335135,-0.0023442175617502704,0,1
-0.003323335842134579,-2.3778934329277235E-4,0,1
-0.0032896735446051157,-0.0020138105225515606,0,1
-0.0036218735963091915,-0.0020715662930177016,0,1
-0.0029749934555860324,-0.0021471967231184042,0,1
-0.0029565389364215283,-0.002053941070244191,0,1
-0.0015699048240420844,-0.0029048012585666427,0,1
3.4363634495646988E-6,-0.001875198804881191,0,1
-0.004742498915848272,-0.004610519259178376,0,1
-0.002245413777896128,-0.002732468185914972,0,1
-0.003084603893858905,-5.752469606472468E-4,0,1
-0.0026020753951798074,-0.0021042382542198566,0,1
-0.003111202022287336,-0.0015134774828125155,0,1
-0.0014323661888612231,-0.0028588687924820536,0,1
-0.002543880065809758,-0.004470746766374337,0,1
-0.003028586080446211,-0.0021257480270262703,0,1
-0.0018883854912686833,-0.002812433401017186,0,1
-0.004039084650614657,-9.374509953918567E-4,0,1
-0.0019706346712283053,-0.0033357200484853715,0,1
0.0012023868417864695,-0.003212037968262689,0,1
-0.0022099716906083516,-0.002252326184702088,0,1
-0.0021473713382875533,-0.002282983026585267,0,1
-0.0013616815521354658,-0.0021947105180591523,0,1
-0.0022064411210131626,-7.623897255764752E-4,0,1
-0.002192564480311209,-0.002777299081201356,0,1
-0.0012832693152672698,-0.00246738457951351,0,1
-0.0037041743641769475,-0.0023271274154665115,0,1
-0.002636036648418932,-9.262936367319428E-4,0,1
-0.0030309435085505636,-0.0025690015979536155,0,1
-0.0015587908934002214,-0.002840427697861261,0,1
-0.002035378113055057,-0.002785030706340853,0,1
-0.0012217706288514306,-0.001014024668277073,0,1
-0.0014031642731292446,-0.0019704511281444554,0,1
-0.002344493869084505,-0.002513788038711517,0,1
-0.0027390384765300624,-0.0017833597893581873,0,1
-0.0022205760708364705,-0.0017760655949795878,0,1
-0.004288919508949627,-0.0041827391360350595,0,1
-0.0021956069261336907,-0.002164561619626956,0,1
-0.001171996791150423,-0.0023196255763932227,0,1
-0.0032232487421886068,-0.0018604197013290086,0,1
-0.0021221829281546285,-0.0024760560159646392,0,1
-0.0017809925966307644,-0.004464863533440426,0,1
-0.003067873540553832,-0.001738474917280225,0,1
-0.003227961294932245,-0.0012033095007537003,0,1
-0.0019967385171511254,-0.0018683980333278364,0,1
-0.0026868123331875546,-8.925293872625797E-4,0,1
-0.002684763789594149,-7.839807368438115E-4,0,1
-0.0015807597544229377,-0.0015415101168925424,0,1
-0.0014331590189120198,-7.24655184325492E-4,0,1
-9.057420928318132E-4,-0.0022891430596088482,0,1
-0.004518633258719634,-0.0031345251837156802,0,1
-0.0047131692733490375,-0.0028002590412708928,0,1
-0.005656015053006153,-0.001891100931595932,0,1
-0.005620874211401718,-0.003190506854398427,0,1
-0.00385124971557786,-0.003383140820194024,0,1
-0.004320305364146969,-0.001833214816907052,0,1
-0.004121164747060118,-0.0029833262469065596,0,1
-0.004635236906514134,-0.0018944353992969168,0,1
-0.004709043520216051,-0.0021512970051875946,0,1
-0.0055382628101413485,-0.0016555841559265476,0,1
-0.003733318096533802,-0.001991971330321508,0,1
-0.004697826602270115,-0.0017097033079489419,0,1
-0.006327804458852864,-8.688743761850733E-4,0,1
-0.0047519269855047785,5.426249422752402E-4,0,1
-0.004572419871848406,-5.34918028270214E-4,0,1
-0.005313030556161955,-1.0640792067481454E-4,0,1
-0.004500366472071174,-0.001563740617483639,0,1
-0.00430996696757547,-0.0018840668989203659,0,1
-0.004529442680048957,-0.001498655005971475,0,1
-0.0029475885932282587,-0.0020205879862564475,0,1
-0.004311834788998747,-0.0028919287276197502,0,1
-0.004551696517673851,-0.00250640910026988,0,1
-0.005429570120047449,-0.0021963245240497853,0,1
-0.004353860275693304,-0.0025824169828260173,0,1
-0.0044798170596380416,-0.0026136477251939177,0,1
-0.004201428162860883,-0.0029177748604928217,0,1
-0.003315491568805321,-8.607323334227791E-4,0,1
-0.00509619057502188,-0.0015702855309094822,0,1
-0.005202355882336423,-6.870830907230153E-4,0,1
-0.006685521699687151,0.0016374546061492196,0,1
-0.005134647985220456,-7.637937354072179E-4,0,1
-0.0053250579489187546,-7.414373778806706E-4,0,1
-0.00523315933100097,-0.003340114094407363,0,1
-0.0045421088043749135,-0.0034646196164484404,0,1
-0.004715147434580005,-0.0043700030208350974,0,1
-0.004686731999616907,-0.002730634525465475,0,1
-0.004498502999704749,-0.0020087142364084796,0,1
-0.004996535367679452,-0.0016145206995849164,0,1
-0.004890134628828589,-8.209003316356857E-4,0,1
-0.0056449677166329456,-0.0022652150989664805,0,1
-0.006737426453639213,-0.0027712015326305573,0,1
-0.00385483190803195,-0.002055435996642975,0,1
-0.004410642699999124,-8.840509352240657E-4,0,1
-0.004043757800117623,7.933981012876019E-4,0,1
-0.005201895975690126,1.7330905291108142E-5,0,1
-0.00473147041541395,-4.208644360093051E-4,0,1
-0.003949180601460512,-0.0031569439349773782,0,1
-0.0038455040779900897,-0.0023398773956025197,0,1
-0.0037884184579977257,-0.002746487064897314,0,1
-0.0034221145394080126,-0.0027488739969175504,0,1
-0.005789604455401188,-0.0018576571967745088,0,1
-0.004397123733530929,-0.002990541753661163,0,1
-0.0030720769326732238,-0.0016712590166869598,0,1
-0.001892946132970835,-0.0020046009631289326,0,1
-0.006750916392874022,-0.0024325820961155846,0,1
-0.005611062884016232,-8.820883648190337E-4,0,1
-0.004958498844775647,-1.6021778634808405E-4,0,1
-0.002904431226034533,-0.0018953756850449417,0,1
-0.004408631348050121,-8.132360342210687E-4,0,1
-0.007734925148587741,-0.00254396050213707,0,1
-0.00455618951117508,-1.4915173769913042E-4,0,1
-0.0022019401848707714,-8.277391459548614E-5,0,1
-0.0035384211386265754,-0.0048789458796798845,0,1
-0.003239866413657839,-0.0030920454403794715,0,1
-0.003153289691339093,-0.00206892491972561,0,1
-0.005805731357309776,3.8802097275582136E-4,0,1
-0.003756914888711244,-0.0017323771375733312,0,1
-0.0036262447244736944,-0.0015971107847279446,0,1
-0.005535950953243059,-0.004535142255241029,0,1
-0.004286559357855024,-0.0012561283179130373,0,1
-0.002705224481366239,0.0017073560951392085,0,1
-0.003254904057656425,-0.0013131887586804284,0,1
-0.004838671742104741,-8.33098116136274E-4,0,1
-0.004637414986215338,1.5695349581612E-4,0,1
-0.003931455786732919,-5.59836904998631E-4,0,1
-0.002724597381714464,-0.003471122389334345,0,1
-0.004208339780966827,-0.00231704585748231,0,1
-0.004526997423869285,-0.002351557754790261,0,1
-0.004279956453648313,-0.0018179130905437437,0,1
-0.0045801712731109315,-0.0018386637250529501,0,1
-0.0035144681531326127,-0.0023844967285105204,0,1
-0.004227410423564981,-0.001329000086551763,0,1
-0.005051394809340757,-0.0020268682617895204,0,1
-0.004242329802226542,-0.0012317943682305498,0,1
-0.0043172150783499785,-0.003721228726515944,0,1
-0.004887284097852118,-5.226448660189097E-4,0,1
-0.00420164076263357,-0.0011513413612470266,0,1
-0.00435040882621235,-3.7500446633382097E-4,0,1
-0.0017534873533137775,-0.004580221112474971,0,1
-0.0021867750497444956,-0.0037522489105636285,0,1
-0.0046897937683776,-0.0035222242348677915,0,1
-0.0034370389366287484,-0.0025340637623933885,0,1
-0.004510975955590099,-0.0016564612281627356,0,1
-0.00476717605407312,-0.0027435686004446025,0,1
-0.0027917843076219677,-0.0019470797304279974,0,1
-0.004232947346470109,-0.0010895526547839841,0,1
-0.00427887825042851,-0.0015674726154311992,0,1
-0.003988311922340248,-3.28016990805652E-4,0,1
-0.004283039248923836,7.906281609939753E-5,0,1
-0.004304522940394945,-5.581073654488489E-4,0,1
-0.004951569662747497,-2.617589415220291E-4,0,1
-0.004300078689459825,-0.0025296040683184047,0,1
-0.004334012447964975,-0.002335615230567874,0,1
-0.003281061634445457,-0.003059460514874168,0,1
-0.004189825564667943,4.849398038604841E-4,0,1
-0.00397281376317021,-0.002999883879849983,0,1
-0.004223132017333444,-0.0019818334190227706,0,1
-0.004020771060933858,-0.0017585088676946464,0,1
-0.00454353419366523,-0.0018364199436493702,0,1
-0.0012546418430862231,-6.628545577531044E-4,0,1
-0.0036846773641022626,-0.0012764944327953841,0,1
-0.004794978384704483,-0.003105033504471665,0,1
-0.0042319349708079095,-4.5245263437082404E-4,0,1
-8.873870462086667E-4,-0.001867100943582882,0,1
-0.003222064678560758,-0.0025589668510672676,0,1
-0.003746176374454536,-0.002215047526106208,0,1
-0.0034342811264357663,-0.0019606694042693146,0,1
-0.0038548625749221534,-0.0019556604974664132,0,1
-0.003684544387891112,-0.00432292639303345,0,1
-0.004445661459499643,-0.0019825782936915195,0,1
-0.002781878003204308,-0.0053000307375194785,0,1
-0.004529005360601784,-0.001565162406968856,0,1
-0.0035701133662829967,5.789247201949632E-4,0,1
-0.003718765859029287,-5.397235934538046E-4,0,1
-0.0028452604967070406,0.003062606455177906,0,1
-0.002987476889560825,-0.00240076994069372,0,1
8.793770710967521E-5,-0.003401341801843403,0,1
-0.003912791339932122,-0.002361457490343136,0,1
-0.002717762662843391,-0.003156789369911209,0,1
-0.005184867522993979,-6.257427018843464E-4,0,1
-0.003723008453347088,-0.0014239667900768484,0,1
-0.00700405552737138,-9.281800030582735E-4,0,1
-0.0036369936415074156,-0.004479588414213608,0,1
-0.006186189391850178,-0.0012129332403724227,0,1
-0.0038688031027269256,-8.906471224681426E-5,0,1
-0.0037583136510845523,-5.550603558782209E-4,0,1
-0.0034679435230536076,-0.003388341658362751,0,1
-0.004422712273533293,-0.00339482177140848,0,1
-0.0038730441995997963,-0.0018829222322307947,0,1
-9.013199901007424E-4,5.589821199836167E-4,0,1
-0.004526977792933804,-0.0025036684700497046,0,1
-0.005688912884343929,-0.0029355882250630618,0,1
-0.003795082316260933,-0.0017905271617335119,0,1
-0.0031757374546232567,-0.0016352547155916242,0,1
-0.002683243472376509,-4.993718308503108E-4,0,1
-0.0037365219795264084,-7.815423924890678E-4,0,1
-0.005176641949660839,-0.0011360910541047195,0,1
-0.0037275642845691504,-1.630833722127575E-4,0,1
-0.0026704053135047263,-0.0028295979437760535,0,1
-0.003458585881108613,-0.0021336528042510956,0,1
-0.0033907764122927905,-0.0018071590025052753,0,1
-0.003535802088425519,-0.0017821946654345223,0,1
-0.003144071056931102,-0.0012920094373595026,0,1
-0.003882339876503452,-5.875350443005936E-4,0,1
-0.005032621894626247,-0.001431550379883909,0,1
-0.004065434471698009,-5.416648092686012E-4,0,1
-0.0035533769115202677,-2.334269712103882E-4,0,1
-0.0031478879816672534,-0.0010190951663771124,0,1
-0.0033123555787462006,-0.002376535325386161,0,1
-0.003813730950463001,-0.0016868340864497366,0,1
-0.00328485857009214,-0.0014827008453353863,0,1
-0.002124447273784168,-0.002883421175061401,0,1
-0.0027140616215346244,-0.002224919007157277,0,1
-0.0050183168039772,5.06165033222599E-4,0,1
-0.003683471860709555,-5.589171121752544E-4,0,1
-0.00466026140594942,-0.0015175344481795107,0,1
-0.00306799326769425,-0.0013750956504890955,0,1
-0.0034187333776270878,-2.78644939160665E-4,0,1
-0.0030857226819172804,-0.0031507029809173504,0,1
-0.00393785990171365,-0.0019306456129941914,0,1
-0.002890147632656158,-0.0031637301867093455,0,1
-0.0030503297333856344,-0.004413083151082156,0,1
-0.003779643494978821,-0.0012658139111544646,0,1
-0.0031686200855256825,7.640126540817108E-4,0,1
-0.003293041345656297,-0.0013431051965048376,0,1
-0.002635438752790887,-0.0016774080748627723,0,1
-0.0036250622735504337,-8.329458550474924E-4,0,1
-0.003420587489401808,-9.919969817869874E-4,0,1
-0.003210335023804024,-0.0024262231964901062,0,1
-0.0015402803928900176,-0.004586378508063197,0,1
-0.0037235873214075035,-0.002128197166243169,0,1
-0.0033353456565253232,-0.001481495745712143,0,1
-0.0035318121511813795,-0.0010684607120128784,0,1
-0.00308374614202628,-6.748881598205886E-4,0,1
-0.0030721749129486303,-3.7272862513161104E-4,0,1
-0.004597106240537203,-0.0025151323762422494,0,1
-0.0034457309315062104,4.8823210528770435E-4,0,1
-0.002496558415865382,-0.0017244897158108377,0,1
-0.002006863931644835,-0.0027638789565418076,0,1
-0.003454167982546845,-1.0728659507541652E-4,0,1
4.7512198343853217E-4,-0.001089862908290171,0,1
-0.004470154460687528,-0.003568247787389615,0,1
-4.7094021013670105E-4,0.0015445317855854093,0,1
-0.005219542873167144,-5.520904291176613E-4,0,1
-0.003790207936320377,-0.0010180559232778638,0,1
-0.0038385544678651773,-0.001481540864316128,0,1
-0.0029532311707207957,-0.0013549858549273485,0,1
-0.003301916488357568,-0.0017173830679058516,0,1
-0.0021426397301099703,-0.0025294098487236,0,1
-0.0035704276567352917,-9.641292154912452E-4,0,1
-0.003343423554585043,-0.001245042653421735,0,1
-0.0028651354850304724,-0.0012585752081647268,0,1
-0.0030871128529471187,0.0025810421322929335,0,1
-0.0019515679650438159,-0.001657106426654335,0,1
-0.0024202313267625364,0.0012190160160647774,0,1
-0.0029097767997348528,-0.001970632935053115,0,1
-0.0031319891279287674,-0.001990018393126427,0,1
-0.002689272746556809,-0.0010711811466380368,0,1
-0.002126274695535034,-0.001739712967109501,0,1
-0.0035826820283767933,-9.228846759370677E-4,0,1
-0.003223407125795822,-0.0010341845953729446,0,1
-0.002565528290922743,-0.0016214459530983166,0,1
-0.00233341123365041,-0.004033405068794297,0,1
-0.0029817548472953143,-0.0018886549092447472,0,1
-0.002049678251501653,-0.0014246722784426395,0,1
-0.0029063748216152114,-0.0012798206755255475,0,1
-0.003124063759157301,-0.0016373611798891916,0,1
-0.003981748796453,0.001224033784771672,0,1
-0.002340201407917813,7.705611333498335E-5,0,1
-0.002601762661398365,-0.0030905877770594334,0,1
-0.002970970172845897,-0.0012297304405938987,0,1
-0.0014932719310245988,-3.827679268374866E-4,0,1
-0.0025191787937026483,-8.405110327482981E-4,0,1
-0.0029174868848878092,-0.0014252246734514815,0,1
-0.0030454707301018624,2.310878394091012E-6,0,1
-0.0032848461948948634,-0.0012685385649758177,0,1
-0.0030130969695350927,-0.003259086686595039,0,1
-0.0029918866868329933,-0.0017922320091147673,0,1
-0.002547631685680025,-0.001105531725115473,0,1
-0.002579489070898394,-0.0025115848076460766,0,1
-0.0013703055031501754,-0.001382227929712448,0,1
-0.002548754050751073,-0.0014131381980340854,0,1
-0.0027543199702481994,-6.914441686758805E-4,0,1
-0.0014745007158449735,-0.0022687308315031563,0,1
-0.0035669792432756163,-0.0015852166111067834,0,1
-8.826084605324056E-4,-8.456402641566996E-4,0,1
-0.0031289540554698815,-4.562173720683657E-4,0,1
-0.002942576373733828,-0.001560908889384197,0,1
0.001726818869708567,-0.0019417235978399672,0,1
-0.0023494403028002865,-0.001759064748289941,0,1
-0.0014828085832748156,-0.0025833376474638237,0,1
-0.002328917706041605,-0.0012332874754419525,0,1
-0.0037011596728981273,-0.0022871273354785823,0,1
-0.0028208209394293728,-0.0020614117114785627,0,1
-0.0025087128340771214,-0.001304853370290261,0,1
-0.001624221520886591,-2.5380332413075336E-4,0,1
-9.938351934644122E-4,-9.688552500900469E-4,0,1
-5.817286036986082E-4,-0.00133286035394519,0,1
-0.0023672575304148832,-0.0017360326768753086,0,1
-0.0023499864550829037,-0.001125788480060646,0,1
-0.0023357559922902106,-0.001575978927107527,0,1
-0.0019317982385924743,-0.001948050215191495,0,1
-0.001822843671672355,-1.23240380317088E-4,0,1
-0.001829711579859931,-0.0016324165629003323,0,1
-0.0014144001518066418,-0.0020300510579709784,0,1
-0.0050647078646417504,-0.0017603926114643756,0,1
-0.0012205570523192526,-0.0032064976774824794,0,1
-0.0016370556781434517,-0.0016129369180450507,0,1
-0.003718503564253401,4.979600506497466E-4,0,1
-0.0024780970650823617,-8.392374353487542E-4,0,1
-0.0019693293666230545,-0.0017215140658252785,0,1
-0.0016376208304246566,-0.0016767017712204485,0,1
-0.0014794838706386107,-0.0013901688213303798,0,1
-0.002050792203908976,-0.0019740667961028005,0,1
-7.707080618202704E-4,-0.0026226777258800123,0,1
-0.0027944752916362523,5.17204962561331E-4,0,1
-0.0018212963299385617,-0.0011534086536234415,0,1
-8.659643457444781E-4,-4.734612936678443E-4,0,1
-0.0022808726701791775,-1.6751465649481504E-4,0,1
-0.001605576916652934,-0.0015248095264427974,0,1
-0.0013096621167202323,-0.003619697375245091,0,1
0.003516628978305805,0.0025574378862913685,0,1
0.0011877531024023752,0.003377682787921192,0,1
0.0041095299006129555,0.0015598685946726244,0,1
0.005487447255669571,0.00258986016102325,0,1
0.004917950344236867,0.0031306919069513553,0,1
0.005824854822140818,0.0014087927371638305,0,1
0.00461560998120815,0.001485481363640136,0,1
0.0038198973803099424,0.003711922095721021,0,1
0.004566887605112615,-3.5492005390595413E-4,0,1
0.004644610922018534,8.440195014733816E-4,0,1
0.00547195465541126,0.002049092093552275,0,1
0.006455827196948497,1.6149559382974644E-4,0,1
0.005106422689297655,5.577941325461062E-4,0,1
0.004924559568447409,4.675866124114625E-4,0,1
0.0048538281256443605,0.0012357971677555838,0,1
0.005046943593086599,-3.550546105061112E-4,0,1
0.0036379975596751014,-0.001179717285259947,0,1
0.005291143757442393,-0.0021614203948884772,0,1
0.004181530950534604,-0.0019164102288354008,0,1
0.0049232242379997505,0.0021373908369333623,0,1
0.005189417280684742,0.001940562058558181,0,1
0.006222511479080034,0.0028036250015220023,0,1
0.005211786651145035,0.005177209274605401,0,1
0.005137123812218703,0.002360678506857188,0,1
0.004558289066999937,0.0016745955438101276,0,1
0.00394192842590536,-0.0018698089216905185,0,1
0.00282963875552199,0.003565195869670215,0,1
0.004096037791999305,0.0016024320674466843,0,1
0.004565140864656519,0.0023476058340231596,0,1
0.005508762186819657,0.001140838863519433,0,1
0.0054982515290597275,-0.0013317369858319751,0,1
0.005199940452026738,5.085141008854118E-4,0,1
0.0035373736811122884,0.0034962819797166107,0,1
0.0030602117332856507,8.13203480952577E-5,0,1
0.005877350286775897,-0.0013308138227472461,0,1
0.005151192247454573,2.4000296077049617E-5,0,1
0.0074423292309506025,-0.0012721395489586934,0,1
0.0042387431008977065,0.002320461854881881,0,1
0.003088555877052679,0.0025117921190424466,0,1
0.005231926833618577,0.002656423804064946,0,1
0.0042809927766605995,0.0023729776955058986,0,1
0.004945921072118216,0.0023032354944762146,0,1
0.0054358985809133484,9.566727438999117E-4,0,1
0.00400930966383711,0.004451003234857241,0,1
0.004998510131034465,0.0019002429006277017,0,1
0.004457502719802842,0.0010249432609876557,0,1
0.003853117079004936,0.0012126109912424386,0,1
0.004440470699737072,5.469611868920252E-4,0,1
0.0049771269401752746,-3.3675167635989343E-4,0,1
0.005438583187357442,-0.002541847483442423,0,1
0.004041766240118065,-0.0014589493462391961,0,1
0.004737623664889454,-4.6625948882040013E-4,0,1
0.00480354722036961,-7.417058770863788E-4,0,1
0.0050487189836316195,-1.6538485823947737E-4,0,1
0.004329824851963433,4.2798180979154965E-4,0,1
0.0015840311650427443,0.0011066769429533435,0,1
0.0027978261508826295,0.0046236817497858325,0,1
0.002441144050225855,0.002918681627624625,0,1
0.005519629230426417,0.002218751912461798,0,1
0.005626006769220928,0.002588356707804497,0,1
0.004310774046941565,0.001570637404998786,0,1
0.005801439157246255,0.0034007276578385507,0,1
0.006864562051423429,0.002548492340274635,0,1
0.004929256428318733,0.0016863630722484446,0,1
0.004588102816405714,7.203663205211193E-4,0,1
0.005209959948975507,-2.3070189050668238E-4,0,1
0.00748077469284801,0.001802359750945643,0,1
0.005176988079790634,0.001453062925725545,0,1
0.004361052523057163,7.968564417123339E-4,0,1
0.004605204447032907,3.581953994445076E-4,0,1
0.004361377475298358,-0.001237381954869943,0,1
0.004979831237662452,-0.0015827395048055653,0,1
0.003910119598669313,9.78850972242345E-4,0,1
0.0027589567237851884,5.077092881482588E-4,0,1
0.004633256728213898,0.002114903219447361,0,1
0.00668684046652878,0.0010168413750268315,0,1
0.004639615469734467,0.0028655671924950276,0,1
0.0036444177757803137,0.005113701309460442,0,1
0.003097167515920375,0.0011862091526691708,0,1
0.004250738812774574,6.683615724554492E-4,0,1
0.006159221198627458,9.377949903301716E-4,0,1
0.005616663049940093,-7.314811268342819E-5,0,1
0.003894489470193851,5.829139031107287E-4,0,1
0.0030440164080131776,0.002016950230781549,0,1
0.004668968568559991,8.329090171427734E-5,0,1
0.0016710632376446754,-0.0010882970957292045,0,1
0.004375037641209916,8.142200969788122E-4,0,1
0.005287711798019125,-8.817677470723893E-4,0,1
0.00419301081636398,1.5244653438201795E-4,0,1
0.0044196418662171034,0.0031299909265900825,0,1
0.004516467201478764,0.0027646180027769045,0,1
0.0015668981994191654,0.0018407178587510407,0,1
0.0036668733682820058,0.0010234237403578196,0,1
0.004192516596729999,0.0018250430051464303,0,1
0.0032093931166133514,0.00203914456434116,0,1
0.004344260330680461,0.0011179993983093598,0,1
0.004433191625965876,9.91618311335683E-4,0,1
0.0018482232633449587,4.630244156339398E-4,0,1
0.0048213114089281734,6.681326013552047E-4,0,1
0.005693263623585609,0.0023680229827090045,0,1
0.004494724661301144,-5.121755699145629E-4,0,1
0.0043461178011429185,-1.4434010891013654E-4,0,1
0.0048544424255435375,-8.189207322229016E-5,0,1
0.004104206606161345,-0.0017056602943562667,0,1
0.004173143073726379,1.9699497675594685E-4,0,1
0.003907569415814595,0.0015256597059872573,0,1
0.0024487316058438464,0.005751455110745497,0,1
0.003639659949577056,0.002308980920921795,0,1
0.003942450829169605,5.800393334369181E-4,0,1
0.004422129400426945,0.001830483102052469,0,1
0.0017920732081028827,-8.566774592522228E-4,0,1
0.004749340278840768,8.331800992840648E-4,0,1
0.0031256137734046487,0.0024141597844023932,0,1
0.0044196011412667695,7.121387439817472E-4,0,1
0.004032957627866224,5.451144171272585E-4,0,1
0.004648959078639629,2.5407135872606987E-4,0,1
0.005447992754756114,-3.799278819767556E-5,0,1
0.004538481464926355,-3.4689005711928644E-4,0,1
0.00455500692220907,-0.0010821365357403987,0,1
0.004599370445216609,-0.0011402260028645797,0,1
0.0031984350211798017,4.39434774243601E-4,0,1
0.0035684407458905585,0.003345783648725499,0,1
0.0013331374313444726,0.0016891828219946356,0,1
0.0025493844785253353,0.0015345779777667364,0,1
0.0013015217027547367,0.0013223640897069826,0,1
0.0045373098160118135,0.0024086946970185577,0,1
0.004587841173409462,0.0011290049157349517,0,1
0.0038827768726370595,0.0026615533074743165,0,1
0.004558498755351929,0.0017941440380532581,0,1
0.0018606975740433763,6.515814575461721E-4,0,1
0.004105276800589854,3.382248861454184E-4,0,1
0.005610654316239875,-7.850283614592493E-4,0,1
0.005701877033637552,-0.003091995300431238,0,1
0.00467419902570947,-0.0012377578294984414,0,1
0.005087316908629137,-0.0011449327119535738,0,1
0.004454984650758713,-1.2364996548367668E-4,0,1
0.004423358884009213,0.0011627556201673256,0,1
0.003705682192685366,0.002260754877743259,0,1
0.003331834853822393,0.0017408443863840732,0,1
0.004035516691499127,0.0019741654744223104,0,1
0.004283929523070416,0.0033693448145428358,0,1
0.004751954138946833,4.3408458690472675E-4,0,1
0.004900211268039146,0.0011888020164068874,0,1
0.004251930237845946,0.001106182822037301,0,1
0.002906379173410451,0.0011456522142039133,0,1
0.0036438931679575732,-3.4568217329339205E-4,0,1
0.004394861799661051,-7.786545021724605E-4,0,1
0.005100563531941054,-6.408176700215906E-4,0,1
0.004125220282574817,-0.001080935566852232,0,1
0.005900395230266975,-4.8310155794019935E-4,0,1
0.0050224106077242075,7.706985815652867E-5,0,1
0.003717457624747016,0.0023404402388047807,0,1
0.00392557986635634,0.0021046669762371305,0,1
0.0044719127317687304,0.0019192298000571249,0,1
0.0018877763831517628,0.0018143793750718346,0,1
0.004466331172706321,-3.822306073011427E-4,0,1
0.004459824976767982,9.667279476292187E-4,0,1
0.004630849986660784,6.978551959379729E-4,0,1
0.005195946396570397,0.0010796347633554302,0,1
0.003884055461871681,0.0010828746617498458,0,1
0.006758344769548908,-0.0018133657215976427,0,1
0.004428170832989288,-0.0017526076820570718,0,1
0.003920146965365691,7.303777196636838E-4,0,1
0.0024095494539491495,-3.126062464760158E-4,0,1
0.004373608567010072,-6.398402651643022E-4,0,1
0.00269686829026643,0.001419473663022018,0,1
0.0035602218389650946,0.002255996365709625,0,1
0.0038402604136976446,0.0037312537581022723,0,1
0.003751870470764688,0.0017168124944719823,0,1
0.004389644451478605,5.469428205871902E-4,0,1
0.0040560336229513725,6.21508085098111E-4,0,1
0.0038874017986205954,9.149382040437909E-5,0,1
0.004369273474068863,2.479110007165978E-4,0,1
0.003955987954447855,7.798995136049734E-4,0,1
0.003766644733472778,1.9845940130868507E-4,0,1
0.003182870607486771,6.783343910234712E-5,0,1
0.0038715624621062433,1.546328978008607E-4,0,1
0.004359333147768859,-9.270412038390267E-5,0,1
0.005057427303033855,2.2938446102575212E-4,0,1
0.0039574379225735595,-5.822221634689906E-4,0,1
0.004499771258930677,0.0032601232665784236,0,1
0.0031502970672462847,0.002054244328227796,0,1
0.0037157052912200656,0.0018037524843992426,0,1
0.004157498693287998,-0.001869869315547703,0,1
7.274259495597655E-4,-7.041818121236105E-4,0,1
0.005304770298561492,0.0014707725494207623,0,1
0.0026669911512779555,9.590590198175353E-4,0,1
0.0036406015390585103,8.097195950036107E-4,0,1
0.004527668722743618,-0.0011009234450389854,0,1
0.004862202353309792,4.7402827748751017E-4,0,1
0.0035407765291477398,-1.977139145469466E-6,0,1
0.005114651606827635,-7.502889465085215E-4,0,1
0.004264615364903528,-5.417718326676926E-4,0,1
0.0033113383567196356,0.0020411427900507272,0,1
0.003082132964156432,0.0013897583679229517,0,1
0.003695360012684674,0.0017924826205057702,0,1
0.0038953423309654785,0.0010941227474703904,0,1
0.003362276494935052,0.0029450378968102473,0,1
0.0034898244050941066,0.001507232220918723,0,1
0.0031714494772818414,5.156292198980843E-4,0,1
0.0072717454680123654,-0.0015766881777623718,0,1
0.005972643684725753,0.0013813388825358952,0,1
0.004031128461938918,9.2970007227756E-5,0,1
0.003274877986891775,3.7302635669877695E-4,0,1
0.004261761162995677,-0.0034031736523073286,0,1
0.0029510994601355265,-6.783902796842949E-4,0,1
0.0015693877490572836,0.002565120350941955,0,1
0.004766483977912805,0.00198416892500636,0,1
0.0038841840668016672,0.0032710765100193774,0,1
0.003623700607461898,4.172788280394391E-4,0,1
0.005219835242210136,9.927052356174366E-4,0,1
0.00355883321335326,0.0010812738809838842,0,1
0.0034846145420735376,0.0012215392901769617,0,1
0.004751485194225328,5.448546070556241E-4,0,1
0.0041070169284439725,0.0024109699363681365,0,1
0.002242813865606802,-0.0012404413408980013,0,1
0.0038512142828420306,2.4367489188570154E-4,0,1
0.0030431028043906854,-0.0029404439298629033,0,1
0.0031335223283396395,0.0021856626692979943,0,1
0.003442239957350961,0.0016354444918946654,0,1
0.004021959223862956,0.002235825620721599,0,1
0.00436131555084562,0.001937940591907948,0,1
0.0032037174483748733,0.0015763000656566913,0,1
0.0037968835111871677,0.0018998998709335432,0,1
0.0012326984048543807,0.0019799675058801117,0,1
0.005323741376271929,8.776489330155628E-4,0,1
0.003653767989106924,0.0011669752348732949,0,1
0.002898886892449267,3.753851103807443E-4,0,1
0.003912776246804143,-2.465855521401552E-4,0,1
0.003064450123647674,0.0015010341613718246,0,1
0.0023679288945935816,0.002552784717763375,0,1
0.004230938935348309,0.0017658283781232535,0,1
0.001969100355153174,0.004969077566480244,0,1
0.0039321649803821055,0.0018996056528741403,0,1
0.00150440642797409,7.3314285927461E-4,0,1
0.0034778216133609643,0.0027232858331583463,0,1
0.004113183237693282,0.002195088299542821,0,1
0.0035897386208311854,4.378553251028055E-4,0,1
0.0038195611133226316,2.058827529719148E-4,0,1
0.0036037590788631133,-2.0872865716031196E-4,0,1
0.0031293076609570513,9.428343444061692E-5,0,1
0.0014781544109525088,-0.0022292131036695515,0,1
0.0031002224143809594,2.644286834540766E-4,0,1
0.005138192425049964,0.0015349151609358991,0,1
0.0029002689300897527,3.2144184050771725E-4,0,1
0.003110977393730943,1.5038883853618642E-4,0,1
0.004685816746474157,0.0010085820994283291,0,1
0.0036895379881583543,0.0015811983717383188,0,1
0.003906034180551199,-5.69600241551427E-4,0,1
0.003553834852929831,1.7676813389612422E-4,0,1
0.0038749938985630727,6.852432564455595E-5,0,1
0.0038751917241095827,1.2258238554296012E-4,0,1
0.0022564755630459523,1.6502200082073782E-5,0,1
0.006299115192455076,0.0038106684852225203,0,1
0.003696755608241943,0.003882356828313323,0,1
0.004092293426623363,0.0025576019197685604,0,1
0.0022858343290025973,0.0025287284224311266,0,1
0.005418237949499587,-0.0010266881520072301,0,1
0.0035520683290409124,3.8424491480122235E-4,0,1
0.002959194323305482,-0.0020635104694314544,0,1
0.002935629732568488,9.657327957610412E-4,0,1
0.0036094360609718102,2.828761599937529E-4,0,1
0.0047496326463296774,-5.420809229316736E-4,0,1
0.0026528447664448153,0.0015192694536113206,0,1
0.003645977730773468,0.0016006580060182372,0,1
0.0032699341343999356,6.772655125255109E-4,0,1
0.004248071278584446,9.865308413413308E-4,0,1
0.004254242938635292,0.0012623490107961904,0,1
0.003002371935151488,0.001919855697372883,0,1
0.005936495095374232,0.001521262640108159,0,1
0.003500991121212648,6.084078611174432E-4,0,1
0.003536837469225829,4.1033630712872954E-4,0,1
0.0035355663037144854,-3.7668559662600815E-5,0,1
0.002367391105372402,3.107936526697014E-4,0,1
0.003009406327689165,0.0018648207358919085,0,1
0.003178024754390235,0.0021182138235092056,0,1
0.0034288346040624385,0.0015757060974376795,0,1
0.0028948775135947003,6.905748118349267E-4,0,1
0.002661490706616151,0.0011852694989719441,0,1
0.0034676378611809893,3.7610002221048197E-4,0,1
0.004206864075707015,5.755771063844704E-4,0,1
0.004233562685346972,5.696536502965065E-4,0,1
0.001054395406004425,-6.298723814380437E-4,0,1
0.0018392424766207512,0.002269146444809131,0,1
0.0050733412414151035,-4.2944175516801327E-4,0,1
0.0030272121345920906,0.0015308741605919243,0,1
0.0013057715656806688,0.0026501963394969918,0,1
0.0021129202284232386,0.0011783222038631216,0,1
0.0030181114425550637,7.31620043126624E-4,0,1
0.003597937642241786,8.591594974853798E-4,0,1
0.003349825792209141,-6.03342993711934E-4,0,1
0.002883425924096968,3.1521417438578947E-4,0,1
0.0046564617491946896,-6.892772036925916E-4,0,1
0.001554647263167929,-1.0045767746011323E-4,0,1
0.0025310043105454057,0.0017497005466347835,0,1
0.002057503749653244,0.0011597774292571744,0,1
0.004175420291548845,8.693746292238302E-4,0,1
0.0029560715494345215,6.499051045254394E-4,0,1
0.0019186673261535835,2.8607958483888604E-4,0,1
0.003119493832408258,-1.6272646948970536E-4,0,1
0.003285249092587481,1.2384483902942668E-4,0,1
0.003520984471985649,9.574872681737496E-4,0,1
0.003054299497283055,8.078344257378471E-4,0,1
0.00273426202409919,8.985638193293776E-4,0,1
0.0014504888705633402,0.0010417929524533128,0,1
0.002212486181772302,0.0012829208735133785,0,1
0.006187562620627966,0.0018397106154547226,0,1
0.002859927818424948,-2.28698726889889E-4,0,1
0.002613831068588993,0.001039780937445489,0,1
0.003823099657910836,3.2391613128718993E-4,0,1
0.002083198332486314,0.0024889870273851825,0,1
0.003429679528872269,0.0038325036222655985,0,1
0.0027434757227747693,8.876689662313303E-4,0,1
0.0028109247912318433,8.935046931485289E-4,0,1
0.002686067218866278,1.483264546594986E-4,0,1
0.003063248777530675,3.398759036479229E-4,0,1
0.0036057882486271735,1.0865369318233508E-4,0,1
0.0027236643333045617,0.003157944223349891,0,1
0.0024395997705521496,0.0018652631127745178,0,1
0.003423118537307993,6.094439517792836E-4,0,1
0.0024992188068458684,-6.398691203313859E-4,0,1
0.00307384149822649,0.001488098666310253,0,1
0.0020540710971324273,4.238030551292131E-5,0,1
0.0027692679356485345,2.328208082800461E-4,0,1
0.0035052426513577286,-7.702160484205127E-4,0,1
0.0028389984808785467,9.482784202096477E-4,0,1
0.0029841500948156615,0.0016310221457711287,0,1
0.0015062356025043683,0.0010635610153983013,0,1
0.002841830552911059,-8.974123368712932E-5,0,1
0.0031431528082375157,5.768983457958548E-4,0,1
0.0035772118637040955,8.033325457042626E-4,0,1
0.0029123433614641823,2.2287081029860974E-4,0,1
0.003108061016026109,0.00153480174808503,0,1
0.0027333657502365463,0.0011581391039982769,0,1
0.0026383988451290073,3.3868941364959964E-4,0,1
0.00159923526956652,0.0014113308403410798,0,1
0.0035370561297507273,2.524522391661702E-4,0,1
0.0020872450823634274,-3.740588836498953E-4,0,1
0.0023622097278258682,0.0014041686349775414,0,1
3.2485067862997996E-4,0.002341593708494255,0,1
0.0030092964228603234,-4.614916422615768E-4,0,1
0.002623869395488939,0.0012394791608279175,0,1
0.0024274999035265835,4.320765093956725E-4,0,1
0.002560936431140913,2.97286083223867E-4,0,1
0.0019466601524266857,0.004080726140517544,0,1
0.002135785976110215,0.0018333101027146062,0,1
0.004116813702594612,0.0017066475036540962,0,1
0.0030073457186336142,6.789105430693492E-4,0,1
0.0023524339966255665,4.172989902684101E-4,0,1
7.176307936707109E-4,9.779676490370333E-4,0,1
0.0026519140409767003,-5.116053290071925E-5,0,1
0.002504435048677626,2.6462267416519356E-4,0,1
0.0025160615898612067,5.082524566279314E-4,0,1
0.0020655609095186853,0.0018897228647918453,0,1
0.002801062505848333,0.004984323393646906,0,1
0.0012942479276947414,0.0018692785331322073,0,1
0.0015933184778997571,0.002690705113096534,0,1
0.002753733198536343,-4.257505041908247E-4,0,1
0.0021220579042227307,-0.002826791713033723,0,1
7.234844179886273E-4,0.0018062608336691537,0,1
0.004359557435320389,0.0022651793276216034,0,1
0.0033551417829389496,1.7816372405299978E-4,0,1
0.0012164097073348878,0.002182515759560906,0,1
0.0012107609092576919,6.226241188868835E-4,0,1
0.0019714452175264878,-4.869603559588451E-5,0,1
0.0013634445975181956,2.139843319398163E-5,0,1
0.0023755131116605216,8.506262170213414E-4,0,1
0.002850210152352699,6.191261237544289E-5,0,1
0.0019294870894027204,4.945560802421559E-4,0,1
0.0016498060443915431,0.0012191125689142047,0,1
0.003235750462815156,0.00284347255146236,0,1
0.002437732929893482,0.0014489714562561217,0,1
0.0019352578019927985,0.0010794144571565645,0,1
0.0016784683615441607,4.8171742063472984E-4,0,1
0.00188195875358924,6.51057612360894E-4,0,1
9.397456834734472E-4,7.553738407941341E-4,0,1
5.081753689225957E-4,-0.0012608412868734032,0,1
0.004377696517611854,0.0039409136806074305,0,1
0.0036542063978028715,0.003447174176999951,0,1
0.003792688547373944,0.0028588754399901236,0,1
0.0022713101104089154,0.002796781728063989,0,1
0.0039111441857663755,0.002385865136229607,0,1
0.004250635493669993,0.0035573462507249,0,1
0.003258877662314307,0.0023813767274722913,0,1
0.0031738932895722335,0.0020649201245677654,0,1
0.003924026919294683,0.0016942788805745415,0,1
0.0023037323915718745,0.002411811891913552,0,1
0.0022096358354143342,0.0026527241457213447,0,1
0.003580814013783198,0.0015836515063079302,0,1
0.0024876221108616307,0.0011950128130349433,0,1
-4.670884841099199E-4,0.0015915537706088785,0,1
0.00436616640340857,0.0017617563793062248,0,1
0.0018420693006407426,0.0020992519807528248,0,1
0.0016761277247892058,0.002285074197267896,0,1
0.003854490032755363,0.0030770552472293984,0,1
0.0022841126013500284,0.0014878012759803104,0,1
0.004319925548791511,7.73713785653429E-4,0,1
0.004828149840052286,0.0021512638028223226,0,1
0.003676017095988123,0.002292865298263517,0,1
0.003282583709067679,0.00215720507700936,0,1
0.003979681668582757,2.8855096082361283E-4,0,1
0.0031409286390114742,0.0019586174029473965,0,1
0.003144788878054404,0.001653033821814049,0,1
0.0027694323497046494,0.0019310475531889135,0,1
0.002751731386876648,0.0013373598756617688,0,1
0.0019699473570625576,8.830382908775023E-4,0,1
0.001742747409158925,0.0016203388797050872,0,1
0.003122340861900803,0.0013316901576292406,0,1
0.0018403302839648506,0.0024700145672705972,0,1
9.996363063665889E-5,0.0014707577113346711,0,1
0.004190255727183764,0.003426514489878695,0,1
0.003836854472583123,0.0030055172772242493,0,1
0.0031006066838392796,0.0029253047446475425,0,1
0.006105528195828917,0.0025212680116760222,0,1
0.0029187316125111177,0.0022212892656171958,0,1
0.0029400346511205665,5.164678490840564E-4,0,1
0.0024633873065791215,0.0010501548924364851,0,1
0.0036030826955988173,9.96907235678055E-4,0,1
0.0031055619057440663,0.0027730141527020948,0,1
0.004048636505731989,-0.001025161939524345,0,1
0.00356078205914259,0.002769040019298204,0,1
1.573198011423999E-4,0.003613411926254025,0,1
0.0021593229472530668,7.062182108240223E-4,0,1
0.0019327771477379934,0.003414298766830288,0,1
0.0011372521616376556,0.001050212467269091,0,1
0.0015711320759471243,0.0013806060070944888,0,1
0.0024459628272012054,0.003727873782729707,0,1
0.0046236473620586025,0.004198979590795128,0,1
0.00100015670699997,0.0021900729873757644,0,1
0.003300437039445193,0.003313312746305282,0,1
0.002383664712500503,0.003311835471119736,0,1
0.003169697698505536,0.0024765092298187573,0,1
0.0021596531810784475,0.002838268081397255,0,1
0.002327289711468029,0.003151467394928845,0,1
0.0019282606066547239,0.001470301606975047,0,1
0.002407693584940797,0.001907071993851745,0,1
6.498201922496677E-4,-0.001387253222303508,0,1
0.0023359553312323512,0.0018897088906983433,0,1
8.819081405835816E-4,0.0010094684856063563,0,1
7.8601025157981E-4,0.001563552581940288,0,1
0.0017390993805614034,0.0011778805537765306,0,1
0.0037803982691918575,0.003472213203890749,0,1
0.0034645321901321017,0.0021978636168565042,0,1
0.003647442005653642,0.0033672365443679375,0,1
8.129243590324472E-4,0.0026257279908188658,0,1
0.0075069297073629805,0.0030122379595996446,0,1
0.0031184883935499626,0.002702244277408935,0,1
0.0023333484769649197,0.002985142575865149,0,1
0.0018082706216361003,0.002460845272585126,0,1
0.001861730598689425,0.0033072853760102183,0,1
0.001784778861967939,0.0026156062013327113,0,1
0.0020812550173494888,0.002083853594881103,0,1
0.0027064499819845714,0.0016966638360055724,0,1
0.0013006675151229258,0.001210250294075163,0,1
9.24569923414114E-4,0.002710092357711293,0,1
5.11853880817507E-4,0.003125783802937193,0,1
0.0042682007818161585,0.0031888590332113257,0,1
0.002840646494613798,0.0017787652751147397,0,1
0.0011373753753817625,0.0050779392868841025,0,1
0.003551382929387955,0.0030970712697067316,0,1
0.00648962785859174,0.003605432898184478,0,1
0.004682997854979945,0.0031218869541675912,0,1
0.002644927719608935,0.003320833999175918,0,1
0.003198588092651238,0.003104276162408468,0,1
0.0012276616004117823,0.0053028099040998795,0,1
0.0020971556549506483,0.0035797813029301542,0,1
0.002795826262056666,5.6749012189762E-4,0,1
0.002178817089651958,0.0017339273492595379,0,1
1.6060843600572148E-4,0.001371475923021112,0,1
0.0011358020389959508,0.001703842133803029,0,1
0.004687500870556776,0.0030950925703747832,0,1
0.003101271519209833,0.001836014518254155,0,1
0.0021830239314931574,0.004940722746516909,0,1
0.004232768334526565,0.002508746817697516,0,1
0.0029065054186579956,0.002523181353386556,0,1
0.003409807343546697,0.0022627303422845368,0,1
0.003438764864837408,0.00409047726222362,0,1
0.002062363113326029,0.0018132347918462296,0,1
0.005213062677804166,0.0015553746885055536,0,1
0.001460916622074553,0.0015408836491298751,0,1
0.0019700931955790382,0.0020317051230498125,0,1
0.001030927315960889,0.0018482647060194702,0,1
0.001292151990898696,0.0016702861340797315,0,1
0.0020160431153591098,0.0019071895037677587,0,1
0.0033550126545897393,0.0032415334973488396,0,1
0.0035032320871249177,0.004116792870471897,0,1
0.00325123419936556,0.0027880182419517375,0,1
0.00261288809494309,0.002778740998079702,0,1
0.003438233765124621,0.0032702765737043257,0,1
0.001500542854371877,0.0027021888953155607,0,1
0.0028755124979190664,0.002299216441387155,0,1
0.0018546980967672844,0.0024262296341575834,0,1
0.0022083282361202326,0.0020731349403401056,0,1
5.315164008557776E-4,0.0022792501907936786,0,1
0.00215932541770352,0.0026671777378708037,0,1
-0.0019755185849585355,0.0013813248722771843,0,1
0.0010461054550598779,0.0016934985706235075,0,1
0.0019684239345171186,0.004447263067689156,0,1
0.0037334798256260537,0.003000724517923471,0,1
0.0035260820878477987,0.0029743408122449018,0,1
0.0024852086670556195,0.002684958472812397,0,1
0.0025819853150625097,0.002400636190942158,0,1
0.0016944953824769645,0.004177687133363001,0,1
0.0022722450631258253,0.003243025864064723,0,1
0.0026225642542744647,0.0026727913809605486,0,1
0.002004603577693657,0.0040343929873098905,0,1
0.0012657672465528746,0.001752326050245658,0,1
0.0021921907076664832,0.002044322653681797,0,1
0.0016433486333182921,0.0018999814681054101,0,1
0.0011291002465148336,0.001979913681383101,0,1
0.0035021769237787424,0.0035445407516235825,0,1
0.004863824127668666,0.0037728385243171363,0,1
0.00420997063471567,0.0045868384032904455,0,1
0.003152848624604575,0.004675244726043448,0,1
0.002981505305933901,0.002944520655890903,0,1
0.00435627201477365,0.003079455490003491,0,1
0.003050058987784231,1.9639189092121546E-4,0,1
0.0021775952647102217,0.0011802802909982918,0,1
9.409652474953985E-4,0.0027723206150548647,0,1
-2.5727224345189673E-4,0.0019722379647085972,0,1
0.001840573189540392,0.002302836801806322,0,1
0.0018105248659221543,0.0024301884470925112,0,1
0.004617930005745454,0.002983953294775106,0,1
0.003428590762880021,0.002965763155886608,0,1
0.0034626598376404994,0.004174599490358486,0,1
0.00437258943065445,0.00359303492666234,0,1
0.002311622429668858,0.0021195624872415325,0,1
0.0022662318671749426,0.001479653512666424,0,1
0.0024119787779998013,0.0031177245620793662,0,1
0.0019974407801428085,0.0024653966717772657,0,1
-0.0010950147829779484,3.924713687501346E-4,0,1
0.0012327217771192951,0.0035923304256868,0,1
6.779933119326733E-4,0.0017276911535267841,0,1
7.802004542988856E-4,0.0032904422451192684,0,1
0.0016010293759434115,0.002695650941477636,0,1
0.0029732737476527967,-1.400894894518118E-4,0,1
0.0028403102863713506,0.0026290797232482177,0,1
0.0031974263948467765,0.0031284249662115633,0,1
0.0019726443715249982,0.0027823169968883388,0,1
0.003024559172165293,0.003451786002835556,0,1
0.001553096116506669,0.004817653023729808,0,1
0.0019046823227334797,0.0027316653680595376,0,1
0.0013483118060419865,0.0033361867251207105,0,1
0.0017589573842495777,0.0024812716444815894,0,1
5.18497493659786E-4,0.0024745990097051174,0,1
0.0025596789929405186,0.0020072123484326503,0,1
0.0025917121111315193,0.003681025923275955,0,1
0.00297545838504886,0.0037845990805156515,0,1
0.0019423646297023415,0.003571162309664231,0,1
0.0031571796807492937,0.003207781028061162,0,1
0.0012219689095515555,0.002369000970612923,0,1
0.002095016089121906,0.0025870274312705635,0,1
0.0018192500986181268,0.0028323671226598134,0,1
0.0020318953606441557,0.0013991271244562008,0,1
2.082287263184728E-4,0.0032311112498210467,0,1
0.002029165748479441,0.0018601820846850972,0,1
0.0022719871902052925,0.002674688959812857,0,1
0.003216909145869017,0.004608947471211661,0,1
0.0033700443400485397,0.0011503529315638964,0,1
0.002396431531433553,0.004353217939611708,0,1
0.0017577275616355386,0.003517851494285266,0,1
0.0035150655279011225,0.0013948692784246576,0,1
0.0022967557756224306,0.0019857511692696144,0,1
0.001869598919801271,0.00292624504565092,0,1
0.0018244958034941896,0.003837783832069852,0,1
6.345453027495805E-4,0.00284020089564269,0,1
0.004137122680127234,0.0015955938627255039,0,1
0.00295093140623231,0.0042823406490596,0,1
0.002361163696775926,0.004897245019240062,0,1
0.0018408453364167938,0.0053755349271258435,0,1
0.003503472041077947,0.0034211652287434047,0,1
0.0019660040948275078,0.0029144676731518377,0,1
0.0011474475507390325,0.0018315766447207593,0,1
0.0026930938410456777,0.003648136104783829,0,1
0.0016389742555272307,0.00259752716185364,0,1
0.0017916391872909202,0.002783462200968593,0,1
0.00156544528956991,0.0030209136525453733,0,1
0.0023213375963104296,5.219272722725281E-4,0,1
0.005492751632187689,0.004403262760743875,0,1
0.0025467138579788246,0.0048261870418416395,0,1
0.0025716883550353183,0.004287208168628244,0,1
0.0016272337956032585,0.002698189154227067,0,1
0.0020531128202433383,0.004219493932779687,0,1
0.0023982226680381055,0.0016061045649613922,0,1
2.369442626462432E-4,0.003723858829625729,0,1
0.002426870227200656,0.0027947751509400137,0,1
-0.002446523345130375,0.002748150260008351,0,1
0.002320276969029611,0.002565855792059569,0,1
0.003244025149493637,0.003023383779287562,0,1
0.002922970510123132,0.0017046192078868504,0,1
0.0019296606488311322,0.004622428349362463,0,1
0.0024277405524818323,0.0034959535968921082,0,1
0.0018577006363082154,0.003056494650807594,0,1
0.003067453779256792,0.0032676595620322597,0,1
-4.701444834378481E-4,0.006117924147075667,0,1
0.0013352587093472387,0.0030284906897393164,0,1
0.0029492625484953657,0.0030845069603383417,0,1
0.002484513724144984,0.003903108045037478,0,1
0.0017061470488767023,0.0044180988024981604,0,1
0.003039363655144133,0.003788708135691963,0,1
0.0020828287613893766,0.0036075619652893706,0,1
0.0021486209355847186,0.004074791260804328,0,1
3.0245721929092552E-5,0.0031112216821260565,0,1
3.6895340116331024E-4,0.002549111711982185,0,1
0.0012468123616232434,0.002828952702812677,0,1
0.002431485152553198,0.003824713204564194,0,1
0.002364821719623621,0.003948497221418638,0,1
-0.0013321904846662531,0.0032450080231014376,0,1
0.002200638398060498,0.005685025162363252,0,1
-0.0016673628529130069,0.0027269754223362697,0,1
0.0017173630507374834,0.0036521373322261617,0,1
0.0012924825873379157,0.003468625333512081,0,1
8.606121698061834E-4,0.006129172122973589,0,1
0.0035351123877473056,0.00524169335819778,0,1
3.627154591239071E-4,0.004767789256421115,0,1
7.848255912023658E-4,0.003060935469158628,0,1
0.002785549438898085,0.0016624682491197047,0,1
0.0027419710758333064,0.0035095052695184275,0,1
8.367482482335209E-4,0.004192747366071926,0,1
0.0010379737932128714,0.003011808104928216,0,1
0.0023481856485103496,0.004109652138317617,0,1
0.0019373881379693974,0.0045520336805453905,0,1
0.002053275078638114,0.0038055974700134812,0,1
0.003072073295202195,0.00369931172376331,0,1
0.00151392015843913,0.004021411225018789,0,1
0.0014673594197947282,0.003406254462272241,0,1
0.0018716970185731954,0.003347560918484039,0,1
-5.554372606018007E-4,0.002025118003095883,0,1
0.002007401129655077,0.004321151948592651,0,1
0.004260994736649698,0.006802911478036787,0,1
6.80859507737522E-4,0.004210816504180896,0,1
0.0014150981411432248,0.0024610676791690213,0,1
2.900671873043479E-4,0.0028600252419506297,0,1
8.394371890772618E-4,0.00406504564351874,0,1
8.09406192642022E-4,0.00334676607276594,0,1
0.0011235728184956326,0.004819232274316601,0,1
0.002517252591744905,0.004324725615957322,0,1
4.247036816481969E-4,0.0030951258898279776,0,1
0.001755538245874118,0.002432918855894197,0,1
0.0034626612701388303,0.005627479464945009,0,1
-4.69961554113224E-4,0.003071910249003994,0,1
0.0021710218029867686,0.004131488821746396,0,1
0.0016028708998061351,0.0010071414740967187,0,1
0.003130833646273674,0.0035867952648142173,0,1
9.444418666973957E-5,0.006504772059959995,0,1
9.219710948482427E-4,0.004228291514183686,0,1
0.0012840193432586834,0.0033484220490451397,0,1
0.0020936227890411426,0.003691336617216058,0,1
0.0022389606141837034,0.0037905927853751405,0,1
0.0017086066306361588,0.0032372546014256412,0,1
0.0027835760100067427,0.005471573910735487,0,1
0.002099121470404332,0.004883874322592423,0,1
0.0016686644702475558,0.001612828515856614,0,1
0.0019972057726255583,0.005212327413277163,0,1
0.00198435067191962,0.0030152876103461835,0,1
0.0017026124448268351,0.00386368963377163,0,1
7.290457548033534E-4,0.004055820663514315,0,1
0.0027641523067254343,0.00493411476449363,0,1
2.3514024798081413E-4,0.005242635401853217,0,1
0.0022084692080923236,0.0028276771810228233,0,1
0.0015501021164518545,0.005374004100018205,0,1
0.001135793133591783,0.0038354406387918036,0,1
0.0030395858840412777,0.0036737156845659115,0,1
0.0015781100755276531,0.0043534149968038035,0,1
0.0019248788853582681,0.003185522041293911,0,1
0.0026043374443001977,0.004313627257333717,0,1
0.0013601827712956289,0.003886525598319834,0,1
0.0013347371625045449,0.00470019944888739,0,1
0.0010612604964583302,0.004501957804107659,0,1
9.160320574069365E-4,0.003498677026136818,0,1
0.0011384718575639648,0.004164135693411467,0,1
-1.4965674626050182E-4,0.006717513349555734,0,1
0.0024607947298387915,0.004551698569574374,0,1
0.001239952176701452,0.004234837370297497,0,1
4.022810893596333E-4,0.0038129783891534814,0,1
7.45559191945929E-4,0.005727866085962284,0,1
0.001593539668609492,0.004239852501696684,0,1
0.0021336168148715024,0.003928946361786394,0,1
0.0031677186547730174,0.003863366351583932,0,1
0.0014496992267257491,0.0046192427639939315,0,1
1.7796895702825767E-4,0.0034189487237799685,0,1
9.321446335117306E-4,0.004851862258071794,0,1
9.597750858163748E-4,0.005246637503079308,0,1
0.0016687152956434777,0.003772892922516787,0,1
-5.180407716463624E-5,0.002598332361644513,0,1
9.386682694565457E-4,0.0033058693824814674,0,1
0.002992021805408516,0.004180767079263306,0,1
0.0042292391187671455,0.0037353095326488474,0,1
0.0023784269702631883,0.00291602840839177,0,1
0.0027134029499447927,0.0015355472737811938,0,1
0.001749472121156593,0.001502022009870567,0,1
0.0023422650243050953,0.0017289964084903364,0,1
9.866935136060946E-4,0.00639989520816359,0,1
7.059000468245358E-4,0.001621524212607352,0,1
0.0011602214885875369,0.0018866210254447771,0,1
8.749676124591304E-4,5.909853139927615E-4,0,1
0.002756367322319572,-7.681326269160726E-5,0,1
0.0022316758279047537,5.555268543792845E-4,0,1
0.00179569037574527,0.0013095343360161357,0,1
7.917776345564972E-4,0.004770557158518975,0,1
0.0014410815407768644,0.0044503716088353795,0,1
0.0010846877824642904,0.0037229479035636027,0,1
0.003632638755516535,0.004246455817402057,0,1
6.63619868581304E-4,0.0014263176923536387,0,1
0.0024918829790888416,0.0018633063889245498,0,1
0.0012491849962136805,0.003779424492562005,0,1
0.0017987041604577468,0.0034281120868979377,0,1
3.523970274685298E-4,0.0023161626758487434,0,1
0.001043652761933705,0.002713856133255734,0,1
5.756291232675169E-4,0.0034993696818373743,0,1
0.0012824762437151573,0.003614016017315796,0,1
0.0016277291565333217,0.0013821206968827693,0,1
9.117397865353501E-4,0.001527100762087101,0,1
0.001114890804993073,0.0020960561550044405,0,1
4.080674132188389E-4,-6.351743429464201E-4,0,1
-0.002037778340361338,0.0017929085784441849,0,1
5.13748022721087E-4,0.0050734775884936235,0,1
3.200772444531306E-4,0.0055228807659140206,0,1
-0.0012399052081181225,0.0013431604548432,0,1
9.020177657298496E-4,0.0038293043212055643,0,1
4.506554124722932E-4,0.004422802171869882,0,1
0.0021489406229602773,0.004734941331620509,0,1
0.0013417727485733138,0.0042566598890317765,0,1
9.956587392755564E-6,0.0029497751949091686,0,1
8.566625426979469E-4,0.0030175358366529457,0,1
0.0028192463588051124,0.0044141415706591405,0,1
0.0033585642811719443,0.0021709383283392745,0,1
-0.001469730806157137,0.0017913461676616058,0,1
7.973524892689114E-4,0.0016526217191511357,0,1
9.177965314200493E-4,0.0013071439724907,0,1
0.002133206872346981,8.606664942905593E-4,0,1
5.080601818351425E-4,0.001925102254162775,0,1
1.2572920558317628E-4,0.002513193616416008,0,1
9.143099903323096E-4,-2.3425239563579093E-4,0,1
0.0015174861589150415,0.0038488725528814335,0,1
-1.822214338228883E-4,0.0035001293239852417,0,1
0.001863038187699024,0.0049120748222991565,0,1
0.001035397121621081,0.004103729417931762,0,1
5.027423877264142E-4,0.006773481064025329,0,1
0.001555289448441997,0.0040154162281011326,0,1
5.896183095177502E-4,0.004905941880349018,0,1
-7.935775049900278E-4,0.003134504449864045,0,1
7.113158291523632E-4,0.003560715547597044,0,1
0.0011811953150361494,0.0032527379465359567,0,1
-1.5853591989928542E-4,0.0023125301281350444,0,1
-0.0017833443668147791,0.0018467475121903226,0,1
-8.637234965200708E-4,6.953510124233904E-4,0,1
0.001477802675251082,0.0032897459035423214,0,1
0.001307166478084602,-4.6149778356139264E-4,0,1
0.0010052220011286244,0.0013580226014894435,0,1
0.001614034563743746,0.0018136799460467907,0,1
0.001389053071974221,0.0038282449708277916,0,1
0.0013925410529244831,0.0032226286171658505,0,1
8.375666592150433E-4,0.0036327235888043126,0,1
-4.900800323544501E-4,0.0048340320589840575,0,1
0.0010722517971119639,0.0016752209253161746,0,1
3.629842931647009E-4,0.003264654001227745,0,1
0.0019723384385461258,0.005014310967298631,0,1
6.839991291031545E-4,0.0027534173377276707,0,1
0.002185610434747062,0.0036467978637013516,0,1
0.001120347892801743,0.0030684019304717666,0,1
8.330330878639927E-4,0.00224639687143099,0,1
9.465875996322603E-4,0.0021795664352321368,0,1
-5.006653752289422E-4,0.001490454397807276,0,1
0.0011970922544136788,0.0016480236952449126,0,1
7.51570535764278E-4,0.0016748929899881066,0,1
0.0017472874972613778,0.001907318604529368,0,1
5.709938929200327E-4,0.004262587776528304,0,1
5.355489438065675E-4,0.004086982977750347,0,1
6.106282462199449E-5,0.0023187621761906222,0,1
4.907492748850193E-4,0.0037244593544719174,0,1
0.0010133453006194498,0.0036038008017147648,0,1
0.0011204590811281663,0.003633077918572537,0,1
7.620560046659719E-4,0.0030525505904761556,0,1
0.001473066906845865,0.0030656285954883153,0,1
4.1675975771471497E-4,0.0030079056549318487,0,1
8.749589581224133E-4,0.002616775200115069,0,1
0.0011653212077255455,0.0028948405654822917,0,1
0.0010212325795231525,0.0017674881891277083,0,1
0.0017816608708943963,0.0021337804146340732,0,1
0.001205833356060696,0.0024374236399982347,0,1
9.829384328184333E-4,0.0015389261585838157,0,1
6.87440103792241E-4,0.0011425862334249154,0,1
-6.843971398412647E-4,0.003991669237017643,0,1
8.378111030780703E-4,0.003067884347384022,0,1
0.0013759464433371641,0.003988176131981821,0,1
0.0012102149650034455,0.0043777847394578535,0,1
9.393033153833589E-4,0.0028441191760598433,0,1
5.818373322234629E-4,0.004001567818817127,0,1
6.461179098922916E-4,0.003138111346714165,0,1
7.066780603075763E-4,0.0025514732786381332,0,1
3.430071406717917E-4,0.005148029751618758,0,1
0.00283412616713717,0.0015087028183561203,0,1
0.001051017894840198,0.0029650430009216023,0,1
9.044654510761265E-4,0.002435950689962281,0,1
0.001258718988605941,0.001975638941581884,0,1
1.71680837617537E-4,0.0017106772667008143,0,1
5.191003595896652E-4,0.004393846869758125,0,1
-7.26783256556301E-5,0.004154635859997458,0,1
2.890474855261918E-4,0.004149321917783809,0,1
0.0014379762032045394,0.004877636336897706,0,1
5.154269455204953E-4,0.0037176891247960937,0,1
-6.658265733798734E-4,0.0036360106181239256,0,1
9.554572475911547E-5,0.0022033928336821665,0,1
0.001630604627621646,0.004180923019009322,0,1
2.4072493614948128E-4,0.004475504725679926,0,1
5.30759968705976E-4,0.002734743219020423,0,1
-5.392785300527077E-4,0.002022202441599599,0,1
-0.0010096960692847524,0.004991417449106459,0,1
0.001076167800617784,-2.030533907603574E-4,0,1
0.0010202219541078587,0.0020612070692564944,0,1
0.0016991922662865499,6.045711381052885E-4,0,1
-3.6061196821590886E-4,8.873581945634474E-4,0,1
0.0010874973997819484,0.003179795541695233,0,1
-2.7382220246414875E-4,0.0038931971899204814,0,1
0.0012272732229526484,0.005209451556787988,0,1
0.0010835694456180903,0.0034894583492052593,0,1
0.0013268827388493627,0.003953277862540064,0,1
-6.567973338193906E-4,0.0034605661119241093,0,1
0.001799343900250463,0.0031184265555209557,0,1
0.0011932874238945335,0.004150869289039041,0,1
-3.123589712784105E-5,0.001974558201454731,0,1
2.6389277814597084E-4,0.001680158635902072,0,1
-1.5692525606804996E-4,0.0015214466438329105,0,1
7.930728379314857E-4,-3.992065043337062E-4,0,1
4.519833797548371E-4,1.1052207389077941E-4,0,1
9.931588994509597E-6,0.003406826027964688,0,1
3.589870992995015E-4,0.00413172846038867,0,1
-7.489736537863436E-4,0.00273680210357519,0,1
9.77859802495255E-4,0.003625939498280289,0,1
2.3737770929693096E-4,0.0035175404866362547,0,1
-5.986607160910135E-4,0.003982790309236152,0,1
1.6601981938693653E-4,0.0033033481934423682,0,1
4.255996360432967E-4,0.003735158752093591,0,1
-2.594464671810294E-4,0.0033418668537939255,0,1
0.0014692850975149547,0.002923721007491028,0,1
0.0018910837531033054,0.0010736314464496234,0,1
3.751180430603188E-4,0.0014005211037067485,0,1
0.001782270624114931,0.003825691979826452,0,1
4.5309256350048314E-4,0.0034970817426025055,0,1
3.704972201928567E-4,0.001664491172745166,0,1
9.756328019044344E-4,0.004272559126796665,0,1
-2.249586389282243E-4,0.0032659670118883643,0,1
-2.1181921917551823E-4,0.003590999685917383,0,1
-3.5559452820703045E-4,0.0035902085996037066,0,1
2.8915137960526283E-4,0.0030403685541377755,0,1
-0.0019945604089807705,0.002295890119429475,0,1
2.5729320121520435E-4,0.0030671331391871914,0,1
-2.514441297557417E-4,0.004885250342254499,0,1
8.554816701025482E-4,7.117909320898458E-4,0,1
-7.861141970151356E-4,0.004811249005341945,0,1
2.539349101120218E-4,0.0018748345029345644,0,1
5.815884061562425E-4,0.0019003060590490242,0,1
2.2929579165592679E-4,0.00228144228376078,0,1
-2.210911498253276E-4,0.0026224236943201674,0,1
-0.00102665957232575,0.006155194155057135,0,1
3.590959840740929E-5,0.003451356975325299,0,1
-2.977258718078542E-4,0.0042323894775579615,0,1
0.0017798156507586496,8.193111383264712E-4,0,1
1.0366537256086766E-4,0.002622180413266559,0,1
-0.001158116458430627,0.0028187365733820025,0,1
4.879311185635702E-4,0.002802459684381299,0,1
0.0011247597953657948,0.0033061954918777955,0,1
0.0024267452428836573,0.002691007420230092,0,1
1.380306899757619E-5,0.001445285831918963,0,1
-0.00108285393958083,0.0015405991633551147,0,1
-7.991278265544666E-7,0.001885895780784267,0,1
-8.990565773788262E-4,0.004451843358491167,0,1
-4.310262922112756E-4,0.0038969022348203206,0,1
-5.442524059793098E-4,0.004564412086049421,0,1
-2.5352277083046516E-4,0.003993723736608552,0,1
-4.1479185584839044E-4,0.0031715004632032725,0,1
7.969627052727538E-4,0.003182117529116734,0,1
0.00138662838130342,0.0028634135217536685,0,1
3.264434694391764E-5,0.0025542101879893046,0,1
-2.5379652305052133E-4,0.0024434693348557176,0,1
-4.04313654246467E-4,0.0018500453555609035,0,1
-0.0010928001442391472,0.0029370798797078946,0,1
0.0019166039931715485,4.8706235744013475E-4,0,1
-1.6723579918986187E-4,0.002170073422074069,0,1
-1.7500893986361547E-4,0.004081414926780725,0,1
-4.0694216402308275E-4,0.00376729959337052,0,1
-0.0010521497299095406,0.00461297717285892,0,1
-3.1529191190846843E-4,0.002674164801163584,0,1
3.238633670514114E-4,0.0034091628327466922,0,1
2.8031890873463853E-4,0.003332902994796767,0,1
-2.427215462979098E-4,0.003414115098384672,0,1
-0.0016635066187955009,0.002529112799966541,0,1
-1.243017021507495E-4,0.003723460396443353,0,1
1.3524133844898986E-4,0.0021993327299030196,0,1
-0.0022056091957615345,0.0021236366960566463,0,1
-5.710778569481434E-4,0.004236875782556149,0,1
5.9070871004853754E-5,0.0043656785069100595,0,1
-0.0013742559180905094,0.0027634723096149113,0,1
-9.697578546280028E-4,0.004383701185066123,0,1
0.00138893076928976,0.0030271227969462253,0,1
7.665312594199361E-4,0.00212867881715317,0,1
-0.0011992051149473022,0.004058499236759939,0,1
-2.0328712108592427E-4,0.0026929247248002317,0,1
-9.636896109623028E-5,0.002402679362109285,0,1
-3.9798391027681766E-5,0.0040259951716708035,0,1
-2.664804062429403E-4,0.0018059601139930196,0,1
0.001281252965616167,0.0045321586821985465,0,1
-5.629861386615976E-4,0.003856246928187901,0,1
-2.0131915076484575E-5,0.0038714516153388876,0,1
-2.5452475557185384E-4,0.0035820047729125176,0,1
-0.0010414751285734228,0.002069443992889543,0,1
-2.559611892976579E-4,0.003465575698840764,0,1
-2.1968460521517734E-4,0.002943930520571626,0,1
0.0026608056497821725,0.0026934353534218127,0,1
-9.457706941091354E-4,0.0038635540219927457,0,1
-5.600789340766068E-4,0.0011980389339619122,0,1
-0.002037111952147784,0.003282940637466041,0,1
-3.1249612401162226E-4,0.0026293226435842197,0,1
5.155656049493755E-5,0.004524256145168687,0,1
0.0012246743640848164,0.005840432468301228,0,1
-1.3797093414283184E-4,0.004815203948425167,0,1
0.0018749232343447282,6.18667509048617E-4,0,1
-3.690443945529083E-4,0.0031923294738067294,0,1
-4.742750824566579E-4,0.005030969988367278,0,1
-4.809142456529617E-6,0.002976828583867882,0,1
-0.0010313351717982733,8.705299464299766E-4,0,1
-0.0032244607251949308,0.0024106077130909374,0,1
2.828158919429957E-4,0.0028749686755721584,0,1
8.18934823077748E-4,0.001189109041563449,0,1
-0.0023201270150552695,0.005424924507152926,0,1
-0.0018687631331420378,0.002647542332455986,0,1
-4.974132267314876E-4,0.0033042109437225902,0,1
-9.798709603562761E-4,0.004731041070012788,0,1
-0.0028214399472769576,0.0024015359255112043,0,1
6.176857845801707E-4,0.004710148301542051,0,1
2.4235133513389676E-5,0.002120695675686793,0,1
-2.6746295888369596E-4,0.002335138285586842,0,1
-0.0010885840634952447,0.0018687832105488019,0,1
-5.146855096473603E-4,0.0041032717661982935,0,1
-7.693471380300004E-4,0.002790259852656331,0,1
-8.075691213461023E-4,0.0039005379719725536,0,1
-2.2796067912270182E-4,0.0034153944037028667,0,1
-0.0011701728672985187,0.0033437227451975295,0,1
-5.300111375037977E-4,0.004451075893514743,0,1
-0.0010117893670161348,0.0027345287874179255,0,1
-9.133197022302841E-4,0.0028195028602757853,0,1
3.2011681082532605E-4,0.0017197969325321708,0,1
4.5952869639969996E-4,0.0017847917574087472,0,1
-0.0018739004370102196,0.004014594350100447,0,1
-0.0018410387046521562,0.003547771426014432,0,1
-0.0010080632120944002,0.0035531134310856118,0,1
-0.0013533902215630534,0.0029833118837571,0,1
-7.489941016168781E-4,0.003007892164733344,0,1
-4.973875331622022E-4,0.0029391228225923824,0,1
-2.236738826525389E-4,0.003436536448256276,0,1
-1.8472205431532436E-4,0.0037590948327309815,0,1
0.0015985744785793322,0.004846450644213499,0,1
-0.001967111256762228,0.004413435435581016,0,1
-4.2626758194475836E-4,0.003557009590412618,0,1
-8.347339744266206E-4,0.0034174515531147196,0,1
-5.184564794924074E-4,0.002646245029571721,0,1
-0.00186232376884787,0.0025026606648485203,0,1
9.430174704957595E-4,3.0034473397401484E-4,0,1
-9.226429479664656E-4,0.002814896602510838,0,1
-4.5313881462524E-4,0.002625004011015297,0,1
-0.0028465803635231044,0.003309535899769648,0,1
-0.0010809317069436824,0.0036824422818203563,0,1
-8.932196324497576E-4,0.0020088515942149865,0,1
-5.719010505902808E-4,0.003965523564105471,0,1
-1.1972744270014233E-4,0.0035331067064838127,0,1
7.960354134325461E-4,0.001471332062859945,0,1
-0.002231837722186335,0.001706516489977648,0,1
-0.00171339004074336,0.002820158869320842,0,1
-0.0012678731070618645,0.003877908699446012,0,1
-6.132228271289397E-4,0.0029862128550943294,0,1
-0.0018065533320635668,0.002967215531139455,0,1
-0.002570320561621094,0.004004130339516191,0,1
-6.951324740727821E-4,0.0034121727769290573,0,1
-9.138558046572329E-4,0.0029723733112366727,0,1
-0.00134635938958353,0.003114151521246764,0,1
-0.0021387465782578023,0.0032134924146855924,0,1
-0.001603904937426608,0.003628736011726397,0,1
-0.0015984177397624175,0.004109667324566073,0,1
-0.0014349054786129203,0.005710587933034406,0,1
-0.0013483009786879033,0.0032964049546061695,0,1
-0.0016279524303734764,0.0022267070626114127,0,1
-5.685491303328736E-4,0.003836562973467365,0,1
-9.013786855418576E-4,0.0037667947777439057,0,1
-0.0013259607821390351,0.004116808287331632,0,1
-2.467849772004771E-4,0.0035151751038665574,0,1
-0.0022531947128222713,0.0019508614241060234,0,1
-0.001589267137566819,0.003381405234069848,0,1
-0.0012492808478375985,0.003126712984599265,0,1
6.814795195785404E-4,0.0016599617952640054,0,1
-0.0012579922226408564,0.0045803988952186495,0,1
-0.0013617001428996005,0.003435578047966895,0,1
-2.7403641629709496E-5,0.002641277119333002,0,1
-0.001119137183553151,0.0022265498541063754,0,1
-0.0014834079057407564,0.0033143565336520484,0,1
-0.0013800663394155732,0.0026751546084365155,0,1
-0.0012414189301049215,0.003243293214593597,0,1
-4.8180702455368293E-4,0.0032661769120494984,0,1
-0.0019604444578936696,0.0038511136020819778,0,1
-0.002198620423488507,0.0016956169439054194,0,1
-0.0013744141911878531,0.002352480038163275,0,1
-0.0012780435485060207,0.0030742013049488474,0,1
-0.0016580476436575356,0.0033266914266195705,0,1
-0.001074175411812683,0.003936088975522034,0,1
-0.0013331812460498653,0.0030909256644635866,0,1
-0.0012335174410076553,0.0019698102314741894,0,1
-0.003495995107277024,0.005902040261943932,0,1
-0.0019159551861143989,0.003598517956606838,0,1
-0.0016824518756552778,0.003284796520089166,0,1
-0.0016706063048455154,0.0038296934835923614,0,1
-0.0021742651092181093,0.0031781422606473007,0,1
-0.0014866951484527413,0.0036844387636138973,0,1
-0.002956762193628685,0.0036537369936877066,0,1
-0.001900620972241226,0.0034941355133613285,0,1
-9.036706940019693E-4,0.0017399818129743094,0,1
-0.0024276694574979375,0.0026410265259051986,0,1
-0.002031990561191577,0.002831458489748207,0,1
-6.393867163111363E-4,0.0030164832964694704,0,1
-0.0015338137625858397,0.003426220717960855,0,1
-0.001302524067963296,0.0018509671294009993,0,1
-0.0012024408834237772,0.0033361471111715245,0,1
-0.002848748341733828,0.0029773813580267175,0,1
-0.002641216234108963,-6.383181145836277E-4,0,1
-0.0028688232400804546,0.004196291851100961,0,1
-0.001265917084711749,0.0035329661452449955,0,1
-0.0016284250104616808,0.0036988985069826624,0,1
-9.125099120557094E-4,0.003202570358917976,0,1
-9.407047563311314E-4,0.0024161851066068704,0,1
-0.0014251021562513336,0.0030388522965061433,0,1
-0.004249618305259393,0.002246079466855159,0,1
-0.0016731561027068886,0.0034540384817117148,0,1
0.002664510319374139,0.0011138409738596677,0,1
0.0015483271732087088,9.657662270603209E-4,0,1
-0.0010009068919823924,0.003057048169987728,0,1
-1.3470878403090931E-5,0.001355327738564237,0,1
-4.049853356974255E-4,0.0019036206633621514,0,1
-4.954221189477601E-4,-7.753035420190374E-4,0,1
0.0011136856819818413,-0.0011644671469964727,0,1
-3.8492177460410296E-4,2.3384278751055896E-4,0,1
-8.622078894154378E-4,-9.254853405025837E-4,0,1
0.0013187854135386947,2.72895850750996E-4,0,1
-1.5904989597463677E-4,1.6077007393289412E-4,0,1
-0.0013724429252223776,-6.848496857050737E-5,0,1
-7.89297342238119E-4,-2.218948502523807E-4,0,1
2.703722090429699E-4,0.0016471354243426883,0,1
-4.5352690243859206E-4,-0.001110080092294118,0,1
-4.878285939145763E-4,-0.0011273657028610063,0,1
-0.0013679613713405868,-0.002117486338248468,0,1
7.841198398023554E-4,-0.0018793746527288107,0,1
-0.0015436457671956943,-0.0010595773532973438,0,1
-0.0010456660632011986,-0.0023180307621831165,0,1
0.0019043320363153105,-4.331898746648265E-4,0,1
8.426357190081261E-4,6.546769113680779E-4,0,1
0.0014592768014167377,-8.31238780726331E-4,0,1
7.504371910085929E-4,-5.585512294267581E-5,0,1
3.2939285537259466E-4,5.451386573507546E-4,0,1
0.0015897943363682634,0.0014469031802316894,0,1
4.5961667100743054E-4,8.44748422492608E-4,0,1
0.001188113496392616,9.674590785689657E-4,0,1
3.3890358536536366E-5,-1.4520130198969645E-4,0,1
9.39816242671547E-4,-0.0012935371166637147,0,1
3.7126656489903855E-4,0.0016274468342618743,0,1
7.465812070999244E-4,0.0016139217053602543,0,1
-6.916308231183811E-4,-8.647898777586178E-4,0,1
-5.000400470347439E-4,1.5083515695136186E-4,0,1
0.0017167059429169832,-2.7272413680366514E-4,0,1
-8.192939223775494E-4,-0.0015435259289798453,0,1
-6.52096657529016E-4,-5.642047532624124E-4,0,1
-6.495759577198004E-4,-0.002201587789873592,0,1
0.0012929430720692134,0.0011187190020113882,0,1
6.385863668066393E-4,0.0019682490024766014,0,1
0.0013544417137352873,-5.587364212029815E-4,0,1
-1.3826353388289686E-4,-1.8591422254763258E-4,0,1
0.0038929520080585407,3.0218170131629345E-4,0,1
9.098539733230613E-4,1.1168217843864376E-4,0,1
2.115393275645253E-4,9.904097317054036E-4,0,1
2.6780996994101125E-5,3.680899721549585E-5,0,1
0.0010941257739265783,2.005699898421051E-4,0,1
8.634334301211775E-4,5.753807758074171E-4,0,1
-1.3269230354908657E-4,-1.3778514729123094E-4,0,1
4.0034316657311164E-4,-6.713715671582312E-4,0,1
-0.0012842778788106119,4.550227416756982E-4,0,1
-9.523271762158162E-4,-0.0011779778146682228,0,1
-8.983645516393967E-4,-6.310349580471432E-4,0,1
-0.001073838033231565,-6.265535841009481E-4,0,1
-7.22548283320751E-4,-7.488147792810578E-4,0,1
-2.824528802775327E-4,-1.746729153040728E-4,0,1
-8.805976717119253E-4,-8.674741068957204E-4,0,1
5.820583474781786E-4,-3.6994429384965417E-4,0,1
9.280796198360642E-4,7.205854870815882E-4,0,1
8.674766546100033E-4,6.01733789872061E-4,0,1
0.0013539193354394382,0.002886276367940018,0,1
8.821901290466952E-4,1.479423954965563E-4,0,1
3.6340335333067596E-4,5.184633609131532E-4,0,1
-2.809946851173975E-4,-2.960659184162162E-4,0,1
-0.002564266005016422,-0.001884952281086974,0,1
-0.0011181075249659528,6.574732774316214E-4,0,1
-8.691884512632363E-4,9.027552356123217E-4,0,1
-0.0032271175155384746,-7.970663862724617E-4,0,1
1.94777945093866E-4,9.940750772552533E-4,0,1
-0.0011977730789503684,-6.440403818640612E-4,0,1
1.4698171956227407E-4,4.98208079347457E-4,0,1
-0.0018935630272714635,-5.441174248546001E-5,0,1
9.161069699248795E-5,-9.696533203316566E-4,0,1
-0.0016727822700680099,-0.0016958635117046777,0,1
0.0016629484719640228,1.3575926751800463E-4,0,1
0.0013833653771164285,4.889903993365233E-4,0,1
7.468024439024009E-4,-5.07181935818424E-4,0,1
8.333388563347816E-4,0.0017972966929006736,0,1
-4.6484815707469393E-4,2.7637171154659457E-4,0,1
6.125605457067048E-4,9.278474693323795E-4,0,1
-0.0017154870498706622,7.549694894017778E-4,0,1
-0.0010338459110544444,-2.8962304513769716E-4,0,1
-1.3841060872513638E-4,-1.3469243423152856E-4,0,1
-2.2181352622458925E-4,-8.492873620528961E-4,0,1
-1.777048123530278E-4,3.2882749905321045E-4,0,1
-4.6135812020077537E-4,-2.8467201420122643E-4,0,1
9.770244479153326E-4,-0.002102903660230286,0,1
-0.0015478881621693683,-4.6140517347895377E-4,0,1
-0.0012941020854855096,-3.704383395167466E-4,0,1
-7.967161194940151E-4,-0.0019398349257625405,0,1
-0.0016634747108678792,-5.540401543266414E-4,0,1
-0.0018406328387659382,-0.001192119079878497,0,1
6.231336454422828E-4,3.081318674634573E-4,0,1
-5.841801776770394E-4,0.0010987772582842046,0,1
0.001200193817694005,-3.787491017134695E-4,0,1
-9.007089375642001E-4,-5.387984509247546E-4,0,1
4.7669970832929456E-5,5.046497584045548E-4,0,1
0.0015653708171663343,0.0023724770685344173,0,1
-4.5671168161577863E-4,3.317351044518058E-4,0,1
-9.511342551577296E-5,3.5905081374134224E-4,0,1
-5.215927559450115E-4,5.924959197874391E-5,0,1
-1.0819645519660212E-4,0.0010928308616909473,0,1
-0.0018048696232478257,-0.003069070522460085,0,1
6.12477276043151E-5,-6.325637769282524E-4,0,1
-0.001014163926017261,-3.958595160112201E-4,0,1
-5.286341453315494E-4,-0.001201892237007689,0,1
-0.0012638440936164168,0.0010293869209520318,0,1
-0.0017131068602727019,-0.0025718253544647672,0,1
0.001895661255454562,9.102846601665422E-5,0,1
-7.873464672280727E-4,-0.0011234379466124893,0,1
2.792107312071309E-4,-0.003010974831087166,0,1
-0.0016350419943387544,-4.416354058205714E-4,0,1
-9.116356067723108E-4,0.0011710105265380893,0,1
2.40603640901463E-4,0.002491771274749832,0,1
-3.5566894590949587E-4,7.715056404136366E-4,0,1
-0.0017741227610590057,-0.0022370318070284124,0,1
-0.001545038923443227,1.1446509380281543E-4,0,1
-0.0012621786019233136,-2.2536413783238887E-4,0,1
-0.0015452052551621837,-0.0013840436673540073,0,1
8.023137714392286E-4,0.0023756325078655494,0,1
5.183313967505747E-4,-7.096423134677494E-4,0,1
1.0894219607542228E-4,6.976034376768828E-4,0,1
-0.0013158988485629842,-1.0037052317787836E-4,0,1
5.90067618287402E-4,0.001357292622983107,0,1
-0.0029969077003851956,-0.0014814660795646256,0,1
2.764403420226318E-4,0.0011456252251780205,0,1
0.002052454935674944,0.0013959713736875112,0,1
0.001610301431569852,6.214603709447857E-4,0,1
-6.876702174346954E-4,0.001217196620009162,0,1
7.061886405819063E-4,9.933902930640227E-5,0,1
-4.489110576065716E-4,4.4604835185322103E-4,0,1
6.524626742838087E-4,-8.374979917194174E-4,0,1
-0.0016652280909247481,-4.07445237088552E-4,0,1
-0.0018224508543597834,-1.1484841078115884E-4,0,1
-9.044973055889267E-4,8.834246231355431E-4,0,1
-0.0011141371456030785,-7.412357080627862E-4,0,1
-0.0035511429615118334,-0.0016748677792811195,0,1
2.3563939294957648E-5,0.001155711393341341,0,1
-5.997808779241019E-4,-8.632694605256177E-4,0,1
-4.480326414023498E-4,2.8831155678222685E-4,0,1
5.733902680911904E-4,0.0016150518256977627,0,1
-0.0019311021512736029,4.195846710916492E-4,0,1
0.0010289460829726856,7.367267861296665E-4,0,1
-2.4320971399264266E-4,4.787497569062594E-4,0,1
2.8378583194708354E-4,0.0014971803573680185,0,1
-0.0018663050183410918,8.623455014216563E-4,0,1
-2.9726910688403105E-4,8.489625741503117E-4,0,1
-8.168317003733082E-4,8.243417175847961E-4,0,1
2.0042896690563428E-4,9.965690350861422E-4,0,1
-7.480128729584281E-4,0.0010020583825984261,0,1
5.878859304121949E-4,-0.0017723830574477022,0,1
-3.237461584503425E-4,-1.2588722295567607E-4,0,1
-4.483672451813651E-4,-8.446280049261826E-6,0,1
-0.001244100645041566,-0.001258317283895285,0,1
-9.432013312934492E-4,-5.291928280157053E-4,0,1
-8.274641910383863E-4,-0.0018061673897023752,0,1
-1.5491331198293456E-5,0.0012854218650781765,0,1
-1.8676495284173587E-4,-0.0011336276160797659,0,1
6.300409944573753E-4,0.002359634552813466,0,1
-3.249892143283107E-5,1.0574309887806765E-4,0,1
-7.194934374547383E-5,7.491314620863435E-4,0,1
5.827694190781761E-5,4.860590473912112E-4,0,1
-6.08003914310972E-4,-1.055835555650544E-4,0,1
-0.0015678407806937874,-3.8110799776796807E-4,0,1
-0.0013665657996337352,-0.00209541123478084,0,1
-0.0025778387846012657,-1.342187458549814E-4,0,1
-8.466469787649387E-4,7.94431110597802E-4,0,1
6.02858889705124E-4,0.0030345935221119014,0,1
-6.161428566648945E-4,-5.973509299216491E-4,0,1
-0.0011640333595950769,1.1339649840755421E-4,0,1
-4.764740765650535E-4,0.0016424148280167403,0,1
0.002107317156211172,4.124114900194423E-4,0,1
-0.0014216038491305625,9.610082780363687E-4,0,1
0.001184370423484727,0.0011337931578042303,0,1
0.0012327262994908173,0.0023678527671279997,0,1
-4.849433257240242E-4,-1.195528587114317E-4,0,1
-4.926709963164176E-4,0.0014531569378687056,0,1
-0.0011493935328151538,1.9255291713667362E-4,0,1
7.109153909855737E-4,0.0027419564719744025,0,1
-0.001575816637570533,-2.9332369555508594E-5,0,1
-0.0019037325571710918,-0.0012846398209453323,0,1
-0.00123176093265618,5.1439360556039906E-5,0,1
-0.001365339496727868,2.3119908785965414E-4,0,1
-0.003429277092796059,-0.0012610874137049366,0,1
-0.001052555599383665,1.6973188206930915E-4,0,1
-3.266032224415058E-4,0.0012936305374815036,0,1
-5.485896512453882E-4,6.784019040330426E-4,0,1
-6.153239168770838E-4,0.0021674786683853814,0,1
5.6146184023697445E-5,0.001226166000342183,0,1
-1.4890859735484035E-4,0.002042431095224688,0,1
-7.889534474113887E-4,2.2080161052472132E-4,0,1
-2.8893691952965428E-5,-5.15458809306783E-4,0,1
9.772149173387984E-4,2.3064259890191692E-4,0,1
4.589716429839886E-4,6.49579482041143E-4,0,1
-9.773277791553384E-4,2.689669997109175E-4,0,1
-0.0023124661012534345,0.003310959147404884,0,1
-0.0021695144365894356,7.529698022403412E-4,0,1
-0.0016531506869218592,-4.612977950601553E-5,0,1
0.0015295741197699185,0.0021271275025517835,0,1
-7.22084182575379E-4,0.001782653551940523,0,1
-2.035986916463588E-4,0.0011292120639267219,0,1
1.574829106850794E-5,9.682986175392536E-4,0,1
-2.4376212472662398E-4,0.0015477454363111837,0,1
-6.761431461282005E-4,0.0014759032959094937,0,1
-0.0011921314279858776,0.0015054371216575062,0,1
-6.622200981858812E-4,7.756794390791779E-4,0,1
-7.03769189090094E-4,9.739513171871403E-4,0,1
-0.001317719078565837,9.599859888631385E-4,0,1
-0.0012777750420769685,4.1545838530124496E-4,0,1
-4.438499884127971E-4,2.9724162044885413E-5,0,1
-0.0012394527700037177,2.492244844447676E-4,0,1
-0.0018385429008234634,-1.7075581652259154E-4,0,1
-2.7236317951171514E-4,0.0024873030059139865,0,1
0.001130800869179454,0.0013023288150400953,0,1
-2.361907688639047E-5,6.893136921335574E-4,0,1
-2.157459525935507E-4,5.493760661504357E-4,0,1
-3.988495396084285E-5,0.0022069162545844145,0,1
-8.161552319751135E-4,6.169386038100019E-4,0,1
-2.4341888318440056E-5,3.412211978320781E-4,0,1
-0.0011496053384743431,0.001714936312174162,0,1
0.002148497355845712,6.771897583750437E-5,0,1
-0.0013925460853095113,6.514171750414982E-4,0,1
-0.0014899433623043318,3.691655771979852E-4,0,1
-0.0014273229374461764,2.811793086489404E-4,0,1
-0.0011285640374190506,2.1175984384207432E-4,0,1
-1.0345756439143617E-4,0.0017132456427201828,0,1
-5.133871847895489E-4,0.0017007323966290514,0,1
-0.001541554252998517,0.0010548742428183704,0,1
-6.583178555481815E-4,0.0014454965052907247,0,1
-7.227426434465723E-4,0.0010714592844599023,0,1
1.0343662038832184E-4,1.0935128301526868E-4,0,1
-0.003431127022973247,-9.493129023544519E-4,0,1
-0.001079746756321487,9.816057904704642E-4,0,1
-0.0012863514218912663,7.578515887343135E-4,0,1
-0.0017113929910814183,7.887498703519469E-4,0,1
-0.001657055709816744,5.257165175302492E-5,0,1
-0.0016100329483130181,0.0014189458958574006,0,1
3.391374243140559E-5,0.0017898554821529308,0,1
-4.777387410264743E-4,0.0011031373120487338,0,1
-0.003899204951529461,0.0018209431802493562,0,1
-3.712510236414745E-4,0.0011434418585267079,0,1
-0.0012077994235016754,0.0017621645668059339,0,1
8.110488445013293E-4,-3.853172466283915E-4,0,1
4.989725280643127E-4,8.036339470295705E-4,0,1
-8.929169838049844E-4,5.414555931934372E-4,0,1
-0.0023704751959273953,0.0015459583235271704,0,1
-0.001324589929017781,6.821204612927511E-4,0,1
-0.001361861108612121,0.0010832053775653727,0,1
0.0016024127462029064,9.634875043881731E-4,0,1
-0.0013294716586938285,0.0013588893499898523,0,1
-3.326504356318127E-4,0.002155830878500736,0,1
-7.54917514344977E-4,0.002829368123059125,0,1
-7.123083543473091E-4,0.0015740924160044761,0,1
0.001107824374671488,8.089244075606714E-4,0,1
-1.73337360254686E-4,0.00414676468014713,0,1
-4.9331538555260235E-5,0.0038666521930044045,0,1
-0.001968132907406791,0.0018428310228768266,0,1
-0.0011804271281673831,9.097976107849462E-4,0,1
-0.0024032605632936643,-3.621135805701257E-4,0,1
-0.0015404905697417848,2.52497114402194E-4,0,1
2.414394068733289E-4,0.0019325903192955998,0,1
-9.103432668747279E-4,4.745615543360262E-4,0,1
-0.0010533640350894825,0.0011803006059826454,0,1
-0.002220161260652001,0.0025009249822508274,0,1
1.4762513530978716E-4,0.0013896461382609587,0,1
-0.0010895860949622453,0.0037054022612943325,0,1
-4.514126724561503E-4,0.0014462527133630794,0,1
-0.0020426376385526556,0.0027267348092330094,0,1
-5.604775875586105E-4,0.0021164820232172205,0,1
-0.0016829355035812607,0.0010000475109178655,0,1
-0.0018482595494844906,-2.722698903767775E-4,0,1
2.6735019218673025E-4,0.002908300609350308,0,1
2.0140876352015984E-4,-9.317500823897692E-4,0,1
0.0020147245638251245,0.0011046004928194082,0,1
-0.0018085199893219512,0.0016688664717321115,0,1
-0.0020805975248531154,0.0017554124974471941,0,1
-9.726742549651196E-4,9.170885408281093E-4,0,1
-0.002140464137879905,4.917309300710386E-4,0,1
-5.33869824508525E-4,0.0015332555249957152,0,1
-0.0013513007883224387,0.0010998442004550692,0,1
-0.0014645150994365328,8.623295328418381E-4,0,1
-0.0023010678714117335,7.196552727438142E-4,0,1
-0.0015356248370173664,0.002451509387652653,0,1
-2.0175859590510598E-4,7.121399379165364E-4,0,1
-0.0012335879901433353,0.0012109662712630786,0,1
-8.231842033329743E-4,0.002442668790529411,0,1
-0.0010080625290279338,0.0015634082611696632,0,1
-7.975496316808882E-4,0.0016114126886999898,0,1
-0.0015988593412042762,4.5793110827559787E-4,0,1
-0.0023071015108442343,0.0022122589783953902,0,1
-0.002609044821849217,0.0018818332403568192,0,1
-0.00196782431950039,0.0010018068834549804,0,1
-4.1217829348345E-4,0.0020591376458510024,0,1
-8.23698605460907E-4,6.174507239745198E-4,0,1
-0.001416333035922769,0.002154981444886214,0,1
-3.5539871000958616E-4,-6.24921826045514E-4,0,1
-4.630724290885276E-4,0.001533638983514197,0,1
-5.49178839392211E-4,0.0013364366504810068,0,1
9.830735035078644E-4,3.3474413236459204E-4,0,1
-0.0026957614244393483,0.0010157811793557916,0,1
-0.0038813644969481103,0.0019930850237270797,0,1
-4.607564883130031E-4,8.618323775935834E-4,0,1
-0.0015683922963113078,0.0017386134448157872,0,1
-0.0033813430091590812,0.0032363409409830028,0,1
-0.0016380847451217553,0.0020899787841887145,0,1
-1.470422618558864E-4,0.0017871400447270517,0,1
-0.002017126068405386,0.0036857664628471287,0,1
-0.0031762685829596366,-0.0018046152260474027,0,1
-0.0013692161277655335,6.479949590511639E-4,0,1
-0.00284377375972366,5.619924786594931E-4,0,1
-6.653174552122569E-4,0.002233237861001755,0,1
-9.647736338870653E-4,0.001292098018861887,0,1
-0.0010614711962364618,0.0020429020175151092,0,1
-0.0016891393170328697,0.002218524726992613,0,1
-1.2731399407821782E-4,5.974558149605827E-4,0,1
-0.0013512215093856913,0.0022585564959359617,0,1
-0.002763993568648172,7.023192944537261E-4,0,1
-0.0012878302827503416,2.2916117156254466E-4,0,1
-9.721969771952587E-4,3.243335554345356E-4,0,1
-0.0015206474544439375,0.002267413844656457,0,1
-0.001447815497584956,0.0011076900756865219,0,1
-6.732099531846297E-4,0.0032984444867148266,0,1
-2.4541733693861313E-4,0.0012665216806278968,0,1
0.0015028299681489837,0.0018319021113544951,0,1
-0.00127091854475122,0.0011774954103147195,0,1
-7.96694964713393E-4,1.6291153544039714E-4,0,1
-0.0022914679325354717,0.002701379278111636,0,1
-0.0016370286013485415,0.0012753848619177814,0,1
-0.0013988642752407307,0.002667376733151285,0,1
-0.0015650475209645928,0.0019875796883554926,0,1
-0.0023399113611468937,6.505326220114979E-4,0,1
-0.004976774724519519,0.0029490361994160418,0,1
-0.0011574607472199599,0.0012906673129820104,0,1
-0.0019404185078349659,0.0014710953767453742,0,1
-0.0015492978980274276,0.00222839609165256,0,1
-5.640467820949832E-4,0.0013797622007989082,0,1
7.976344987721716E-4,0.004894046489025499,0,1
-0.0019389753646245462,0.0019419217115300448,0,1
-0.0011298898386430658,0.0011382013006102267,0,1
-0.0020821542216591625,0.0023303982212407545,0,1
-0.002260804601160651,0.0032521582334527877,0,1
-8.898800397183326E-4,0.0019552285695293597,0,1
-0.001271624963290537,0.0023147652581983,0,1
-0.001169671347763483,0.0019619802194873956,0,1
-6.635565951286822E-4,0.0030487624625726104,0,1
-1.5624704833799098E-4,0.0012033081302743256,0,1
0.00143161365591547,0.0016455329528556938,0,1
-0.002333174158862934,0.0017168851914687905,0,1
-5.520517760221426E-4,0.0010361710531665688,0,1
-4.334844271587188E-4,0.002978367834170205,0,1
-0.0020441706603183687,6.868413382297248E-4,0,1
-0.0011024977621388234,0.0010986474665531625,0,1
-3.9531365196233324E-4,0.0013175715413033748,0,1
-0.001902869276394463,0.0017637160631328484,0,1
-0.0026139753266709574,-2.0439573523414973E-5,0,1
0.0020237272138012253,9.719184814853727E-4,0,1
-0.0014433015353480046,0.001600568698926978,0,1
-0.002216417109648833,0.0026299837381287107,0,1
-0.0024879726351417983,0.0015692632288744038,0,1
-9.463138161922531E-5,0.002658908326741131,0,1
2.550034388869447E-4,0.0032799558937442407,0,1
-0.002955822732896867,0.0023536711615414155,0,1
-0.003824144605338809,0.0030005409151707247,0,1
-0.0018146583871397229,0.0018426073310077382,0,1
-0.0010637366160816143,0.0018951724169814057,0,1
-0.001999262214710771,0.00253009860393823,0,1
-0.0022918053066914366,0.0022022130195829995,0,1
-0.002961750642505153,0.0013904814557155873,0,1
-0.004203981000866878,6.537317425417129E-4,0,1
-0.0015600700580293166,0.00301662633084854,0,1
-0.001571974736509177,0.005050796246994034,0,1
-0.0018255280266408706,0.0020646372867629908,0,1
-0.0015027442507987191,0.0016385306378371434,0,1
-0.001599680841622926,0.0025966263816499455,0,1
-0.00162010554037499,0.002115546756628263,0,1
-0.0020835432725426323,0.0028949509002005546,0,1
-0.002550474985788782,0.0021470819824178683,0,1
-0.00285834319407274,0.0023282090557723728,0,1
-0.0025236094246485576,0.00237427829457759,0,1
-0.0023499222200980487,0.0024889516479091917,0,1
-5.439229114143627E-4,0.002113798464722708,0,1
-0.002887174758736096,0.003483187682578145,0,1
-0.0025082931476033323,0.0016643620520848897,0,1
-0.002312028199597405,0.0026798098498324193,0,1
-0.001749973116534951,0.00334671603931633,0,1
-0.0018146713939710777,0.0028127179887740402,0,1
-0.0022817765539280698,0.0029051722023798036,0,1
-0.0034758182034855863,0.002656910949962665,0,1
-0.015359835993536493,-0.002221244720793018,0,1
-0.014270241796411577,-0.002577191337818252,0,1
-0.014336714996923986,-0.0014041592428912964,0,1
-0.014270415135818075,-0.0014169835873487449,0,1
-0.014987645626605024,-0.001026411217238747,0,1
-0.013418226721272544,-9.995658005072646E-4,0,1
-0.014174773242016546,-0.0014136676542521713,0,1
-0.012689611413564622,-0.0021093194864123914,0,1
-0.013409821084712068,-0.0014427780824457265,0,1
-0.011317377247622223,-0.003888451958664672,0,1
-0.014462188611403672,-2.0102962159720814E-4,0,1
-0.012959351757976939,-0.0011262727909620988,0,1
-0.012611594699613494,-0.002223518766658902,0,1
-0.012417634112781621,-0.00166984898187352,0,1
-0.01168526392438176,-0.0010382078888554003,0,1
-0.009516214870296762,-0.0023363913953526982,0,1
-0.01640390510665508,-0.0017196742000011008,0,1
-0.01543297361597928,-5.440147721611738E-4,0,1
-0.014483908566121244,-0.002048334302909629,0,1
-0.014989409121159859,-0.0017440812232309337,0,1
-0.014540680475472818,-0.0015848150496290826,0,1
-0.013565072521703811,-0.001864387511549356,0,1
-0.014866766487434865,-0.001175768648007942,0,1
-0.013644387499597066,-0.0016220545537725436,0,1
-0.013403518838324248,-0.0011871674055778578,0,1
-0.012152211990631151,-0.0021398281292997327,0,1
-0.012186164464817595,-0.001481003767260585,0,1
-0.013201610921717719,-6.561614788830551E-4,0,1
-0.011320047071892802,-3.240212533716837E-4,0,1
-0.012371603282182475,-0.00127433885447132,0,1
-0.01671537248611777,-0.0025063804696443368,0,1
-0.013506722911976186,-0.0024127563556899535,0,1
-0.01485023742059536,-0.001817292709590211,0,1
-0.01449096660326425,-0.0028786031313562674,0,1
-0.014035397416487008,-0.0011488028530924226,0,1
-0.014321873065758639,1.6649936693125992E-4,0,1
-0.015290420969854791,-0.0010569463886343222,0,1
-0.013006149233639101,-0.0022921810179813524,0,1
-0.012853024187981748,-0.0015441602889197164,0,1
-0.012986301088643798,-0.0018449018250236556,0,1
-0.014461137665732161,0.0018313375796631586,0,1
-0.013059001218238126,-0.001454671280015645,0,1
-0.011882829234225652,1.9250142134599077E-5,0,1
-0.013210769925065133,-0.0024833883054317346,0,1
-0.013057872497640441,-0.0021839507795077258,0,1
-0.014449519079534769,-0.0015940987663011403,0,1
-0.015462436733057593,-0.0014680504605370966,0,1
-0.016318459887259336,-0.0010788731837348563,0,1
-0.015348806877022326,-0.00163647021112141,0,1
-0.013405073581771901,-0.002449679092966362,0,1
-0.013873382324597571,-0.0016661504651121004,0,1
-0.01213788328085994,-0.002743911695712093,0,1
-0.012815777283811499,-0.0013263390995640295,0,1
-0.010368949232718647,-0.0026703735767738207,0,1
-0.012213284338754566,-0.0014507947841338345,0,1
-0.012500691237124549,-0.004755859994176267,0,1
-0.013213317330481145,-0.0015825411479357674,0,1
-0.011339015666728462,-0.0013814815563338782,0,1
-0.015379743767609848,-0.0024917387192188254,0,1
-0.01803342266642047,-8.107504158718231E-4,0,1
-0.014636289073251117,-0.0010793762343983971,0,1
-0.014162921085136039,-0.0011318690767608134,0,1
-0.013873942845249785,-0.0026642787262183584,0,1
-0.015451206446314538,-0.0017290533787856068,0,1
-0.013535665569647238,-3.2073356992087E-4,0,1
-0.013722690332923098,-0.0021383820315347226,0,1
-0.013304139109952293,-0.0015185303298136561,0,1
-0.013241577113200531,-0.0010040890266046587,0,1
-0.012268572874209214,-0.001729411632734215,0,1
-0.012604605494072454,-0.0016184335374465112,0,1
-0.012722489294684254,-0.002280137174773797,0,1
-0.01561371073524648,-0.002964253496904596,0,1
-0.014813392846446049,-0.002576645571729293,0,1
-0.014567300108902741,-0.0020116588039306446,0,1
-0.014066301380151025,-0.0025655374455756954,0,1
-0.015132846422315653,-0.0023386597291677838,0,1
-0.013602745154802856,-0.0012488726825228692,0,1
-0.013799799939604456,-0.0024106710323363646,0,1
-0.015081236714667857,1.2380686640845748E-5,0,1
-0.013361076186870196,-0.0022255682167689876,0,1
-0.013787624531259686,-0.0018227088605647643,0,1
-0.013499391880809177,-0.002016734908246266,0,1
-0.013773973681112115,-0.00194430618353068,0,1
-0.015016660946506557,-0.002597288669900631,0,1
-0.014646010181152282,-0.0032442129806183337,0,1
-0.015145037596163176,-4.551594883098289E-4,0,1
-0.014525051490211686,-0.0018062125351602835,0,1
-0.017193871107413487,-0.0013840714998396048,0,1
-0.014929283263735039,-0.0017849868917052174,0,1
-0.013900863658652039,-0.0012710555780802006,0,1
-0.013846118338580078,-0.0016079839627464831,0,1
-0.012573087884553172,-0.0015787788692752736,0,1
-0.013013814992164068,-0.0025898240716070377,0,1
-0.013089999226159332,-0.002201002305450521,0,1
-0.01216852812984377,-9.048768076421778E-4,0,1
-0.013879475076911335,-0.0013020223039488,0,1
-0.015018931056342328,-0.0021486301932453823,0,1
-0.014305112942854449,-0.0022589091787692957,0,1
-0.014495369506496008,-0.001715246250359452,0,1
-0.014940264645724703,-0.002619628417855869,0,1
-0.014054969430244537,-0.002481743382083395,0,1
-0.01420382117924116,-0.0024986819163223574,0,1
-0.014398399666427402,-0.00308976542316937,0,1
-0.014483485156426041,-0.003134637458685648,0,1
-0.012843956879857845,-0.0015504924789534916,0,1
-0.015070670812223163,2.3464108405795787E-4,0,1
-0.014246956741604542,-0.0027914674285713097,0,1
-0.012033713186366026,-0.0010514422148513217,0,1
-0.015174994562667913,-0.002503629829480116,0,1
-0.01567911009315818,-0.002518181134194958,0,1
-0.013788321194647653,-0.0034770257150460904,0,1
-0.01617250540194667,-0.003098225960044619,0,1
-0.01321607563236809,-0.002016680640147503,0,1
-0.014499043009299115,-0.0027393694256840646,0,1
-0.013591356773145167,-0.001439954244032493,0,1
-0.012506793894785172,-0.002183500781209752,0,1
-0.014748933053442506,-0.004005708557247476,0,1
-0.012735611042066096,-0.002372481841835455,0,1
-0.012497759556094482,-0.0019482422200021241,0,1
-0.014801275052301627,-0.0018700211356889591,0,1
-0.013772428349790004,-0.003556395747311179,0,1
-0.013704864075723027,-0.0023434930490870676,0,1
-0.014315057614258341,-0.0032770340103776023,0,1
-0.015592551798287916,-9.137354394038647E-4,0,1
-0.013631539474220538,-0.0027469188552152264,0,1
-0.01273919331063291,-0.002427279615290134,0,1
-0.01408046195410565,-0.0019778991127053997,0,1
-0.01345694079988617,-0.0016106055662874778,0,1
-0.012965214865975237,-0.001979373120144548,0,1
-0.01207590597659303,-0.001638977362176683,0,1
-0.016525754511298056,-0.002069105619949839,0,1
-0.0149087777204589,-4.4927573540992454E-4,0,1
-0.012212144463039525,-0.0018617815680409698,0,1
-0.01444484976030475,-0.0023938849158242925,0,1
-0.015675910769981177,-0.005053755683813608,0,1
-0.013685830866047844,-0.00109040548130763,0,1
-0.013898866374384321,-0.0018737768083891334,0,1
-0.012867277121402041,-0.0023086812469500922,0,1
-0.012906644846740326,-0.0025886854735460933,0,1
-0.011780344074485676,-0.003007352995603206,0,1
-0.014985890182104146,-0.0023883753037812296,0,1
-0.014808185870400871,-0.002645910488785353,0,1
-0.014408914576749678,-0.002004067144027368,0,1
-0.01535210143383932,-0.002766084060689198,0,1
-0.016329541925837767,-0.002801202375839452,0,1
-0.01399533799116367,-0.0030425506794093905,0,1
-0.011430618412428737,-3.2016627503488374E-4,0,1
-0.014667563865347674,-0.00325436765453638,0,1
-0.014221769759584457,6.870219670320805E-4,0,1
-0.012961561392931633,-0.0023018747871705434,0,1
-0.01314895817321937,-0.004023790269474239,0,1
-0.014815066961656319,-0.002508693041123245,0,1
-0.014643617061872715,-0.0029751104797757165,0,1
-0.013683127289520395,-0.0031189942633522865,0,1
-0.013928687318849024,-0.0010084468664079396,0,1
-0.013754531718017004,-0.002418255455936197,0,1
-0.01267328290244582,-0.0030076686703933205,0,1
-0.01089922291370737,-0.004693237080848602,0,1
-0.012903637987478721,-0.0023503844544265264,0,1
-0.01481185370278134,-0.003296430898673539,0,1
-0.014494538027421839,-0.0027468377289240216,0,1
-0.015692532404901302,-0.002316811294036963,0,1
-0.013133795139045374,-0.0029939372185049965,0,1
-0.014860087919102283,-0.00237920843717198,0,1
-0.013016263081120371,-0.00396651250397003,0,1
-0.016699008973468255,-0.0028421265135241264,0,1
-0.013403936277881801,-0.002238378298542132,0,1
-0.012894820493719837,-0.00227941591982946,0,1
-0.014501114414422568,-0.002582231078948392,0,1
-0.017074489039297477,-0.0037173003742094358,0,1
-0.011290030577019914,-0.002904088405943699,0,1
-0.014530387838383908,-0.0014235137823572907,0,1
-0.014947041163505667,-0.003513622971120791,0,1
-0.015545975597103407,0.0010340339291781844,0,1
-0.014817655171874916,-0.0021685995542838643,0,1
-0.01293226276970762,-0.0021496780881086934,0,1
-0.012481860678846827,-0.0035771386952348156,0,1
-0.015817667009660353,-0.0023807945931313174,0,1
-0.014670870117158025,-0.002262143759498033,0,1
-0.01310728553383417,-0.0038684996067281066,0,1
-0.012862876685952263,-0.002243994345301659,0,1
-0.016345912515165067,-0.0033889108766908577,0,1
-0.014428801254025153,-0.002506566521322846,0,1
-0.013583338995584462,-0.0027021266093264582,0,1
-0.014268798358093315,-0.0037151610161618863,0,1
-0.015592209979063465,-0.002006308898847485,0,1
-0.012418453151722176,-0.004239861158002595,0,1
-0.011748239558153675,-0.002233270131398125,0,1
-0.015283102628345145,-0.0020953915324457093,0,1
-0.013915748667719179,-0.0027637125290763715,0,1
-0.013514917741684302,-0.0019788121037076917,0,1
-0.01315067321068074,-0.0026771354812936345,0,1
-0.016102071258514705,-0.0037062640346299147,0,1
-0.01369339618774826,-0.0026275448133314945,0,1
-0.013702180479268935,-0.003600223262216806,0,1
-0.015524239148722571,-0.003378844545526554,0,1
-0.013441413245486908,-0.0032996579393933926,0,1
-0.01486312012820358,-0.001095494326028852,0,1
-0.011729073590995731,-0.0035056048841009928,0,1
-0.014270124244673306,-0.0036212179378291337,0,1
-0.01432596401410359,-0.003979474031976528,0,1
-0.015895170580700665,-0.0025183854435158115,0,1
-0.014532220743238917,-0.0034393180853629665,0,1
-0.013576538804596442,-0.00288758490711696,0,1
-0.013343817938316602,-0.002213977974161187,0,1
-0.013868598056786603,-0.0035220389818588454,0,1
-0.01218562140526526,-6.633290702058402E-4,0,1
-0.014717262748863265,-0.0027521898025905634,0,1
-0.013650547287357678,-0.0030013699540185307,0,1
-0.01342600353997572,-0.0039303365104812775,0,1
-0.013422042015184139,-0.0020803392922036875,0,1
-0.01684221067127835,-0.004905411437144712,0,1
-0.015062304804181163,-0.003672091299524128,0,1
-0.014606443818989871,-0.004344847152513686,0,1
-0.013710129948934844,-0.004391904441569187,0,1
-0.013428118101700226,-0.004105678413883954,0,1
-0.013318505577013369,-0.0032644744965262813,0,1
-0.01604094324859243,-0.0026890053374918647,0,1
-0.014722618577036996,-0.003284945919042798,0,1
-0.013989759708889467,-0.0033770892453467358,0,1
-0.013558754087742677,-0.0035768915513739678,0,1
-0.013003060783978948,-0.002684216398229281,0,1
-0.01285114300328421,-0.003780110116124776,0,1
-0.014200202191944438,-0.003426618077274564,0,1
-0.01569572774084124,-0.0046544992960374865,0,1
-0.010758925501096495,-0.00199598670850125,0,1
-0.014226156849868067,-0.0035869542498910144,0,1
-0.014238699757176123,-0.003434822006776928,0,1
-0.01532966445856594,-0.002605957854350524,0,1
-0.014118939486725353,-0.0020611987342672427,0,1
-0.014016066186465493,-0.0037140819768411134,0,1
-0.01526101851201657,-0.0022630680809050943,0,1
-0.0132968687306196,-0.006189544741510328,0,1
-0.015207387413186658,-0.002582984055239739,0,1
-0.013045424250852408,-0.004179489013269,0,1
-0.014168821039273211,-0.0036526531595126397,0,1
-0.011599848307323156,-0.003110948120360131,0,1
-0.01479544183517404,-0.0032852428269041383,0,1
-0.014230707019978216,-0.005974847631259377,0,1
-0.013744284929305501,-0.0037625758095915975,0,1
-0.014255572748261842,-0.0036235441922434753,0,1
-0.012717543306060732,-0.0036375138406744456,0,1
-0.014304599175712439,-0.004494510509860401,0,1
-0.013717741120480983,-0.004949768803252993,0,1
-0.014228893327348556,-0.003906333104258974,0,1
0.004571841510021421,0.014729211495086027,0,1
0.004258622268076424,0.01566394164810193,0,1
0.004101720118033439,0.013840253787099209,0,1
0.0042033410673851185,0.014575365108153422,0,1
0.005774798132144062,0.015455499674053519,0,1
0.004147606997128326,0.01286813403098837,0,1
0.005380692363661706,0.014344903694107222,0,1
0.007010022738058008,0.014764910090930766,0,1
0.00391182405777858,0.014733608691908815,0,1
0.006874266368902351,0.0163376211537158,0,1
0.005408329606261195,0.016014161402117612,0,1
0.006292311964267402,0.016652878957321388,0,1
0.0067352059967963444,0.015553783965275588,0,1
0.00618795111562707,0.015968326834503315,0,1
0.006524975964960715,0.015479596643576402,0,1
0.005681186355577275,0.015460971409439226,0,1
0.004923074806062885,0.015681344795892525,0,1
0.005205415748130497,0.015249492483840523,0,1
0.003935138566174659,0.01334148581004549,0,1
0.005538473350875152,0.015572821807493703,0,1
0.005153229470974102,0.015663440359295643,0,1
0.005850926124474447,0.014436041669821896,0,1
0.0057644616300616385,0.012445985172559921,0,1
0.006322341419545884,0.015102370503454194,0,1
0.00551235553761497,0.016294677350986903,0,1
0.007337327918247575,0.01553746230492471,0,1
0.007685170250241672,0.01638183364648112,0,1
0.004036019011090843,0.015438650649696467,0,1
0.0051313813641504676,0.014789625453059122,0,1
0.004611890085089619,0.013348500273254845,0,1
0.0045841124865261375,0.015109800176535083,0,1
0.005539590391712875,0.015309614529527123,0,1
0.005856134478151653,0.015704711430968132,0,1
0.006547708158640974,0.013508314055854106,0,1
0.005937599322744743,0.01510165982322617,0,1
0.006693670945079017,0.015540775476973929,0,1
0.006226757417734356,0.015155864954105876,0,1
0.006692940129474518,0.017329075879616275,0,1
0.008196402211182093,0.015449974100290522,0,1
0.00718846833766231,0.014769314482582839,0,1
0.003761538421382666,0.012697526369790735,0,1
0.005061468809024939,0.014770782616120757,0,1
0.005688100127117025,0.014917061252197255,0,1
0.005493212166616979,0.014590452603047,0,1
0.005666892443637947,0.016274205267780593,0,1
0.005068667558945556,0.015498920179507271,0,1
0.005901937621258928,0.015245582558870594,0,1
0.0067245138999751965,0.014956422566214649,0,1
0.0042234581725379165,0.016171574289247842,0,1
0.005980278802205684,0.016039756001258346,0,1
0.006748650194497811,0.01608250383929618,0,1
0.007541399549257212,0.01759357897762458,0,1
0.0049992342705246304,0.014911952445969351,0,1
0.004856539412256566,0.014190523404309173,0,1
0.0036871947142149675,0.014665129084844067,0,1
0.005454482818994249,0.014678292413006612,0,1
0.006684197992540885,0.0157875758300825,0,1
0.006218458998676884,0.014946787787393313,0,1
0.00641026421622133,0.014922298176251646,0,1
0.005252669324139322,0.015524790710533542,0,1
0.006054933871306584,0.014156954140002322,0,1
0.007675815715546136,0.015306932382126655,0,1
0.006896782111551466,0.016132837540771727,0,1
0.005869295366694253,0.016483738787783572,0,1
0.0054671112094558695,0.015095535408708404,0,1
0.005261126820986628,0.01608796775427473,0,1
0.005550730250132574,0.014701869657199187,0,1
0.005461304583186574,0.0150204785265176,0,1
0.006914911289946164,0.014468537712844641,0,1
0.005857561469398919,0.014725866509430283,0,1
0.007077927821925346,0.015361219612849147,0,1
0.004994288426744882,0.012829022426940732,0,1
0.005579866236698171,0.01495567055635113,0,1
0.006225091875231343,0.01593815778685414,0,1
0.006715005564436309,0.015797716136755697,0,1
0.005136693649332417,0.014492339398053217,0,1
0.004658538895447789,0.014381674966765536,0,1
0.006070146210788295,0.015446066386968715,0,1
0.005529948823881412,0.014652846874180149,0,1
0.005058351146212784,0.015596410026580973,0,1
0.005079745982711204,0.01585091048610004,0,1
0.006594249178542319,0.01484363231913327,0,1
0.006245084396876404,0.01582730944974599,0,1
0.006926052049785219,0.014312935556369246,0,1
0.006463830742468672,0.015476036366743244,0,1
0.007138016959858253,0.014203427229264216,0,1
0.005972460402587924,0.014822186332820108,0,1
0.0057635391072045515,0.014646505841494632,0,1
0.005260463725384482,0.014755344905410816,0,1
0.004144422786282642,0.015351395135687968,0,1
0.005965105222008599,0.01481806544468839,0,1
0.0073070010213664455,0.01556115693314348,0,1
0.0068415450715498035,0.014743491838449592,0,1
0.0063913216967204645,0.015138661696593366,0,1
0.005052913655756104,0.015361094951764489,0,1
0.006115683044846425,0.016150880057743226,0,1
0.006809106348208336,0.014896159766294449,0,1
0.006620927483320318,0.012522608793061572,0,1
0.006270082316426024,0.015335713279679202,0,1
0.006715797333243208,0.013627589047838848,0,1
0.005924399330143207,0.014952945855086882,0,1
0.007016336591875128,0.01575185989180537,0,1
0.008249694506176838,0.013160212230689524,0,1
0.007042002181770498,0.015473716873319648,0,1
0.006637814531400435,0.015574657127665162,0,1
0.005322855332901998,0.014166453844320439,0,1
0.006491478434008175,0.015126487505347926,0,1
0.004998644202236026,0.014604650982457138,0,1
0.006260003323344821,0.015194247370960017,0,1
0.004681542470931346,0.01569713754056315,0,1
0.007578505704792612,0.015395577262734439,0,1
0.008912202100263542,0.013578758158145392,0,1
0.006571327429478461,0.018017011005449893,0,1
0.007207545337020911,0.016137807457260345,0,1
0.006583047025311699,0.01495267633541144,0,1
0.006753190765806663,0.01564039703461542,0,1
0.0061013453621223445,0.014438836468029006,0,1
0.005252221270954202,0.01387818107971367,0,1
0.006397672347284285,0.016576226118995677,0,1
0.006157505967905054,0.013382387577302675,0,1
0.00547426558400806,0.014498661535902225,0,1
0.008040874693146507,0.015874841142755166,0,1
0.006457629864410993,0.0172190628221524,0,1
0.006765550769071162,0.015266587481710236,0,1
0.007222461944804488,0.014733171284827281,0,1
0.005063888073590528,0.01357672265496481,0,1
0.006001710414913945,0.011695429688983917,0,1
0.008377886525199335,0.012853276131026358,0,1
0.006386911632821928,0.01585224401439833,0,1
0.006150019894846417,0.013977104945508474,0,1
0.008522033558971295,0.017312164997710003,0,1
0.006857821883210371,0.012302636122214626,0,1
0.0075620414488562085,0.014176131163535883,0,1
0.007861923591292303,0.01420614959752876,0,1
0.005664214588831978,0.014811376174411868,0,1
0.005559171541796284,0.014963620651825492,0,1
0.004742614897533963,0.013495988344268448,0,1
0.006530130410435375,0.01446065530783236,0,1
0.006196246664654487,0.014542227807190677,0,1
0.009676008909355091,0.015336863043509353,0,1
0.004898216947591082,0.013935623296616363,0,1
0.005055755392274832,0.014766121177270563,0,1
0.006277788352013326,0.014462331222898582,0,1
0.005716407779142096,0.014540882841073369,0,1
0.005512834033747774,0.01488802728458592,0,1
0.007225025903585146,0.012028795891490977,0,1
0.0069286625795549695,0.014188682607678157,0,1
0.007280661644357901,0.015054167253711984,0,1
0.007694720451971413,0.01366691937923679,0,1
0.007219835027811853,0.01126497718684512,0,1
0.005789638175324429,0.014919081668807307,0,1
0.005962477722281806,0.014257023155738813,0,1
0.004957041777162092,0.014268069729837962,0,1
0.007063241970263415,0.01623171229402186,0,1
0.006130174084017384,0.014807827540272012,0,1
0.006626178027727375,0.014321647330826463,0,1
0.006777026260359457,0.014284147128554525,0,1
0.006463922828907435,0.013481745720073483,0,1
0.005969056306303385,0.01393774109002032,0,1
0.0058688448465211585,0.014011563629271027,0,1
0.0071237717669759655,0.01323371873065901,0,1
0.007983686273751825,0.017396265581306292,0,1
0.0073898438714470015,0.014282559009643672,0,1
0.004985843978235526,0.014420257864494924,0,1
0.006867597795138662,0.01491143887723607,0,1
0.006464106931089326,0.014311596881202468,0,1
0.006654426543171042,0.015306711718542162,0,1
0.005172193997108758,0.015074540492191757,0,1
0.006270694379253331,0.01464362222850481,0,1
0.006776692362768139,0.01504528360923214,0,1
0.0054011821529340075,0.012976058374793707,0,1
0.005741781518124216,0.013693880186291408,0,1
0.006297080654272843,0.014178254508177883,0,1
0.006719945739940116,0.014109121986808484,0,1
0.0063623415223801995,0.015039930205579193,0,1
0.005621597809494649,0.01345297339545809,0,1
0.00723567881609145,0.013649734929474754,0,1
0.005608420214102491,0.01355505828013656,0,1
0.0067022196150416,0.01387841839612281,0,1
0.005246352288928375,0.017026927668221156,0,1
0.006246486987044143,0.015335281381482603,0,1
0.005939609214176545,0.013795880124684107,0,1
0.005763260081627023,0.013064417674125394,0,1
0.0065539702125918696,0.01449613062393152,0,1
0.005671297781761281,0.014475530649857933,0,1
0.008116506859206661,0.01640080801349191,0,1
0.004708732127174362,0.014522683419985591,0,1
0.005201924850957521,0.014180261209112158,0,1
0.006301033422367905,0.013674457660531308,0,1
0.008206450751845326,0.013501870465122868,0,1
0.005486559865206648,0.010605519504367115,0,1
0.006921119071806833,0.014436582182639915,0,1
0.004725285034016924,0.012683327587628409,0,1
0.006555805099790618,0.01375960007029,0,1
0.00680233668169403,0.013565960323203775,0,1
0.007694191946731115,0.013597409999912997,0,1
0.006994356063272448,0.015485189549905328,0,1
0.005735714222801296,0.012503790607373853,0,1
0.007017719361272871,0.014615747258098912,0,1
0.007007731320762461,0.014485128403888537,0,1
0.007390446200313827,0.01260646707130147,0,1
0.007037056226313868,0.013267670290281443,0,1
0.007975818482621303,0.013052026831102341,0,1
0.006760453862051401,0.013643441734512525,0,1
0.008011527910966208,0.013448905032845817,0,1
0.004748085292908807,0.011584872036332064,0,1
0.006714655262982597,0.012503050724878272,0,1
0.008377336592301679,0.0097813193622821,0,1
0.004487254331484839,0.014814419234512249,0,1
0.004291019299042444,0.014856855031081627,0,1
0.0028027814978325784,0.014039507175407818,0,1
0.004795368851531632,0.013357970251936331,0,1
0.0038202570921502797,0.014793469807482376,0,1
0.0014216651926075151,0.013873751661929258,0,1
0.0010518641353859399,0.013095443396522154,0,1
0.0029433311161058354,0.01443754767533977,0,1
0.0026809373039100573,0.015329230261930442,0,1
0.002735137160738517,0.014700942516555793,0,1
0.0017521949491849252,0.01396925285112385,0,1
0.0025291283059122754,0.014651240064973639,0,1
0.001921267398498091,0.014436149127680672,0,1
0.001548247484538654,0.013865165597612134,0,1
0.0022094873628467813,0.013827673606610047,0,1
0.003993715460946542,0.014943266717432143,0,1
0.006014085325929134,0.015505391760437488,0,1
0.003937165056563515,0.01570636259227058,0,1
0.004302731495091885,0.015425500178445356,0,1
0.003903188324999021,0.014854329612733272,0,1
0.00425381256467816,0.01363534538420771,0,1
0.0030595384170847982,0.015417634207907809,0,1
0.0012279844981966952,0.015393803928187996,0,1
0.002704206439552876,0.014888192113248207,0,1
0.002378293125051307,0.015392962179263189,0,1
0.00243692435408413,0.01457394535057497,0,1
0.0020766184992770244,0.013965193124651065,0,1
0.002324079886401018,0.014509569261279305,0,1
0.0047028484528329985,0.015239524221050162,0,1
0.004489004404126254,0.014801678967032848,0,1
0.0013314883382280149,0.01316721979342452,0,1
0.0036839536266291832,0.015042487921660299,0,1
0.0034065263597509994,0.014552024919092242,0,1
0.004227074628287361,0.014791435342298957,0,1
0.003693642789870809,0.013972452810314475,0,1
0.003624259764121219,0.014342079889656379,0,1
0.0038592469179069516,0.016172802225975776,0,1
0.0023714448124932236,0.014939842142732427,0,1
0.0015918833496640535,0.013508113987114384,0,1
0.0032744825688126866,0.013979224529830346,0,1
0.0021917039676007163,0.015288987138019954,0,1
0.0032925494616606035,0.0171844963557011,0,1
0.004031200650794055,0.015039493850463654,0,1
0.0011023778016677407,0.015441474857722584,0,1
0.0018958366722734818,0.01643165170664391,0,1
0.0011617363759643155,0.014477468861695802,0,1
0.00456819089089201,0.013683059138907454,0,1
0.003801718457833236,0.01535434269007929,0,1
0.003985202903007178,0.01387890513255998,0,1
0.0015319745163941416,0.014370619744564574,0,1
0.002927217564796596,0.015748733008166774,0,1
0.0010922397746436646,0.015159429974499119,0,1
0.0020793647290782767,0.014635562502141711,0,1
0.0022015390369539015,0.015022561732420996,0,1
0.0018424713630704683,0.014967361737784646,0,1
0.00547571452599211,0.015252915675409732,0,1
0.004055296551209969,0.015648653819310257,0,1
0.0034227961703659736,0.011727126385601434,0,1
0.0027062432666268114,0.015195880866427012,0,1
0.002565253301998104,0.015086540357023554,0,1
0.0033371556320228395,0.015615892077560747,0,1
0.0028729620931098473,0.013993332768544536,0,1
0.00236477907535684,0.015526264964773922,0,1
0.002128338802810829,0.015122368182857678,0,1
0.002241235527502897,0.01469934302257285,0,1
0.0032189842102529364,0.014736337456339711,0,1
0.0026808033824567323,0.01620405491242819,0,1
0.00437652455135225,0.014228471453397541,0,1
0.0021179078909573604,0.013671799630596263,0,1
0.004279216500863715,0.01616386842153857,0,1
0.0035861639279202587,0.014845495981241874,0,1
0.0037657607056677533,0.014252872238749284,0,1
0.004628212624373495,0.0147002083967725,0,1
0.0026399622840933084,0.01442311956204472,0,1
0.0025572968802506924,0.015245676766574809,0,1
0.0030226794237174677,0.014599845159192914,0,1
0.002148123375993196,0.01485982318216636,0,1
0.0021883613030170674,0.014809438085815143,0,1
0.003131034511896446,0.015452696271483058,0,1
0.004002313403479619,0.01610870001197789,0,1
0.00365992345881079,0.01593144446738896,0,1
0.0038871964365118383,0.015220687980044114,0,1
0.002557514371921169,0.015034092411492577,0,1
0.0041951640713709945,0.015195471437051751,0,1
4.017794660398886E-4,0.01757730186734438,0,1
0.003857554161313842,0.014915314136221257,0,1
4.72516189737613E-5,0.016662230742344245,0,1
0.0025948538903154414,0.015211613417762539,0,1
0.0023315823775798524,0.015215748619826564,0,1
0.0020696896610499344,0.015334447474745619,0,1
0.004284425533862123,0.013941976778023316,0,1
0.0033712050967619122,0.015114155356073036,0,1
0.003282113592473949,0.015311187835500442,0,1
0.0034056931291134704,0.014569963788721907,0,1
0.0014061402393389863,0.013817934975588923,0,1
0.002072601822096518,0.014706417194601175,0,1
0.0027731156457657838,0.016879301281200534,0,1
0.002447959285241195,0.015470039574982993,0,1
0.002765138932734858,0.015646167458520828,0,1
0.004110606572810191,0.016470883776710136,0,1
0.0028623247204789945,0.015105432275865149,0,1
0.004334786499382931,0.015574310995782723,0,1
0.003111530177114845,0.015604858320018395,0,1
0.005055040972424713,0.012867959601388602,0,1
0.0036815156998447527,0.01440703576361033,0,1
0.004691146597391163,0.015629680410655586,0,1
0.002467919295160437,0.01645959824308513,0,1
0.0021946828082711344,0.01904593711488987,0,1
0.003991341895783015,0.014283055613028228,0,1
0.0023252227784123394,0.015303192644126207,0,1
0.0023464961239377906,0.015355059267071152,0,1
0.0044300473766256,0.015690845226852188,0,1
0.003644737355553779,0.014485992876781463,0,1
0.004489367828756005,0.01627959488868209,0,1
0.002960185493195166,0.01566313808876093,0,1
8.591051724020008E-4,0.01702376076100533,0,1
0.0029670545948306515,0.015559560543749199,0,1
0.006219104250582773,0.01450081861478594,0,1
0.0034879757849209676,0.016840535839718285,0,1
0.003195984862764953,0.014148650171798905,0,1
0.0042685128786263725,0.016873389410555384,0,1
0.004767827687508539,0.01587973640258474,0,1
0.0014838004572816114,0.017523737812919542,0,1
0.006906607496725888,0.015422455591248716,0,1
0.003058056447990827,0.014563724787695619,0,1
0.002727975112394402,0.014394747265890469,0,1
0.002593838384557323,0.01557485221537663,0,1
0.0030718367388970686,0.015610285401369594,0,1
0.003971455366099796,0.01519227975683014,0,1
9.42552355618251E-4,0.013518708018430093,0,1
0.001897106763670857,0.01736171750704683,0,1
0.00319021907313086,0.01671560446184192,0,1
0.003878375385729082,0.015356156224606584,0,1
0.001043313781547032,0.014982805468303282,0,1
0.005074024979417873,0.015524102184125586,0,1
0.003860942728083679,0.01658882690226566,0,1
0.0029249509850605006,0.015695323875140058,0,1
0.0034734927118049313,0.01648178662624788,0,1
0.002033832668098151,0.01490018304017271,0,1
0.004403287424240048,0.01437104552718287,0,1
0.005284492275727918,0.01891984937998644,0,1
0.00369378635559493,0.015548434737736065,0,1
0.003415592113115877,0.016027169066098468,0,1
0.0018923918747416467,0.014862525394256813,0,1
0.0031118152266501795,0.015829057112356857,0,1
0.0032396219513736078,0.01614582730995893,0,1
0.003525533694572978,0.015007515423886777,0,1
0.00239168634306094,0.015883563287037494,0,1
0.003461564659361917,0.015137306607967242,0,1
0.0018589332621138273,0.013887848736291557,0,1
0.0010432010543863052,0.014317521126654265,0,1
0.004029488569438582,0.015622214939487372,0,1
0.0052698994269524645,0.013719513785631635,0,1
0.0015771406424365491,0.016567223502315986,0,1
0.004342278665902569,0.016217850701652128,0,1
0.0038755352286787116,0.016336481325741347,0,1
0.0038715384586536865,0.015054010781225334,0,1
0.002326905952945728,0.017206626307929244,0,1
0.002895156627824705,0.01655877202425622,0,1
0.003435525976706122,0.015917468769164216,0,1
0.0036017970171353967,0.01713069098765568,0,1
0.0036866316786019963,0.017684709409555632,0,1
0.003193968296131566,0.016608285982386808,0,1
0.004207266904882248,0.01693256503985588,0,1
0.005400260224493874,0.01545165884015407,0,1
0.003430397712779472,0.016141668378456035,0,1
0.005052855371979132,0.01408331722251087,0,1
0.006440841030621178,0.015312124771272083,0,1
0.003213667173550594,0.015992949296705625,0,1
0.0027955096450546896,0.016073431513193747,0,1
0.004641875942522203,0.016669390351829846,0,1
0.0036523386278062204,0.015022282710091603,0,1
0.003347631088656626,0.01717254248395684,0,1
7.472189682924831E-4,0.01829307856786116,0,1
0.0028212773782461485,0.015916383771978692,0,1
7.737520278012613E-4,0.018502971535991095,0,1
0.004101677403943649,0.016091172561226903,0,1
0.004654996806731996,0.018196227143413513,0,1
0.005278127343736877,0.016373939075396932,0,1
0.002893116665823237,0.015816390370489476,0,1
0.0030566897478898143,0.015254966296369396,0,1
0.003402353299563106,0.01594579320140437,0,1
1.6231185332231995E-4,0.018245381460456175,0,1
0.006984144000382225,0.01752643430840716,0,1
0.0011855864270269823,0.017513004358306317,0,1
0.004525419562123383,0.01627632501216251,0,1
0.0029575868298987594,0.016631740798748275,0,1
0.0029146899791053444,0.015795112436321035,0,1
0.003089246773848878,0.016718779619989087,0,1
0.0034530311393592807,0.017623152050410047,0,1
0.0019042534628302423,0.016867659637609937,0,1
0.0023757711069728343,0.01682225175181369,0,1
0.0044212838939640285,0.013331545373357411,0,1
0.0050941221139993885,0.017054835615015283,0,1
0.0032451574093294825,0.016688471809329166,0,1
0.002668470406752849,0.017463744411365622,0,1
0.0032199520521061643,0.017510403036832847,0,1
0.0038688147083097623,0.018082238319597637,0,1
0.003863519832126305,0.018512709906532088,0,1
0.004524180417201081,0.017600009697016035,0,1
0.0026911443291645284,0.01788610047893642,0,1
0.002652655793131092,0.01778866979741009,0,1
0.004146354339520577,0.01773844969793037,0,1
0.0018365086039838006,0.016918482180715632,0,1
0.002991852630897244,0.01724454484800017,0,1
0.002266566830384649,0.016768577009808893,0,1
0.0034768319598086164,0.01681488026966571,0,1
0.0038214087784277685,0.01599366536395825,0,1
-1.7239292079608987E-4,0.014889750848237434,0,1
0.0038464650980294295,0.01751483347101211,0,1
0.003310931708096551,0.016740504552252733,0,1
0.003602688811182233,0.017182694224292434,0,1
0.004519453394985333,0.018008088380793097,0,1
0.0033150827793987318,0.018346730186282096,0,1
0.003332424618857886,0.018367123708736895,0,1
0.0030958546857087644,0.0155350377632091,0,1
0.0027899204113361773,0.017270762163914724,0,1
0.00688020277804482,0.012830822157197302,0,1
0.006099303908883432,0.013099078086743475,0,1
0.006387047452138224,0.012730733778931495,0,1
0.007520676074908605,0.013753078033928338,0,1
0.0054929205617097404,0.01184998368538311,0,1
0.002246045684951268,0.012360502591919736,0,1
0.0050181180485711335,0.012325606889944508,0,1
0.005124205476084808,0.011813437285615881,0,1
0.003879718887133997,0.011170480214091089,0,1
0.005107317415589491,0.00953334621991358,0,1
0.004105719225278841,0.011261833993221068,0,1
0.004145872774245527,0.011036114064875743,0,1
0.004367897887122927,0.011335681227821418,0,1
0.003398379722971765,0.012677376396314577,0,1
0.001978992197297946,0.011764002381284586,0,1
0.0031860582684300615,0.010291685939094776,0,1
0.0038577842858085556,0.01105039069669987,0,1
0.006200344397946405,0.012013884731704531,0,1
0.0068278135488094565,0.01324945760798831,0,1
0.007103716908559305,0.014299315368245663,0,1
0.006409402677170786,0.012403644202034984,0,1
0.008250439456438795,0.012610625927225779,0,1
0.005242047285439011,0.01256722885070225,0,1
0.006076700661831768,0.013748070552256582,0,1
0.00549065274193465,0.011473527301392228,0,1
0.003582019676005195,0.011062006298867938,0,1
0.006312889043118939,0.011517203345021793,0,1
0.00590169786127565,0.010636261468060617,0,1
0.005252564462464725,0.011594158864240495,0,1
0.004210676286273861,0.011438771903945634,0,1
0.00347957254561516,0.011267189935661894,0,1
0.0032481525708855444,0.011622237792243997,0,1
0.004946717109399455,0.010734778461327855,0,1
0.008896842121136346,0.015683635401117016,0,1
0.005136184181793765,0.0133431366967167,0,1
0.005941541571885878,0.012712574958379354,0,1
0.004824474260905803,0.011364218828418366,0,1
0.005700013313909254,0.01261519326601984,0,1
0.006745707166689323,0.012265470104571876,0,1
0.006951935767784859,0.011514648501836519,0,1
0.0054415276719432665,0.01298057991374522,0,1
0.004315609273280057,0.011222153235239073,0,1
0.0034315847106285383,0.014731615918035772,0,1
0.004510300961589212,0.010969182553052527,0,1
0.004582652647484952,0.011000237371554908,0,1
0.00443331085086935,0.010015454252852416,0,1
0.0037715772797718206,0.011919668489843655,0,1
0.0015189614349049563,0.010578953576526221,0,1
0.0066117095938168086,0.011821710632061843,0,1
0.0036579975345810683,0.01385040469648202,0,1
0.006080940169397883,0.012825820715087139,0,1
0.0057852501250865345,0.011823315266078159,0,1
0.005862715765288391,0.012802019003669243,0,1
0.005288128664087668,0.013657666045506847,0,1
0.004979679200978501,0.01242937784032439,0,1
0.005073449163053223,0.012172109072665891,0,1
0.005281969186296999,0.011760139123595576,0,1
0.0033721433809566683,0.011635739931593102,0,1
0.0028338504239476545,0.010576935914771452,0,1
0.0039671455379270215,0.011184861731466154,0,1
0.003746629322094396,0.011570155514993772,0,1
0.004120975763353601,0.011814148969879463,0,1
0.0034367254424006277,0.011866692440891724,0,1
0.005382968836136299,0.012297377759879834,0,1
0.006735812353133197,0.01215833722954206,0,1
0.0054300802303212286,0.011348283648048876,0,1
0.00469796459611114,0.012664198347679649,0,1
0.006906712705230097,0.012329371333333412,0,1
0.005589692554082443,0.01317544205808508,0,1
0.0037288296316245863,0.012955880098049084,0,1
0.004923113252609636,0.011958575381662267,0,1
0.005036978377577186,0.011498769368135634,0,1
0.005473119767585794,0.01062903553044408,0,1
0.004556701922715817,0.011072444162265702,0,1
0.0052148619500264025,0.01247232152045198,0,1
0.004811310672171056,0.01151324469825697,0,1
0.0028743017695030616,0.011710094586169322,0,1
0.0038668120061873057,0.011190952882713425,0,1
0.006792610414422706,0.012418404823723674,0,1
0.005469285577471085,0.011566868529681817,0,1
0.004471408301933156,0.013023864150869662,0,1
0.005703232028661523,0.013374402371234159,0,1
0.005923979007180699,0.01237307423626238,0,1
0.005027686968060885,0.013032650708362552,0,1
0.0049468010249219384,0.011764851679769022,0,1
0.0060236919522576,0.01109370078526871,0,1
0.0047627140458587,0.011622135021787959,0,1
0.005976333017368002,0.008247057254598634,0,1
0.003774603085782451,0.012665658108268698,0,1
0.004136988767090551,0.011677061346364334,0,1
0.0026902867368057168,0.011937374390690435,0,1
0.0034381823886768374,0.013484512726762484,0,1
0.00648337734445289,0.013702109708964441,0,1
0.0060455060405784624,0.013036050244179646,0,1
0.009829888700921406,0.011016522421917183,0,1
0.006309178646914607,0.012693288292985721,0,1
0.0052888034309426495,0.01258666548950589,0,1
0.004173585895661659,0.01341916361194256,0,1
0.004819591692144669,0.012567750920164133,0,1
0.00473837506951905,0.012256148315674287,0,1
0.006229321011653192,0.012253386826763024,0,1
0.00435710076837845,0.011999233831678714,0,1
0.0030222078605295463,0.011937773949425377,0,1
0.004195936833766188,0.011300015531878278,0,1
0.002777336394787826,0.011924400723420565,0,1
0.008408446620973054,0.015282358424300679,0,1
0.005975635518517971,0.012555414562298159,0,1
0.005896730303808822,0.013067666703930749,0,1
0.005966230331166601,0.013160105108875626,0,1
0.005014176034546324,0.011647817454367774,0,1
0.004402298014303563,0.01252377755278816,0,1
0.004909181670330282,0.01256224069257631,0,1
0.004135939047660555,0.012964342655660228,0,1
0.001454418508576379,0.011152484224148669,0,1
0.004192978054067856,0.008125699258519957,0,1
0.004543180943418519,0.01161989565462354,0,1
0.004076269530910702,0.0116579731861598,0,1
0.003716255518911381,0.011859221238121997,0,1
0.005527691572602049,0.013982016516049474,0,1
0.006978026654817229,0.013580160365122738,0,1
0.0052395117921167755,0.01328185564659945,0,1
0.005565232192117953,0.013754935461212005,0,1
0.006098101910130613,0.009659203751609695,0,1
0.005717948379643312,0.013789749242903222,0,1
0.0048620823093609225,0.012145161007407944,0,1
0.005411931550944614,0.012975882300327276,0,1
0.003357095450717956,0.0128789985862581,0,1
0.004420488744090293,0.012194586517025333,0,1
0.0045997372951309,0.011303256690013277,0,1
0.00400171900263908,0.01194184642480257,0,1
0.003874147841446037,0.011792770448301852,0,1
0.0063576485903505,0.013400167293957743,0,1
0.005008617092089513,0.01181556912171779,0,1
0.005690975611335097,0.013134658556221899,0,1
0.005324001570354719,0.012924598099599552,0,1
0.005056099527999151,0.012973893306786126,0,1
0.0061080109998452635,0.013442782800080457,0,1
0.0057695001993349196,0.013504767714576323,0,1
0.004599347926976798,0.012742907156062194,0,1
0.0045929976986761505,0.012114473683630066,0,1
0.003525109926092816,0.011225400257124754,0,1
0.006637336511898448,0.010199722458995015,0,1
0.005766991258028752,0.013155368247905275,0,1
0.003968842224202623,0.013741666701353612,0,1
0.006234118486897755,0.014098484502648043,0,1
0.007758254466818324,0.011802697109085734,0,1
0.005794698856486998,0.012656957333500916,0,1
0.0064756057115703735,0.013092494197956432,0,1
0.0067512973389558155,0.013150744852005517,0,1
0.004615562539566143,0.013085616530945025,0,1
0.004455911895544945,0.012829323402839383,0,1
0.004219622377624412,0.011856414531868439,0,1
0.004836466984108687,0.012141761362853548,0,1
0.004454375811744595,0.011952674053396277,0,1
0.0065139657211557385,0.012763767107055127,0,1
0.007829484847015126,0.013033767986634094,0,1
0.0057940873996293815,0.013151704802449152,0,1
0.004566067104011981,0.011304432157714329,0,1
0.005152357926541361,0.012897987934560491,0,1
0.006477746265089886,0.013592810861733223,0,1
0.004733399840969622,0.01167715855680965,0,1
0.004698551202815926,0.01258770306886523,0,1
0.004674436249936359,0.01243603029858871,0,1
0.003445816541622911,0.01408780226298977,0,1
0.0036728021473879484,0.01133951031654562,0,1
0.005766302985842648,0.01344760069388317,0,1
0.0060786313883393695,0.012925025005220477,0,1
0.006845286444066818,0.012187037892457422,0,1
0.00482139443718579,0.012051969775832347,0,1
0.004955084258312682,0.010199556726734376,0,1
0.0033131293801241146,0.012337090354495513,0,1
0.0047488668367556075,0.011530902701226784,0,1
0.002681931501327987,0.013426082313493475,0,1
0.004353002422468365,0.012487637485178272,0,1
0.006984296209383231,0.011754960959776314,0,1
0.0039024962728969313,0.012446127107608672,0,1
0.006181467490554382,0.015802021723769058,0,1
0.0057398244041027375,0.01359562157336891,0,1
0.004036701187818394,0.01264017720648065,0,1
0.005894487632152378,0.012801785629833142,0,1
0.005460865147354056,0.012934104063336544,0,1
0.0064951111814349075,0.014922788755858906,0,1
0.004798504592794347,0.013260108253074986,0,1
0.004377215544770235,0.012455139994822931,0,1
0.005564767373305359,0.013344795480891273,0,1
0.004345364936712877,0.012374112148024882,0,1
0.005664213093280422,0.013889931913069399,0,1
0.006058569104429117,0.014012245819625445,0,1
0.004128657205750866,0.013017976002468432,0,1
0.004911699028643777,0.013765337021371928,0,1
0.003823363338459831,0.01361140836654191,0,1
0.002344694272812502,0.01003489482697693,0,1
0.004872394759937732,0.012502993023993445,0,1
0.004155658930980521,0.010575599090833887,0,1
0.004071284469060752,0.012644451687453345,0,1
0.005553669495397473,0.012468939687147854,0,1
0.0049422413613356125,0.013429276412844198,0,1
0.005698107151517498,0.013271432435598151,0,1
0.0052872813594195085,0.013272180370720395,0,1
0.0043803916157144586,0.013878184366273735,0,1
0.006120568759151505,0.013382892020768858,0,1
0.005138996507684611,0.011498777702628568,0,1
0.003599830839939027,0.013724177411451937,0,1
0.003777889856794562,0.012810200561929275,0,1
0.007026320090509492,0.013594128788533685,0,1
0.004605326597655828,0.014790989339554068,0,1
0.0048802553497087845,0.012420387853494605,0,1
0.0036418972565772463,0.013408472535130903,0,1
0.005132710797621513,0.013395864779221361,0,1
0.004669209004387677,0.013244668266855981,0,1
0.0044078647549039745,0.013397270275175949,0,1
0.004022541179155353,0.013614281601083456,0,1
0.0015289362586080439,0.011982625383830837,0,1
0.008082750696903862,0.014408056793642897,0,1
0.004249451444886201,0.012660247379556637,0,1
0.005765381077954605,0.012517195873394626,0,1
0.003960176966710831,0.01447624638761914,0,1
0.004959482624805916,0.013728072290764058,0,1
0.0056541214437303205,0.012491681517538544,0,1
0.004043217826966797,0.012693693702148902,0,1
0.004181631725702907,0.01271974025673211,0,1
0.0057001516149692896,0.013877788361488246,0,1
0.005544189925778389,0.013990440387132446,0,1
0.005101167127774744,0.01415019193542192,0,1
0.004207145442725974,0.013095025177161438,0,1
0.004332834740192112,0.01341409971294182,0,1
0.004429631635831177,0.013297696932232903,0,1
0.0044222575425076375,0.013509482652432504,0,1
0.004535156731380877,0.014321775676038536,0,1
0.006525301558153966,0.012999174995205618,0,1
0.005183953381504909,0.01318243358838992,0,1
0.005401869566212024,0.013560845929404364,0,1
0.004559893059327934,0.013481022337946704,0,1
0.006558401769606154,0.016527176798492766,0,1
0.005229300732092885,0.013062097920522788,0,1
0.004376255660042628,0.012989617978779908,0,1
0.004893215445305616,0.01376366764003209,0,1
0.005895552156314041,0.012507584823756385,0,1
0.005073212148061336,0.014924846580112927,0,1
0.004598311842566051,0.013657073013043475,0,1
0.005140897439774114,0.01300707173653702,0,1
0.005151295406304815,0.011431725344023952,0,1
0.006243080806840681,0.013798311114099442,0,1
0.005255792275501937,0.01594037843315163,0,1
0.0036131376621989404,0.013947872123476935,0,1
0.005061187151578844,0.012467521378338738,0,1
0.004391642375854515,0.013898164527274567,0,1
0.005929315428821627,0.013671163275285227,0,1
0.005537296076144806,0.014009283819337205,0,1
0.005468221624519274,0.013675474055369952,0,1
0.003829314785339227,0.015123061561890779,0,1
0.006622981480449237,0.013414402510161795,0,1
0.00447501412322904,0.015228861840125035,0,1
0.004553947442683947,0.013723123429213203,0,1
0.004755365698362021,0.013421236082658779,0,1
0.004808586195378747,0.01570974252836024,0,1
0.006294436104811417,0.014311890183469646,0,1
0.003718043582213946,0.013695929035095039,0,1
0.0038319955626597885,0.01341606032782395,0,1
0.00520844814437875,0.014219428269980306,0,1
0.004927793069299541,0.013997902898921586,0,1
0.004852220380725905,0.013625036596446195,0,1
0.005002274946061588,0.013276927627209077,0,1
0.003958915170267955,0.012365572747322737,0,1
0.004896183078014286,0.014055738714595391,0,1
0.004887954507481034,0.012522597415630653,0,1
0.005835208471488946,0.013132164413749247,0,1
0.0036974168238453355,0.013152856228812154,0,1
0.0033845926243884473,0.013651242261656846,0,1
0.004988639006431396,0.013722992370289712,0,1
0.00391565470456082,0.015625214259472914,0,1
0.004581479293673556,0.013991706538022116,0,1
0.004902013114963816,0.014233412390633016,0,1
0.004392050237444213,0.013987768156027681,0,1
0.0036098161200268757,0.01248916657964941,0,1
0.004928498362484957,0.015159248474264543,0,1
0.004484605421587378,0.014528600544631287,0,1
0.0033979497158271358,0.013226432387105963,0,1
0.0044847027912750855,0.014606413577589515,0,1
0.005106345616566438,0.015179562668661445,0,1
0.004317864582056272,0.014492730588535608,0,1
0.0035145751533020384,0.01455657171935918,0,1
0.006738572878800826,0.016447703942737812,0,1
-7.467698188748143E-4,0.013931060026951318,0,1
-5.956754919370309E-4,0.015253877527208321,0,1
0.0024590484540646575,0.016297710588590218,0,1
0.0032637266054572106,0.01410718404699454,0,1
0.0022430947271338264,0.014212985218085379,0,1
0.0024412592272354114,0.015377427128359402,0,1
0.0031058875397680322,0.014614731281212417,0,1
0.001541049617867591,0.014753143716899755,0,1
0.0027350255367603474,0.014324466316927785,0,1
0.0022325818855034457,0.015059415351427225,0,1
0.0010497606257074573,0.012484686117400553,0,1
0.0034936497656710844,0.015019065693895434,0,1
0.002868197471592343,0.013005694215146038,0,1
0.003768521037834691,0.014775342962141332,0,1
0.004708840251897797,0.015562584549712774,0,1
0.0029116479674881138,0.014184790533128397,0,1
0.004089503456809181,0.014252059290125572,0,1
0.00173193930550463,0.014989313299624673,0,1
0.0025607902089377723,0.013770998676392851,0,1
0.0016335996498808032,0.014215588226138148,0,1
0.0029650396350449464,0.011878987570251881,0,1
0.002144712895489065,0.015320880275042848,0,1
0.00343700332417408,0.01416037638890529,0,1
0.002519767106602143,0.013376496495393742,0,1
0.0028163357001329747,0.014666846671479283,0,1
0.001181507435444462,0.015739081887418876,0,1
0.004168543310029105,0.013596866745122891,0,1
0.0034066775235781868,0.014233077019166722,0,1
0.0037256334727611305,0.014653140251334755,0,1
0.004930983786874492,0.0153880024598645,0,1
0.003222239838770486,0.014666750125614159,0,1
0.004605704579730363,0.014819957391193314,0,1
0.004953227990841505,0.015446273524898056,0,1
0.0029500538336643045,0.01489641572196089,0,1
-9.303610126514669E-4,0.016075711038026998,0,1
0.0018053855998126154,0.014406982994162596,0,1
0.0020928407075080694,0.013460381864018359,0,1
0.0033754077444649606,0.014483196695837362,0,1
0.002993856151905553,0.014335395952742212,0,1
0.0024179696108495765,0.014123644942057926,0,1
0.004718349856132325,0.016537439373888792,0,1
0.002736255760729558,0.014732678800544645,0,1
0.0024277450354723575,0.013768794559231676,0,1
0.0030864683812267713,0.01291436684298942,0,1
0.0034915292939710005,0.014237283882471355,0,1
0.003566568686397303,0.014336456244870057,0,1
0.004278041872103805,0.013036496307047677,0,1
0.005033816742844628,0.013949029995751053,0,1
0.004477656713132274,0.016699389776381267,0,1
0.002052059349720336,0.01438984393755864,0,1
9.289410710518936E-4,0.015085328786969474,0,1
0.0013494604392914882,0.013968084564011024,0,1
0.002261067272485099,0.014271479156535328,0,1
0.002881446386814818,0.014280311064296837,0,1
0.003036296860118257,0.014980043133427998,0,1
0.0024786690040312456,0.013717265102607002,0,1
0.004801171439434636,0.015426291519058848,0,1
0.0031562040387230813,0.01371897524421927,0,1
0.003035910630206604,0.013628291099028685,0,1
0.0034394268001792148,0.014315853488467001,0,1
0.002001128228773413,0.013802838604199612,0,1
0.00367812552913506,0.015600205443185387,0,1
0.0011571492789248265,0.014055258300682587,0,1
0.00428332363926965,0.014226956884401015,0,1
0.0014437159085291349,0.012228708080697846,0,1
0.0019366781640072065,0.014294180434888738,0,1
0.002023098355087863,0.01329593543496817,0,1
0.0018877537717817117,0.01385120974541758,0,1
0.0024554365982226807,0.013287632127423255,0,1
0.002901698951846462,0.013972039862972444,0,1
0.0021122312806196282,0.01664706849861546,0,1
0.00443086269937229,0.012278221642628531,0,1
0.0046542948748836705,0.01393290401104899,0,1
0.003992213572887334,0.014566594208617806,0,1
0.0036511935244092175,0.014024974968966902,0,1
0.004890270674794873,0.015483154667519249,0,1
0.003933780345098273,0.017066662604990294,0,1
0.0031381443156910426,0.013801110558106034,0,1
0.004150731850102494,0.014102091443232262,0,1
0.001947374206509675,0.014355941599157084,0,1
0.003372829827380366,0.01374949885167057,0,1
0.002387609118612502,0.014097239942193758,0,1
0.00270076750435398,0.01381212563996342,0,1
0.003445051351648228,0.013146667091058719,0,1
0.002832038665669999,0.013691561548803083,0,1
0.0032520882919622736,0.014036172629736091,0,1
0.0027412813201993184,0.014974954714019316,0,1
0.0019726255401983613,0.015507014081559937,0,1
0.003694338262625571,0.014004427814242782,0,1
0.0057430671826006145,0.014342574739324982,0,1
0.003438490689987783,0.014410417795251219,0,1
0.004045013970313233,0.012040053762139345,0,1
0.0023672259663164814,0.014871545028972102,0,1
0.0019076169871396645,0.013912613628243222,0,1
0.0022620284911017345,0.013829841332387485,0,1
0.003061415415310206,0.015270407557606575,0,1
0.0010757325892466105,0.010294252393354644,0,1
0.003807720696938937,0.014621434581365778,0,1
0.0036422489476777464,0.013332023372031019,0,1
0.0038586630460546085,0.010507498108324608,0,1
0.0030915905544849167,0.013608005859722485,0,1
0.004231842881938448,0.013008992577018848,0,1
0.003911052412822846,0.014186270293601378,0,1
0.004042214729878268,0.013882992642735476,0,1
0.004304499186290966,0.014226899618681874,0,1
0.004331948839370178,0.014151206211598603,0,1
0.0014787124571128288,0.012422040835346832,0,1
0.003954757731634396,0.012716931262538068,0,1
0.0024253769614222785,0.013839392656833621,0,1
0.002671724112516307,0.013932337152795059,0,1
0.0029792271558053414,0.01311085740793363,0,1
0.0032850319123035637,0.015161432823370511,0,1
0.002954635119252117,0.01299854317813517,0,1
0.0032838488580246394,0.013325667781936522,0,1
0.0019867494530937395,0.013692059510942848,0,1
0.004033734353094872,0.013994616494394336,0,1
4.4540356074119835E-4,0.013474725331158673,0,1
0.0042410169565925875,0.01328212286575464,0,1
0.004244079746876576,0.014268476519637235,0,1
0.0021607909587636294,0.013488621278035342,0,1
0.002436473189579577,0.017312300784951908,0,1
0.0038655939376506334,0.015454529815802046,0,1
0.0024755510128001658,0.014273776134659842,0,1
0.0028603041174506236,0.013592866810837833,0,1
0.003130330078746865,0.014174218528713957,0,1
0.0024099571923847543,0.013745194192705605,0,1
0.0022996670836465606,0.014633085564079587,0,1
0.005214377355243852,0.01429628494298338,0,1
0.004133888221619858,0.014847764662736213,0,1
0.0042563609039339,0.012944359955784432,0,1
0.0041712555680385914,0.01487734743558383,0,1
0.004049334729180295,0.014247334664844463,0,1
0.001956041186030462,0.013024912269219459,0,1
8.881558004687377E-4,0.011467352364941225,0,1
0.0026265708771026487,0.013451483808712769,0,1
0.002982004383868441,0.013881890386560248,0,1
0.0024351411449659256,0.01381132637989319,0,1
0.0033590227256613983,0.013523377574482194,0,1
0.00576542733965959,0.01565284530079922,0,1
0.00407814686577833,0.013990305982018808,0,1
0.00220257783875581,0.014801707698519231,0,1
0.004696860007611315,0.012841381299503109,0,1
0.004135908969243139,0.014742621617492424,0,1
0.00453422739994112,0.012404608085361415,0,1
0.0033158151366465514,0.013276841922776433,0,1
0.0016709955665891092,0.0140285962331873,0,1
0.0037766899449838344,0.012718123834900593,0,1
0.002864388175609304,0.013633803703999468,0,1
0.0032470728925710606,0.013298863036531662,0,1
0.0032487919208796434,0.013215853353653792,0,1
0.004408098123171064,0.012973698765089919,0,1
0.0022669155534438858,0.010937387511106011,0,1
0.0032856317081689764,0.012177158515477137,0,1
0.0066571918305799605,0.010823405617974707,0,1
0.003634967993385886,0.013358458064340667,0,1
0.004944618721598808,0.01333078406817366,0,1
0.002888028398768053,0.013063653076843235,0,1
0.0022458094659860125,0.012525386541089076,0,1
0.0024665062880390213,0.012565870080402787,0,1
0.0022518390324206957,0.01175599146006839,0,1
0.002733842671291604,0.014095008054868545,0,1
0.003892040285873891,0.013594975601422895,0,1
0.0026969465919658353,0.013109146664432065,0,1
0.0049530333476521535,0.014325779096733132,0,1
0.0040864777781171825,0.013196220956839392,0,1
0.004812400978215096,0.012841350108425976,0,1
0.0033705188254472963,0.011248155109024275,0,1
0.0017302609637400578,0.014137755818924694,0,1
0.0020083409399382023,0.012671994784240456,0,1
0.0028787247369545014,0.013229359563029352,0,1
0.002826491993201112,0.013460355269866196,0,1
0.002999472893907371,0.014378237914430199,0,1
0.005002932476183042,0.013410589727793496,0,1
0.0033606174022794014,0.01250603564960364,0,1
0.0036815078798291888,0.013042791872617457,0,1
0.0036176059096068003,0.013239452641995227,0,1
0.00393787181077404,0.013251166983384417,0,1
0.0028529578178445206,0.01318158032582231,0,1
9.621599161313567E-4,0.015730412312326424,0,1
0.003447661427279631,0.015297669509056455,0,1
0.002894334399805217,0.012788870981578049,0,1
0.0036129137850107284,0.011870014646829736,0,1
0.0030824032729644866,0.01363471348231102,0,1
0.004316429771676306,0.01290086940190232,0,1
0.002429904672052373,0.013465319050909743,0,1
0.004904657640941696,0.013396346011848722,0,1
0.0025280525142281868,0.011398298244802993,0,1
0.004018307679966155,0.012104660270591832,0,1
0.002872566059064107,0.013506809538371705,0,1
0.0012077990385589447,0.011103673328883372,0,1
0.002081624014279069,0.012483092935025442,0,1
0.003342901201328393,0.012288510301502483,0,1
0.003616264473855527,0.013102369675557887,0,1
0.0034516690698629393,0.013152951225194557,0,1
0.004077239621996482,0.014059394171069557,0,1
0.001781412098202026,0.01313158474153016,0,1
0.0034448109533883682,0.012608225041038344,0,1
0.0037270267030423904,0.012444951136573653,0,1
0.0028427442109332903,0.012966069680934158,0,1
3.446178811941034E-4,0.011703120552845604,0,1
0.002798730034013632,0.012337423262672535,0,1
0.0030788854803767782,0.012882927636435258,0,1
0.002504470924439071,0.012653349401560855,0,1
0.0039615548989342785,0.012533239008042579,0,1
0.0033944562449333172,0.013158161527278856,0,1
0.003968156090763685,0.01297711425606629,0,1
0.00243142945550569,0.012625934124279297,0,1
0.0016341881899211677,0.011545761751917075,0,1
0.003653137425686561,0.011502530823946172,0,1
0.003152306153923614,0.011887355217164532,0,1
0.00402303596445176,0.01215012344366968,0,1
0.004504046688809859,0.013403434760052898,0,1
0.0031055743456883654,0.012642207172029924,0,1
0.00327378176722011,0.013745835696560547,0,1
0.003372541101653935,0.012301908783434495,0,1
0.0017122978123423336,0.012746151299124507,0,1
0.002968655365291999,0.013274788180645102,0,1
0.003286834691728979,0.012921776996347124,0,1
0.003578419418997578,0.012598030868898517,0,1
0.0033203236988163846,0.012732234629143371,0,1
8.541392674227918E-4,0.010852214045188756,0,1
0.0031715953491029455,0.013564574055308538,0,1
0.00389446995183547,0.009972026478902656,0,1
0.002634701856420965,0.012486265071098391,0,1
0.004043994354963262,0.011909719163724871,0,1
0.005799791110384845,0.013366698747104309,0,1
0.0023672849267327876,0.01269974074424678,0,1
0.0028504836568279458,0.012973517398622849,0,1
0.004294917487804772,0.013096236719054593,0,1
0.0028433335934498678,0.012779550094634957,0,1
0.0028362988529688116,0.014469570090892944,0,1
0.0028304411820503695,0.013217321471676424,0,1
0.002786309204565129,0.012165249083511003,0,1
0.003592579316452639,0.012261832277886195,0,1
0.0028506579119251846,0.013331244477913827,0,1
0.0035448809442981655,0.012722080679013571,0,1
0.004165202308279194,0.012406411339562863,0,1
0.004273317900747524,0.012125685030919342,0,1
0.0012078961052305027,0.012683809156363418,0,1
0.0022059509174376982,0.01287747973056035,0,1
0.0035898909817666013,0.011315333933126212,0,1
0.0028440451360922567,0.012555409288890906,0,1
0.0019692818286745272,0.013599876682366539,0,1
0.002463124493543901,0.015422591154267837,0,1
0.0038564846960030623,0.012146797507777491,0,1
0.002607044331576052,0.011863070669319839,0,1
0.001635742617797515,0.011922999385497759,0,1
0.0037472124913626582,0.011135680727042588,0,1
0.0033847220911882732,0.012211212899833785,0,1
0.003859795221744656,0.011950602501197291,0,1
0.00380396624624288,0.012288788917027654,0,1
-7.318120076526546E-4,0.01387964479122334,0,1
0.0024360357572237117,0.0114164890008164,0,1
0.005985217503015824,0.010888296707788318,0,1
0.0033923235241247,0.012060065592972229,0,1
0.004739420727883769,0.011163171865794626,0,1
0.003696308225863299,0.012127113958904734,0,1
0.0025494771030709035,0.011492105094973993,0,1
0.002133730570922019,0.011819247317675844,0,1
0.0036404806135249433,0.012078608695573775,0,1
0.00509170536643865,0.012946943962551338,0,1
0.0038660865039546726,0.012719700458005662,0,1
0.003700278391139912,0.012485120055027872,0,1
0.003038608275716533,0.011803825487635469,0,1
0.0027600395110980347,0.01210351148343968,0,1
0.0049170953339879595,0.013651284887419733,0,1
0.0034242303144355313,0.012209973799867919,0,1
0.003224381049440959,0.01151106058736084,0,1
0.0032541282897884686,0.0117501854236838,0,1
0.004491608434112811,0.010551858963756853,0,1
0.0017722615278111956,0.009820000568467128,0,1
8.435374164311581E-4,0.010502089713033264,0,1
0.0040456349448131385,0.01199527356675913,0,1
0.006390116240031793,0.009118960097151933,0,1
0.001517029110984566,0.008745012086320126,0,1
0.0026826367718519894,0.012116323332361763,0,1
0.004061281092709794,0.008972279116041424,0,1
0.004079636414250315,0.011512496639849419,0,1
0.003536251660414555,0.011550380964514776,0,1
-2.479542114079921E-4,0.010717379477824395,0,1
0.003931047477103718,0.011179882430655137,0,1
0.003393484104125113,0.010306686977735085,0,1
0.002921116870536124,0.011593428434047343,0,1
0.0022437279636415186,0.011809757527696014,0,1
0.0015944746614295795,0.014206929512527704,0,1
0.0036270722029453713,0.009759442040306576,0,1
-0.01570885013944028,-0.001960312699682024,0,1
-0.014004683187277702,-0.0011991377311104635,0,1
-0.016019572798241576,-0.002414569404197197,0,1
-0.014370405177686325,0.0013340328625051211,0,1
-0.014439561627160986,-0.00122150953639408,0,1
-0.016268916037168176,-9.897705766698842E-4,0,1
-0.016046575403995917,-2.6764715960476916E-4,0,1
-0.01665074505738055,6.386420222123485E-4,0,1
-0.016824170432221577,-8.240537365645203E-4,0,1
-0.015669429865190532,-1.8106278021690994E-4,0,1
-0.016037170742311334,-4.824316708452102E-4,0,1
-0.016398867151584662,-8.846559243469813E-5,0,1
-0.017668894385741284,4.775128105354448E-4,0,1
-0.01731149687597023,7.038873857273868E-5,0,1
-0.01789396407144469,-1.5082912371973137E-4,0,1
-0.014029792129871477,-7.353140221493355E-4,0,1
-0.016380256012546366,-0.0024247030047007123,0,1
-0.017429656551807244,-0.0014115229224019058,0,1
-0.013188179363229913,-7.62339958745145E-4,0,1
-0.014638994115951938,-1.231477268180781E-4,0,1
-0.015783097616462308,-8.234188949283839E-4,0,1
-0.01595292138061271,-9.767902429610004E-4,0,1
-0.017144700978852043,3.197507153642833E-4,0,1
-0.015932470478109643,-0.0017777773451038365,0,1
-0.016502328147967434,5.132487093483875E-4,0,1
-0.016612590573594644,-0.0014797103914611085,0,1
-0.0166873983444063,-0.004179475003939318,0,1
-0.018825827662500155,0.0015702299479709312,0,1
-0.01403622397238642,-0.0016361871253222778,0,1
-0.015617617444120435,-6.957200157280169E-4,0,1
-0.014618995770871621,-0.00430899913448452,0,1
-0.01467824438063986,-0.00305099708780191,0,1
-0.01656940618590692,1.3263341122526817E-4,0,1
-0.01713113737864394,1.6303315027518865E-4,0,1
-0.016494961136913223,-9.245201946935794E-4,0,1
-0.016668909475944495,-7.859416437976151E-4,0,1
-0.017911325906536487,-1.2106210271040295E-4,0,1
-0.018150982365823787,0.001783371416082043,0,1
-0.01675421499448267,-2.4434966504361294E-4,0,1
-0.01640377663759012,-0.0010741058694802416,0,1
-0.01772822406619218,7.197141811916083E-5,0,1
-0.017886670341017603,1.9685595485798618E-4,0,1
-0.014415673579586981,-9.340522876706481E-4,0,1
-0.014972041729507073,-6.788147889661741E-4,0,1
-0.016572644130286127,-0.0011830932240027348,0,1
-0.016661671568509225,-0.001295928990706022,0,1
-0.016405239807864846,-7.173509583222114E-4,0,1
-0.016219760306333274,-7.141297206605233E-4,0,1
-0.015432759325594349,0.0015748465869332773,0,1
-0.01749347153861569,-1.328058390602876E-4,0,1
-0.016876731452574515,-2.91414262575575E-4,0,1
-0.016616561745052005,0.0010170721941594762,0,1
-0.01735864181974458,-6.383406962795543E-4,0,1
-0.01784429934666567,-2.3901469097029412E-4,0,1
-0.014901179071721535,-0.001417189540864568,0,1
-0.015153822487331034,-9.86126719985101E-4,0,1
-0.01589515544492819,-0.0010909817599264048,0,1
-0.015502774541141011,-2.4307191831737416E-4,0,1
-0.01594122463236064,-0.001313441036005235,0,1
-0.01571226124215161,-7.530766619103853E-4,0,1
-0.01657050703949541,-6.067917278606617E-4,0,1
-0.016277940699259023,-1.4531751229004985E-4,0,1
-0.019818842024110696,-0.0018263244096641158,0,1
-0.016638631665409583,-8.555847874961828E-4,0,1
-0.016258958248173944,-6.678690064073402E-4,0,1
-0.018268843925227863,9.700115439955509E-4,0,1
-0.015415258549299602,-3.788488744976797E-4,0,1
-0.013427378657145182,0.0014069945638589415,0,1
-0.017485371859170318,-0.0022076014667691186,0,1
-0.01567747990869541,-5.843109353028269E-4,0,1
-0.017711721661590674,-0.0011318998521671335,0,1
-0.015659484864223326,0.0032020266386900953,0,1
-0.014846119336170282,-9.552570083590754E-5,0,1
-0.01591943521176775,8.524309907146332E-4,0,1
-0.012901616294328629,-3.2346183333382153E-4,0,1
-0.017847461248057972,-7.289075778761249E-4,0,1
-0.017007610318735933,-3.798281832492069E-4,0,1
-0.01917787596909592,-7.561099977774767E-4,0,1
-0.01544608601416884,3.447787522567311E-4,0,1
-0.015155048565952298,-0.0017262020061251328,0,1
-0.015988497761187024,5.756230318414572E-4,0,1
-0.015988408403769166,-5.63325571384651E-4,0,1
-0.016212742559510544,-2.7549674355926236E-4,0,1
-0.017559916801656635,0.0010186021421336004,0,1
-0.01621151412599945,-2.3904448738623383E-4,0,1
-0.016510775482721323,9.209049649966826E-4,0,1
-0.01568838891462052,-5.567366523806749E-4,0,1
-0.017576202111895346,-4.128453460639529E-5,0,1
-0.01732963784844264,9.822571869273105E-4,0,1
-0.015607094518097143,5.98576997458103E-5,0,1
-0.015501035468897709,-4.4528484832284936E-4,0,1
-0.015590355629131226,-1.3585472592572915E-4,0,1
-0.014443582037241312,0.0015546585246730238,0,1
-0.01294126142754315,-0.0024885935092309724,0,1
-0.016307538734133813,2.3427615884576969E-4,0,1
-0.01513505146642378,-8.325279067783144E-5,0,1
-0.016555335972504404,-3.0497619370552833E-4,0,1
-0.015472018125101102,-8.685089856267444E-4,0,1
-0.017593341998437595,-0.0026675367938731394,0,1
-0.01498418544639082,-4.3315507643087466E-4,0,1
-0.015259334776497074,-4.7828299719326455E-4,0,1
-0.016480376827825993,6.915826354159865E-4,0,1
-0.01554169069898727,-8.432246025505419E-4,0,1
-0.015179052410500151,-8.685586489382045E-4,0,1
-0.014284380945303892,-0.002692471146105691,0,1
-0.01531584788302617,0.0020751288615759346,0,1
-0.01652128076406275,-4.8057273905461467E-4,0,1
-0.016851179442978554,1.8279395114784738E-4,0,1
-0.01667331437687502,4.506195541313808E-4,0,1
-0.017168566227000387,5.938051140343103E-4,0,1
-0.014209095852353755,-0.0025440885196896883,0,1
-0.013466217177814876,4.046502765130821E-4,0,1
-0.01454677067368115,7.782175099328572E-6,0,1
-0.015884608022353638,-4.3375781187579587E-4,0,1
-0.016035409901285196,7.087033919346951E-4,0,1
-0.016286440431507603,1.3781314977211068E-4,0,1
-0.018968672617610094,2.3464066550584183E-4,0,1
-0.013459892931738054,0.0011437632933147125,0,1
-0.016760472342408905,3.3224998618256016E-4,0,1
-0.01599493900414327,-5.704852162774127E-4,0,1
-0.015650643254376425,-2.715645887272903E-4,0,1
-0.016330110734467152,3.945549547695482E-4,0,1
-0.015416874404551513,5.922855121589808E-4,0,1
-0.01668477811217128,-8.831997399984083E-4,0,1
-0.016079894440159545,6.611185159728449E-4,0,1
-0.016676988871112842,-7.586854492062793E-4,0,1
-0.016910927605032235,-1.1784783917011409E-4,0,1
-0.0172430927184199,4.724313235588185E-5,0,1
-0.016202053907555046,-5.986071081473737E-4,0,1
-0.01656063171091719,2.547538301175525E-5,0,1
-0.01755290009199746,-3.1940773456416916E-4,0,1
-0.014260234076019732,-0.0015083629388989246,0,1
-0.015967427979784954,7.263126834482145E-4,0,1
-0.018326350043626826,0.0027029941199609767,0,1
-0.015630920345167245,-4.602341371723445E-4,0,1
-0.016673499905280293,6.712598539943187E-4,0,1
-0.016164249837421447,2.083042176784709E-4,0,1
-0.0141182888834723,-0.0010734096607572128,0,1
-0.015654073826621515,3.548694490494555E-4,0,1
-0.01631485318978572,-5.523850349859653E-4,0,1
-0.015866928612049826,2.759629800482699E-5,0,1
-0.015734436054263733,0.0016396039568503818,0,1
-0.01507104134587204,-4.389941303234254E-4,0,1
-0.01672721421425211,-0.0010500229526468746,0,1
-0.018205371121101783,0.002276050129351157,0,1
-0.015577240165806912,0.0010733418641139167,0,1
-0.014899450180599572,-2.9364871445386974E-4,0,1
-0.014833205433372507,4.289217380024658E-4,0,1
-0.015572133065420704,-6.972801225818281E-5,0,1
-0.0155616390701754,0.002729143313892679,0,1
-0.015730663318555372,4.647030261409534E-4,0,1
-0.01642604028986915,3.4978457477499156E-4,0,1
-0.016024033496761986,2.6247402490177705E-4,0,1
-0.016854089567045226,9.677960151177089E-4,0,1
-0.015124869662800683,2.587414340568579E-4,0,1
-0.013833014316802958,-1.995307884996366E-4,0,1
-0.015764110761255216,1.7354410938172493E-4,0,1
-0.01671321698169404,4.137615492176662E-4,0,1
-0.018934361000200954,-5.875075408489058E-4,0,1
-0.016193301231855008,4.3795706307256995E-4,0,1
-0.016460994016569246,5.674854215817086E-4,0,1
-0.015655419271458044,-2.8805096434162965E-6,0,1
-0.014148407731345194,-0.0010671193582742402,0,1
-0.015455081344835303,2.986525123627541E-4,0,1
-0.01640038441053065,7.070499046576738E-4,0,1
-0.015440498504593113,-0.0010552441495313846,0,1
-0.014510675970167766,8.333149629167681E-4,0,1
-0.014618748032310254,-0.0011324070465670538,0,1
-0.013955238815105494,-2.2186618721513462E-4,0,1
-0.015400699657735748,4.570282955869065E-4,0,1
-0.016939437599582545,4.140089308208102E-4,0,1
-0.014857897955679194,6.568654841395144E-4,0,1
-0.016185644540491553,-8.707344737970059E-4,0,1
-0.016153086742862064,4.411494634509686E-4,0,1
-0.015495921920774699,4.3165813859543625E-4,0,1
-0.015588002096130187,4.920004264865902E-4,0,1
-0.015073331332026624,2.1113897944304594E-4,0,1
-0.015130269898178061,-3.898654546084847E-4,0,1
-0.015851835032506374,5.949006809862257E-4,0,1
-0.015773967184920662,6.963759263422167E-4,0,1
-0.014213676870683643,9.715123843496169E-4,0,1
-0.015120839008018187,3.752555847550361E-4,0,1
-0.015212547189193888,3.618061711149156E-4,0,1
-0.015939810764494806,1.3819119945486757E-4,0,1
-0.015602366297230975,-5.209205807142732E-4,0,1
-0.014790404035672127,0.0010045685615747845,0,1
-0.015146211320875113,4.8556993139142626E-4,0,1
-0.014866195825313743,5.551655605864823E-4,0,1
-0.014015879195547868,0.0013778312653354619,0,1
-0.015891329859828697,5.883346063844173E-5,0,1
-0.014453379522580823,0.0013784307786045473,0,1
-0.015402518013932885,-2.252346753078827E-4,0,1
-0.01513674232785854,6.30602753863926E-4,0,1
-0.014983420714038723,-1.0619065618936017E-4,0,1
-0.01409651867414255,0.004398183678898461,0,1
-0.016743699354992026,8.179665151730265E-4,0,1
-0.015248706259892832,5.567197580309337E-4,0,1
-0.014567516720700717,6.228609063484442E-4,0,1
-0.01753192565727983,-6.335383932385895E-4,0,1
-0.017140325079073385,2.3384746894462556E-4,0,1
-0.012835094913983701,-4.035322356373613E-4,0,1
-0.017932167250331855,3.1876328370244403E-4,0,1
-0.015445951263269737,-2.7497289109130866E-4,0,1
-0.013420545196346279,-7.904638905673619E-4,0,1
-0.014724622731218946,0.0012077665010699218,0,1
-0.01524251193449027,0.001189813182965264,0,1
-0.015575002024675549,0.0010397935432215999,0,1
-0.015919589527459158,5.595023592854635E-4,0,1
-0.01466555720678977,0.001385531358774933,0,1
-0.015745943706759746,0.0021437443495197026,0,1
-0.015047290360973324,7.819698502265492E-4,0,1
-0.015086764626689746,0.002522606280172343,0,1
-0.01479812141945995,0.0010525197077556907,0,1
-0.01484054665678602,0.0017095092537093206,0,1
-0.015361781132132674,-0.0017078181724676743,0,1
-0.01563482093635252,-0.0014012312293702376,0,1
-0.015547112998804591,-0.0023248526363278156,0,1
-0.01534569603926297,-0.0017344634345927922,0,1
-0.012181446071937538,-0.004837185365639161,0,1
-0.01481836410406658,-0.0036067293011782186,0,1
-0.015442140884650414,-0.0018025328854503443,0,1
-0.013994576607357707,-0.0030191102051492086,0,1
-0.015445347142797198,-0.0021084339710981796,0,1
-0.01343153811508611,-0.003126573153331608,0,1
-0.014565931638465422,-0.004744163949983036,0,1
-0.015048884747722414,-0.0030070011252193362,0,1
-0.015564448398335153,-0.004003032087511746,0,1
-0.014464281344805057,-0.003561435689528874,0,1
-0.018685520073207534,-3.9794483205865896E-4,0,1
-0.01514969509400081,-0.0023650954528095054,0,1
-0.015138315945208623,-0.0025192966020291807,0,1
-0.014681531179329712,-0.003042850384715213,0,1
-0.012629706682973151,-0.005327032861903321,0,1
-0.015308237802880806,-0.002679573610835293,0,1
-0.015667399841694796,-0.0027360774626375576,0,1
-0.015911522520125277,-0.003748129092345525,0,1
-0.01593031905070875,-0.002533779156388377,0,1
-0.013754451047101077,-0.002955237922906691,0,1
-0.016785748947438995,-0.004356578067668099,0,1
-0.014614571080421815,-0.002035803625796928,0,1
-0.017742000538605487,-0.004181304519775734,0,1
-0.01584596539937431,-0.0031241496807601064,0,1
-0.015473520111260741,-0.001631805607759205,0,1
-0.015107576287516883,-0.001215734907904237,0,1
-0.016216119548889744,-0.0015195768586283344,0,1
-0.01662087047442228,-0.002026277607120813,0,1
-0.01593385320587297,-0.0035460618850550363,0,1
-0.015248065030256596,-0.0032881384805385993,0,1
-0.014997754456049117,-0.0034257310986719985,0,1
-0.015083960072718637,-0.005038821749611202,0,1
-0.014737476647392295,-0.0036261804369394236,0,1
-0.014696976693224756,-0.0038566318495433056,0,1
-0.014243449814391358,-0.004052601902156746,0,1
-0.0170426362060712,-9.078163139614887E-4,0,1
-0.016940695331193033,-0.0012240363795794035,0,1
-0.015559283461420905,-0.0022371535445194317,0,1
-0.014010952620523256,-7.587604594480537E-4,0,1
-0.015210551447818056,-0.0027858744831612704,0,1
-0.015655266988595026,-0.00253605527642817,0,1
-0.013533034526115274,-0.004364383261266391,0,1
-0.015276801663823504,-0.0030096986119473377,0,1
-0.015900895625858905,-0.0026248900090640776,0,1
-0.014848073164344677,-0.0035203972054085844,0,1
-0.01447966985172484,-0.004730695700555654,0,1
-0.014728027740998947,-0.004080458038414648,0,1
-0.014701884668917437,-0.0023343810967609412,0,1
-0.015138445928977125,-0.002292860177161125,0,1
-0.015218387191236702,-0.0028818513865553536,0,1
-0.015844405117647852,-0.0027428137061092923,0,1
-0.016804939909684652,-0.003255100495635199,0,1
-0.015736716006510762,-0.002376726950012015,0,1
-0.015245036554757466,-0.0032350759722083286,0,1
-0.01512294209384614,-0.0032760007058791367,0,1
-0.013967082446195616,-0.002920624611074409,0,1
-0.014523712408610258,-0.004089886691117044,0,1
-0.01382045454032714,-0.0031178275811121836,0,1
-0.016379991769343398,-0.0011420885410391914,0,1
-0.016649968497384406,-0.002903984538635915,0,1
-0.015495599084634522,-0.002540158711135076,0,1
-0.014942083354986885,-0.0018713135215977675,0,1
-0.015309185713501225,-0.0024230004889744952,0,1
-0.01577653969113897,-0.0033158320807649844,0,1
-0.016357823932766465,-0.00496732997808927,0,1
-0.015037693444104702,-0.003125590964404432,0,1
-0.014037758601948771,-0.004717248152872055,0,1
-0.014449751078580918,-0.004091066655938489,0,1
-0.011747743942031786,-0.0030042590211933184,0,1
-0.01714445717704633,-0.0022141227031728583,0,1
-0.015603711285682791,-2.638787755822199E-4,0,1
-0.015202610202020747,-0.0034072039040905695,0,1
-0.01579373574551323,-0.0028459771271809983,0,1
-0.01756797686651391,-0.0050148661761361514,0,1
-0.01568656945230928,-0.0040632094814177944,0,1
-0.015055178465463016,-0.004300902233783917,0,1
-0.014758035731232896,-0.00308116275935212,0,1
-0.015153949463137507,-0.003914372791267947,0,1
-0.016572055066476004,-0.0018991378329166217,0,1
-0.01440070395284605,-0.004837735285574162,0,1
-0.018794052916597307,-4.011166808137982E-4,0,1
-0.01564170680322621,-0.0036072092810163206,0,1
-0.017297631333649838,-0.0022497763515819543,0,1
-0.015121733398751684,-0.003569737954921267,0,1
-0.016208919686237,-0.0026651955104272534,0,1
-0.01492134654927125,-0.004248826693578406,0,1
-0.014920933616102569,-0.002787111789248784,0,1
-0.015360513165109474,-0.004045455691982821,0,1
-0.014802163875791047,-0.0032240464929187826,0,1
-0.016253306224432672,-0.002389507810700197,0,1
-0.015292337626617875,-0.002675378353907755,0,1
-0.016641712109641216,-0.0017313422117923153,0,1
-0.01627541370086994,-0.0011787802387523106,0,1
-0.015762345057099482,-0.0028411975510802038,0,1
-0.015331431912487715,-0.003374240946957208,0,1
-0.015490237336720334,-0.0035502425015452783,0,1
-0.015540915553991102,-0.003469716057507701,0,1
-0.014431475331566763,-0.003343486762254646,0,1
-0.014973075052833658,-0.0034071501473947603,0,1
-0.016881900384540488,-0.004637613304525025,0,1
-0.015154185252500254,-0.002837083411875326,0,1
-0.014496034054440195,-0.004858162171665146,0,1
-0.016246832996785438,-0.0026958590320991594,0,1
-0.016218764337341866,-0.002988515718946529,0,1
-0.015481795452909132,-0.0029742956640126696,0,1
-0.015842591257256834,-0.00119558428523343,0,1
-0.013714584439416562,-0.0061072795539788656,0,1
-0.014199637276009888,-7.94674678525312E-4,0,1
-0.01494219646870876,-0.0026893379058760066,0,1
-0.015325131887283084,-0.001352774317677524,0,1
-0.016543918359237072,2.3510311813758794E-4,0,1
-0.016222311988253295,-0.002532671121927066,0,1
-0.015966885774485944,-0.0036751223725755362,0,1
-0.015714775552505545,-0.0031724353940964225,0,1
-0.016926319939847882,-0.0031528862476689315,0,1
-0.016924845039873994,-0.0042938994170513434,0,1
-0.015095149812112229,-0.0033712731346909426,0,1
-0.01624815529721878,-0.0017050401694681248,0,1
-0.016290124836034595,-0.0026746517960945606,0,1
-0.016731745109941448,-0.004070803618320906,0,1
-0.015554701399880485,-0.00329743315044437,0,1
-0.015719092927809666,-0.003528868514745004,0,1
-0.015288920656804435,-0.0033302037628506202,0,1
-0.014383280750099975,-0.005703897110495468,0,1
-0.014621094695401267,-0.0064804426243818105,0,1
-0.016132360323342917,-0.002048331667356546,0,1
-0.015049081135837384,-0.00171839063563509,0,1
-0.01599144712393039,-0.003510346397406456,0,1
-0.016245799511106943,-0.003644853574387237,0,1
-0.01533372606390299,-0.0017751097174694057,0,1
-0.01581174886304419,-0.0036297472449816053,0,1
-0.017182197792579183,-0.00272008352763513,0,1
-0.015668562675423246,-0.0022136480368513517,0,1
-0.017492375479298036,-4.8331559726660255E-4,0,1
-0.015828350369972165,-0.0028176460476610193,0,1
-0.01540961361573406,-0.0019948708605728198,0,1
-0.01624397740717357,-0.0026360108289655744,0,1
-0.014812490921724002,-0.0025361141119229135,0,1
-0.016242406530314,-0.002994784907256694,0,1
-0.015293030137648333,-0.004574088300481143,0,1
-0.015571051666822731,-0.0011376009021623324,0,1
-0.012995305526272127,-0.0033423273611005574,0,1
-0.017979128445011185,-0.0033187205229492796,0,1
-0.01672876549174875,-0.0011003514574170746,0,1
-0.016467508102604164,-0.003482708212913051,0,1
-0.016718270128771542,-0.002592141865919421,0,1
-0.014546358076086811,-0.0026798388449448436,0,1
-0.01673655482580461,-0.002521547248729656,0,1
-0.016391161080699955,-0.002565549480835107,0,1
-0.017518108569118625,-0.0021763455937815115,0,1
-0.015385400511476164,-0.00372775320565608,0,1
-0.016329840865512295,-0.004030603449957002,0,1
-0.01611067988817043,-0.00446224267375857,0,1
-0.016128820599957898,-0.0037348479160597657,0,1
-0.01678429775926486,-0.004163053166199654,0,1
-0.01971531740535167,-0.0053902867329599325,0,1
-0.015992911171023593,-0.003723546058112897,0,1
-0.015173126741225581,-0.003669793474547867,0,1
-0.012790487590606454,-0.005024878112128552,0,1
-0.015442235073984045,-0.00332228365793845,0,1
-0.01607730580585823,-0.003227613700430275,0,1
-0.015789547172206892,-0.0035666851052855207,0,1
-0.01477102843749857,-0.003951814117731323,0,1
-0.016437432982253017,-0.0037294696138398093,0,1
-0.015717640139568504,-0.0040922095890361925,0,1
-0.016878748600540634,-0.003059225348322159,0,1
-0.016879635844115982,-0.002711153286125522,0,1
-0.01618008603515102,-0.002632723916985732,0,1
-0.016542941358019075,-0.004894647727822353,0,1
-0.01635020681219714,-0.003647784194747793,0,1
-0.015436484792627336,-0.004518128636844831,0,1
-0.016833536346338544,-0.0030434290817178368,0,1
-0.014709830179010558,-0.0018002378053932084,0,1
-0.017512355252470944,-0.004258140829323531,0,1
-0.018197562233092462,-0.0033650971155400142,0,1
-0.016885197205821805,-0.0030073493733436514,0,1
-0.018144099659983464,-0.0033128501103328275,0,1
-0.016696161570676243,-0.0035633878014583713,0,1
-0.01714831909166485,-0.00612948188904409,0,1
-0.017450071374379948,-0.002586991525793238,0,1
-0.01461126454848883,-0.0014328171398890666,0,1
-0.017095754479155578,-0.0036242965766069783,0,1
-0.01584000987652285,-0.003716051214722062,0,1
-0.01696783743246485,-0.003361529359661493,0,1
-0.016146299235004286,-0.002593550218120385,0,1
-0.016864727791681907,-0.0033850064638322416,0,1
-0.017431881453384975,-0.0036117687308370515,0,1
-0.01761930583709826,-0.0021228028946633204,0,1
-0.01668276363565167,-0.0038951527637767587,0,1
-0.01799906474018601,-0.0026011049127400362,0,1
-0.01714980104292628,-0.003453904608355356,0,1
-0.015131585908468399,-0.004808179076088378,0,1
-0.018907024819764542,-0.00324003831769765,0,1
-0.01477115569420764,-0.005961736689030699,0,1
-0.016753651404986213,-0.003913696314185938,0,1
-0.02053026739810329,-0.003136559094875783,0,1
-0.017553154021921744,-0.0033079047307104973,0,1
-0.01505859314131659,0.004132579641567408,0,1
-0.01433085954688749,0.004920178527895824,0,1
-0.015147666836510436,0.005698970070419966,0,1
-0.015314007419092165,0.0018901894446013948,0,1
-0.015019013062853059,0.006398630273578734,0,1
-0.015919555203093544,0.006054277059129232,0,1
-0.018031221470806436,0.0036089066409906627,0,1
-0.01619403351434931,0.006029254800650482,0,1
-0.015399272579543835,0.005146244832590749,0,1
-0.016809396418845088,0.005473344836191887,0,1
-0.016009095684656086,0.006533133092976345,0,1
-0.017221310128741268,0.008816191719711774,0,1
-0.017042763144402128,0.005841624905409858,0,1
-0.014935290964559018,0.0067026385806007215,0,1
-0.016303167190501833,0.007593495475095937,0,1
-0.01283581424273637,0.002563339454088711,0,1
-0.015874290355635503,0.004330260547595817,0,1
-0.01542787174607873,0.004886515588410387,0,1
-0.013909076144155614,0.007502527300897181,0,1
-0.015338447814091626,0.006182087700895918,0,1
-0.015474002732337778,0.004841869260809024,0,1
-0.01764601008305873,0.00526225377747587,0,1
-0.011950852337109841,0.005245857143122547,0,1
-0.015587550795909545,0.005695961852364233,0,1
-0.01577375001527129,0.006071101519386421,0,1
-0.01562232039660336,0.005675844687174637,0,1
-0.016175676646156167,0.0062773464917864445,0,1
-0.016199129754088094,0.0073955680729078975,0,1
-0.01591076698527714,0.005420271562739561,0,1
-0.01481991283678443,0.004768550553791218,0,1
-0.01490342625044939,0.004964298484322316,0,1
-0.014506031470195581,0.006904799851228396,0,1
-0.016895386956001544,0.005933104203688067,0,1
-0.014894195538116294,0.006457548037513423,0,1
-0.014413548250198988,0.006317418920550823,0,1
-0.014813378887841696,0.006058308610902044,0,1
-0.018672759609630784,0.00520469906157553,0,1
-0.01597737546854387,0.006505919872563615,0,1
-0.018792281390055336,0.005831881195276676,0,1
-0.018710808472337356,0.00781231276988507,0,1
-0.015593053556835794,0.00707508137535676,0,1
-0.015387848987699725,0.005351203747488183,0,1
-0.015153864180854041,0.004778618712713187,0,1
-0.015114000598282709,0.005458659377395693,0,1
-0.014963822523955735,0.0046380012340406325,0,1
-0.015552396006695713,0.005222400674714152,0,1
-0.015444713769842638,0.006138636154187513,0,1
-0.01532376401860664,0.0049368181719288,0,1
-0.015052429029645114,0.006201607560750062,0,1
-0.017095523666117548,0.006410422980211653,0,1
-0.014849827081069343,0.005804560189066008,0,1
-0.01584534371888237,0.006470444633324247,0,1
-0.013744155912215441,0.009073650349852792,0,1
-0.017105993269223376,0.006005064556415851,0,1
-0.014143193507179264,0.005569067246237436,0,1
-0.014421974272579746,0.005964632517770681,0,1
-0.015395916556402593,0.005362640710527468,0,1
-0.012669869410885735,0.0043240342748256935,0,1
-0.01471158584966672,0.00562956432368432,0,1
-0.014923345150044906,0.007066788992999247,0,1
-0.015611619302866864,0.006349975912053541,0,1
-0.016331652924727432,0.005553855923035556,0,1
-0.01588665275112743,0.004363006180916257,0,1
-0.01579073928605519,0.006853905608554102,0,1
-0.015592624635202522,0.007003781390725133,0,1
-0.01637946719948061,0.006587959502449319,0,1
-0.014031288244325287,0.005068915708158612,0,1
-0.015682632986409418,0.002294557669309885,0,1
-0.014791644398676107,0.0054136625650293,0,1
-0.014960920078439471,0.005965848233815575,0,1
-0.017270607705344984,0.004695579798626113,0,1
-0.015180547882934641,0.006190617983890092,0,1
-0.016661426369124235,0.005719767902240448,0,1
-0.016357553431937198,0.007263425076083338,0,1
-0.015171287356982286,0.006916676312234277,0,1
-0.013929831261393265,0.00741601517440927,0,1
-0.015163468080401154,0.00764956905879308,0,1
-0.013248994018635689,0.0033244913940068737,0,1
-0.014973028463097856,0.005170804662337776,0,1
-0.014784880805652541,0.005728566150028838,0,1
-0.013964574104498112,0.005057537960698528,0,1
-0.014462961168285217,0.005152971725996461,0,1
-0.01755619681738613,0.003951028686464195,0,1
-0.01447764873744789,0.0061276686282629765,0,1
-0.015926683433562926,0.006291322148264905,0,1
-0.014972777048038313,0.006137153458542022,0,1
-0.01522146415881262,0.006542954206626492,0,1
-0.015471735505072907,0.008562804881034293,0,1
-0.014592820719267045,0.006094959461300715,0,1
-0.015170034688526355,0.005647019135803496,0,1
-0.014911261371636845,0.005497389250209647,0,1
-0.014981716165999618,0.005604240252287187,0,1
-0.016456277777749936,0.0053838445019193755,0,1
-0.014154292400233573,0.007283599655045459,0,1
-0.014516482377082019,0.005994518611772779,0,1
-0.014657818339185029,0.007344287414427193,0,1
-0.015891380894124223,0.006304775900948835,0,1
-0.015502168881166485,0.006679862653562253,0,1
-0.01546463200578439,0.006943184075235096,0,1
-0.015207891057146065,0.00660923801808965,0,1
-0.014450899283676317,0.00479406903216397,0,1
-0.016185022091475446,0.0061722563596497415,0,1
-0.014102092812702995,0.005386600055480395,0,1
-0.015587390997119286,0.0059495029017079416,0,1
-0.016309544550865272,0.0060331686017664424,0,1
-0.015308659437981199,0.007215490769986311,0,1
-0.013881698982272145,0.005164136336995953,0,1
-0.016147177457735855,0.007344657365590417,0,1
-0.015634995306312023,0.006941956614723508,0,1
-0.014129804020967918,0.006401820518192264,0,1
-0.014418766730047926,0.004503977470970629,0,1
-0.014225428865868502,0.005311819779904052,0,1
-0.014518307751909192,0.0066268435952245046,0,1
-0.013641232655580857,0.006574234432696647,0,1
-0.015405129980614158,0.005928806766975005,0,1
-0.016239459605623046,0.0063098212490061405,0,1
-0.01471029400803553,0.005686056174434249,0,1
-0.014200075002539983,0.008175568053055613,0,1
-0.015137660689495317,0.005796765340939043,0,1
-0.014374848590086345,0.00623996091264499,0,1
-0.017893372820038052,0.007005939512248975,0,1
-0.017245489551839358,0.006222674737349029,0,1
-0.016240444648764223,0.005680879889208824,0,1
-0.013285215611132307,0.004975815360008324,0,1
-0.01435668051713984,0.005955789500970644,0,1
-0.014304984325250977,0.008471797026235307,0,1
-0.015484303258510223,0.0058680009363950725,0,1
-0.01465805339348268,0.007449032261519099,0,1
-0.014113563158811265,0.0044203734111912816,0,1
-0.015402365026397085,0.004136503757447395,0,1
-0.014799900785639343,0.006020038044979873,0,1
-0.015902297138127738,0.006371563684680748,0,1
-0.015499991937797988,0.007158159120731556,0,1
-0.015156790988113693,0.004950692238113417,0,1
-0.014427714889629299,0.007771739590975986,0,1
-0.015065407697826794,0.006715298105466168,0,1
-0.015361348936993308,0.009274744526428229,0,1
-0.013092092911844648,0.004812675213094294,0,1
-0.013718371236382134,0.005991050266304611,0,1
-0.014440153744455843,0.005965713365239824,0,1
-0.01561596083077529,0.00967214732086389,0,1
-0.014354294985777085,0.006422359101748895,0,1
-0.014938006790648111,0.006805086129241455,0,1
-0.01705373827152622,0.005862672117373984,0,1
-0.015470836429982902,0.007124768485408288,0,1
-0.013471387468501973,0.0060621923824727775,0,1
-0.01423293490294611,0.005977426758761358,0,1
-0.014597081268545802,0.006143043806793245,0,1
-0.014698445391591118,0.0060560952560712086,0,1
-0.013353881817585287,0.006339100868571631,0,1
-0.016445588480384587,0.0064362316031187855,0,1
-0.014984431778735935,0.005659236738997473,0,1
-0.015074543940349112,0.006805517345332348,0,1
-0.013696719520539222,0.005186812492532443,0,1
-0.013654113573071381,0.00598231102487422,0,1
-0.014909152436109286,0.006826143994456965,0,1
-0.014733215316341584,0.007233123952207411,0,1
-0.014170965778026118,0.005289949988467941,0,1
-0.014525018319402646,0.006580676679781891,0,1
-0.014753168253785084,0.006859873692145104,0,1
-0.013893005409578019,0.00659485886697984,0,1
-0.014221579104526021,0.008367915676214076,0,1
-0.013694643731854604,0.005614355005458834,0,1
-0.014982812752256613,0.006613321091278299,0,1
-0.015299704956894443,0.006777160206216527,0,1
-0.01301304882427608,0.008927411568813687,0,1
-0.015381987933159673,0.006649637793657584,0,1
-0.014906748277346527,0.005943373988676717,0,1
-0.013855040070323992,0.005834955689371324,0,1
-0.013229162895019414,0.006091708756167864,0,1
-0.013953896784417011,0.005755655129868244,0,1
-0.01457478440249228,0.007824768743174863,0,1
-0.01362769636415711,0.008023603901485349,0,1
-0.014325940104285107,0.006423614807090283,0,1
-0.014034082128081835,0.006283072496088057,0,1
-0.014092868218178267,0.006114492237219262,0,1
-0.014984136569033333,0.005684335008845227,0,1
-0.014561083428492912,0.007111864154921351,0,1
-0.013515515742090242,0.00802305175001689,0,1
-0.013724182822620314,0.00613183592045147,0,1
-0.014491026935800221,0.0058861641910659184,0,1
-0.013882746739049056,0.006371198810890017,0,1
-0.013870884592703985,0.007688896917930012,0,1
-0.014003632130381305,0.006239551651194528,0,1
-0.015342925720585638,0.005714970230252513,0,1
-0.01427732688071425,0.0056037825418662765,0,1
-0.014330756633283835,0.0035578211364473452,0,1
-0.013033887670969715,0.008648232998971135,0,1
-0.01323685214447987,0.00584325449885958,0,1
-0.013992537732802702,0.006900650306917249,0,1
-0.01387613718990003,0.005296620033837421,0,1
-0.013294586354897622,0.007582379748169035,0,1
-0.013496373317474566,0.006268795493555849,0,1
-0.013949112132455817,0.006791141938281339,0,1
-0.01480334803441842,0.006708023196450678,0,1
-0.013134269044484831,0.007300356874057979,0,1
-0.014546099864454183,0.009116677011605368,0,1
-0.012995359367548167,0.0061157113273357915,0,1
-0.012357956732076287,0.006779185785773091,0,1
-0.013718865985825028,0.006523202627768771,0,1
-0.013847289815266225,0.006171230449009875,0,1
-0.013370247097565187,0.0072396640662260306,0,1
-0.01364670982277163,0.0061435665805519325,0,1
-0.013933301542098256,0.005749258600758468,0,1
-0.014766251257792528,0.008045210994098861,0,1
-0.013305404640172191,0.007256001465771247,0,1
-0.011636323114765515,0.007001156933134185,0,1
-0.01392363198248168,0.006917315446836655,0,1
-0.013341318085018958,0.006063048331754204,0,1
-0.013526452081977015,0.006635513205723381,0,1
-0.013133039119990335,0.006844506140872947,0,1
-0.014725009081516976,0.007069839583844526,0,1
-0.013393760830842162,0.0062342990457699326,0,1
-0.012050592988922259,0.005187709830454303,0,1
-0.015149138644027357,0.004034225221153679,0,1
-0.015395947039286897,0.004566832047759897,0,1
-0.015175817378486093,0.004235165862543302,0,1
-0.014203038592697732,0.0030582332273652673,0,1
-0.014813976950417612,0.003304181650708243,0,1
-0.0149615181997759,0.0022101307035700185,0,1
-0.014976821263821776,0.004022667579539374,0,1
-0.014338335524443665,0.0015256410261785679,0,1
-0.014972162919407875,0.002256903280823694,0,1
-0.013893397902114229,0.003145636050127211,0,1
-0.014688559245759111,0.0024408120169839556,0,1
-0.015026454876069519,9.963919795270186E-4,0,1
-0.01574108396105162,0.0031974033164712257,0,1
-0.014258192820417681,0.0032564045985790636,0,1
-0.01501457060948238,0.004014276068625004,0,1
-0.014706284175481974,0.00454703373336136,0,1
-0.015883899123787588,0.0047252628115689995,0,1
-0.01537290118075516,0.003746515095094193,0,1
-0.015888399267014148,0.005460701743109523,0,1
-0.014882589278132251,0.003556476519198676,0,1
-0.014672124917905406,0.0038041983980778168,0,1
-0.01360939744525253,0.002398580789128825,0,1
-0.015806963036918094,0.0021934911310057103,0,1
-0.015543887105581033,0.0018869438026798816,0,1
-0.01699220100354915,0.001659183747682626,0,1
-0.014531769113347217,5.618591396114789E-4,0,1
-0.01493421843209313,0.0016548460637369946,0,1
-0.015623939137063293,0.0059520634656041425,0,1
-0.01514121312625604,0.005041599274736109,0,1
-0.015548180255094843,0.00289424336712874,0,1
-0.013711727574481513,0.00427802594687659,0,1
-0.016226429627300695,0.00316558209558224,0,1
-0.0170361476274765,0.003386680989959381,0,1
-0.017572266614300953,0.003974714336866768,0,1
-0.015057119715934321,0.0029519401657628363,0,1
-0.015129566577115488,0.002728846871820742,0,1
-0.015589804233225592,0.0034288014612138987,0,1
-0.014712180739781462,0.0019826948856570075,0,1
-0.014748745421852253,0.0023541828677907245,0,1
-0.016199695820488188,0.0028075935530133584,0,1
-0.014733970279644444,0.004441127970245112,0,1
-0.016545664934194997,0.004059648228882366,0,1
-0.014688359584929625,0.0037688430784166512,0,1
-0.014800574216688457,0.005795548183272066,0,1
-0.013147020029833277,0.001839962351624855,0,1
-0.014723452061979694,0.0034207927481723775,0,1
-0.01656361400708848,0.003963942030716455,0,1
-0.015417087330885046,0.004380632916037029,0,1
-0.016106607347257454,0.002960742455279383,0,1
-0.01567129811697215,0.002472136506406302,0,1
-0.015064238680623641,0.0022692883505650236,0,1
-0.015269190294060393,0.002166861554288405,0,1
-0.015045438474669267,0.0018308878901345906,0,1
-0.016618276788435166,0.005464900731008283,0,1
-0.01536620466344174,0.00390800012729168,0,1
-0.015303314261136122,0.0038540489741812323,0,1
-0.01496632942061245,0.0030660550240736726,0,1
-0.015768317475290856,0.006599670017018062,0,1
-0.014919394264983999,0.00372771683656204,0,1
-0.015785467418144697,0.003109350815141389,0,1
-0.015083074848274357,0.0026922321228835234,0,1
-0.015640177041322707,0.0039510887906680945,0,1
-0.018315781133025157,0.0027132360682852338,0,1
-0.014946728148551445,0.0023190449083823673,0,1
-0.015088436133794842,6.254650851187527E-4,0,1
-0.015957430025511313,0.001259321354688206,0,1
-0.014512670269405446,0.004378929530098293,0,1
-0.014247546919912236,0.006772577219639916,0,1
-0.013408790910463023,0.002212308392607565,0,1
-0.015260924615560657,0.003156847736440004,0,1
-0.016045366269674885,0.0027308344766285597,0,1
-0.015389085113362552,0.0029663747672855345,0,1
-0.01576037480687973,0.002376197589671959,0,1
-0.015570936898880863,0.0017799087819892142,0,1
-0.015370743050044374,0.001982923282522563,0,1
-0.01523850743487808,0.001972266077234859,0,1
-0.015630907466265945,0.002906513064472698,0,1
-0.01551867796789835,0.004050953862326726,0,1
-0.016155272247752057,0.0026588831880505655,0,1
-0.01512210177795584,0.004425577671611005,0,1
-0.014883093061150697,0.003957180936837924,0,1
-0.015346866079874915,0.003238582996289931,0,1
-0.014699509037884757,0.005227372317957784,0,1
-0.015056726641886183,0.0029259809915261953,0,1
-0.015324013568860548,0.002636450503133433,0,1
-0.015312881033767763,0.001994272006263264,0,1
-0.015763830985210975,0.0016894795803045406,0,1
-0.01401217728655088,0.002336730254681768,0,1
-0.01613156881324003,0.0023649098863592313,0,1
-0.015287806539006348,0.0027514118818846287,0,1
-0.013807927880703291,0.0017200039701076957,0,1
-0.015133698197323537,4.8591917586193734E-4,0,1
-0.015501289850871281,0.0030488706600878537,0,1
-0.015139250098655304,0.004817276580220261,0,1
-0.015114780905623178,0.002016485330183706,0,1
-0.015916256729522727,0.0020983073625290612,0,1
-0.01639249674692161,0.0013026114322860242,0,1
-0.017252014747697025,3.1170113357013163E-4,0,1
-0.015443496800857168,0.005326103163576555,0,1
-0.016837929134318735,0.006834563267461573,0,1
-0.015785002275267333,0.0038463261293937173,0,1
-0.012229295378480333,0.0048355285285846695,0,1
-0.016828679669754657,0.00627357373640273,0,1
-0.015536424207434438,0.003369119409348521,0,1
-0.017996669546383792,0.0011593155473904654,0,1
-0.015652489080662087,0.002743208252009107,0,1
-0.016796361931869425,0.004066031476233782,0,1
-0.016645472653250618,0.0016753407364704861,0,1
-0.016815570935521346,0.005373811318267987,0,1
-0.01499758648930999,0.0029762667738000405,0,1
-0.015274097645375191,0.005370200475362601,0,1
-0.015573104947565683,0.003385325824068764,0,1
-0.015910414227521673,0.0038920667095180867,0,1
-0.013135334775729169,0.0012917848681293959,0,1
-0.01637330852549675,0.0031161628240296006,0,1
-0.01575313034227997,0.0035035961254541305,0,1
-0.014707378427546814,0.0027953911913145757,0,1
-0.015452514039014742,7.140221006818848E-4,0,1
-0.015082825227185556,0.004326434902060702,0,1
-0.015750458235096312,0.003946288565450487,0,1
-0.016528552508426303,0.003941689132394719,0,1
-0.017069203740692346,0.003052820518979151,0,1
-0.015946352032154127,0.0032798214683057735,0,1
-0.014539882559484225,0.003961206642869601,0,1
-0.01566342963660909,0.0025441618312220353,0,1
-0.01439996108470377,0.0031713313482722764,0,1
-0.016433985652497176,-8.708992790539195E-4,0,1
-0.01607444954538694,0.00420674076497115,0,1
-0.015937968219129642,0.00407999578452047,0,1
-0.01613875588723076,0.003193911145469475,0,1
-0.01479553564944484,0.0030280061325552274,0,1
-0.015165111905692592,0.0034007812182101148,0,1
-0.015651789526129674,0.0032164189703015275,0,1
-0.016677306681225287,0.002165581720450423,0,1
-0.015067468903698894,0.0028484068640437865,0,1
-0.015495054133065744,0.002601816897695193,0,1
-0.016648777907043572,0.003552381589434714,0,1
-0.01518100162436064,0.0029704341315250466,0,1
-0.014984900375009345,0.006735655189268164,0,1
-0.015430049716180769,0.002142828121327638,0,1
-0.016604113492082902,0.004721509046421231,0,1
-0.016309605816582053,0.00296735375220474,0,1
-0.015736799193221004,0.0026532440315019095,0,1
-0.016846819129243587,0.0033830692866723857,0,1
-0.014605031848340423,0.004678738142583977,0,1
-0.01684110938301417,0.0027439056967402784,0,1
-0.013573583783798587,0.004222804040210791,0,1
-0.017948500185476814,0.003730366405424621,0,1
-0.016667648981037408,0.002184468001599163,0,1
-0.013924727369384314,8.646888050281782E-4,0,1
-0.019195769976165598,0.0014591699564844229,0,1
-0.0164754719493959,0.002682403691966248,0,1
-0.0161502416715783,0.004455609244972803,0,1
-0.014538176200501454,0.0022332727157050036,0,1
-0.01619820169304994,0.0035388048832758275,0,1
-0.015802235131572324,0.003888203196029907,0,1
-0.017314574370055,0.0023373687491488977,0,1
-0.01585635475443022,0.0028437032923033707,0,1
-0.015983645858485624,0.0023916918737967624,0,1
-0.01634339609933949,0.003938709454440243,0,1
-0.015970183686624773,0.0043070085458030245,0,1
-0.01641271747087866,0.003313770082048679,0,1
-0.014389066183555373,0.0032978799466468114,0,1
-0.01663580980474832,0.0032812395920898555,0,1
-0.01639638284847212,0.0036005090925314022,0,1
-0.017519876835669107,0.0022561581435551047,0,1
-0.01578623920108487,0.004196295948954346,0,1
-0.016672820238701,0.003645625154708092,0,1
-0.01638204752604402,0.003305576079941005,0,1
-0.016460219191448567,0.0038132005766442693,0,1
-0.016509493829116546,0.003346386557141819,0,1
-0.016672674908657044,0.002085591102790808,0,1
-0.016515722965721014,0.0017987663115729695,0,1
-0.016370627415471257,0.003271017203278117,0,1
-0.017125596644386325,0.004018326182974514,0,1
-0.016502434517841565,0.004955118880538492,0,1
-0.016502087830887198,0.003134978441387407,0,1
-0.01654283800576844,0.0026884857794460277,0,1
-0.0158892728764129,0.00479811229177485,0,1
-0.01625586926292175,0.0034734479633871215,0,1
-0.017612881342331417,0.0024618199879883644,0,1
-0.016566475026953437,0.0035809059597308544,0,1
-0.018930080699120347,0.0024889245010629294,0,1
-0.018714718486443193,0.0017200576497548078,0,1
-0.016405238644609958,0.0037989035972221252,0,1
-0.017287678045702706,0.00402662132842713,0,1
-0.0173260458356356,0.0031020567716603196,0,1
-0.01597230123425342,0.003002045882474654,0,1
-0.015836724189630613,0.001965794189159729,0,1
-0.01738340082121784,0.0042308094288110824,0,1
-0.017461696693277268,0.0042818535370185255,0,1
-0.016627010557105096,0.0027178018483474675,0,1
-0.01723394578983339,0.0037013483813619305,0,1
-0.016945289892154856,0.002749688693350382,0,1
-0.017077355003210403,0.003093092535418499,0,1
-0.015804844452506135,0.0041300153253301455,0,1
-0.017025293557610927,0.0029393341941096668,0,1
-0.01559051263302557,0.003590863892084188,0,1
-0.016987915927864344,0.0038701404038678925,0,1
-0.01617130077343562,0.003376303922473586,0,1
-0.01525292948033518,0.0029748436705115517,0,1
-0.016325921853092826,0.004006652187583022,0,1
-0.01690816133710787,0.003387752910204461,0,1
-0.01882402064530795,0.0034482881545901596,0,1
-0.014913641116448795,9.923284104840383E-4,0,1
-0.017190799474960605,0.004183084233387323,0,1
-0.017782033812381085,0.0036684847378556378,0,1
-0.017186104034742813,0.0037532104479841865,0,1
-0.016136758086535172,0.003637495769193157,0,1
-0.01852685399214459,0.0038771815346737575,0,1
-0.018873373221509906,0.004170858968268606,0,1
-0.014292453807981793,0.0017628195860266932,0,1
0.007099082232507335,-0.013648113009782295,0,1
0.00762985597494069,-0.013739521809617728,0,1
0.00872507360073209,-0.013556275104938136,0,1
0.008471591675144092,-0.013682628164879656,0,1
0.007796265261622978,-0.013067005776128618,0,1
0.00763340053530856,-0.013937492055363135,0,1
0.006132329706128368,-0.012926702543920369,0,1
0.007923989591000574,-0.01256503491534555,0,1
0.008975962300813127,-0.012615607890991507,0,1
0.008823164460884677,-0.011718355539854678,0,1
0.008418963345861303,-0.012406234296639746,0,1
0.007531968042137614,-0.00962132470270108,0,1
0.009146465726231985,-0.012317993583840163,0,1
0.009726319273133803,-0.010685415758695657,0,1
0.007865484453179647,-0.010658358516887281,0,1
0.007700128105356129,-0.013874532456587561,0,1
0.007556702982594347,-0.01272641269758934,0,1
0.009589779509701756,-0.012268734544093819,0,1
0.007539087852383289,-0.011986460132394263,0,1
0.007591954244103147,-0.012997281337044985,0,1
0.007240483849655803,-0.012813862188131964,0,1
0.00929986653272066,-0.012147039906781575,0,1
0.0066867554309658515,-0.012617467784189458,0,1
0.005839576104628588,-0.009970439230375286,0,1
0.007788358032142772,-0.012383571097689726,0,1
0.007362671099479874,-0.012779316337760525,0,1
0.009782337875587611,-0.011121317419089491,0,1
0.009048702227669521,-0.01253035600107056,0,1
0.008224401508845968,-0.01587729123563404,0,1
0.008818877622894251,-0.013099254542668502,0,1
0.006669746863342639,-0.01311061962371121,0,1
0.007931410884129015,-0.014072001971665337,0,1
0.008240171878407468,-0.013246881613167828,0,1
0.008196863875219377,-0.012201349635981585,0,1
0.007620187923089656,-0.012482252187533528,0,1
0.008691695918381879,-0.011742418016074185,0,1
0.00817802103336174,-0.01442797120948244,0,1
0.00905139966334227,-0.011463715174388968,0,1
0.008582718318538374,-0.013041637421359298,0,1
0.009902957181999628,-0.01275723123466129,0,1
0.009869093654954121,-0.01155811662298992,0,1
0.007704105463509656,-0.01371853838661459,0,1
0.008035036382737833,-0.014118837075848144,0,1
0.007881360081155548,-0.013413632512417393,0,1
0.00800458307893728,-0.0141069351328571,0,1
0.006098698552432864,-0.011363329527562738,0,1
0.007340053587272566,-0.012449914347132045,0,1
0.007547208543195785,-0.013537081355486725,0,1
0.009002360336197548,-0.01392465408448828,0,1
0.008639924917212338,-0.013842253404286606,0,1
0.008401351707806832,-0.012085630214875744,0,1
0.0092663473575268,-0.012152675472952247,0,1
0.009519081946789406,-0.01171746561352806,0,1
0.005849070338556388,-0.009212200767908066,0,1
0.008432618627305212,-0.013912814558494664,0,1
0.007792027289100519,-0.013647084388504118,0,1
0.008870091824888347,-0.01414264662519427,0,1
0.010114193490015817,-0.015750046703837447,0,1
0.008854614182154942,-0.012638525660440696,0,1
0.008136775657347557,-0.011403651849640971,0,1
0.00852901034921663,-0.012822284168159014,0,1
0.008307840726809774,-0.015174046751125724,0,1
0.008274535297655318,-0.01035855743176684,0,1
0.007837247125105794,-0.012396571756382873,0,1
0.010505206303136883,-0.011986691943933144,0,1
0.009046941664485308,-0.01171327790961424,0,1
0.007551704472541914,-0.013194878610203265,0,1
0.007316525117090825,-0.013103434358099594,0,1
0.0077630899598076135,-0.011845291131308458,0,1
0.007833160195626637,-0.012803778051980425,0,1
0.009824751134428088,-0.01275978752853422,0,1
0.008058161667022374,-0.013375865155923235,0,1
0.008671286946361843,-0.012911783616391703,0,1
0.008370728842305364,-0.012630483404294717,0,1
0.009596201866469587,-0.013108770903602775,0,1
0.008037742014804372,-0.012677968506429164,0,1
0.009528692175939402,-0.012685509156192161,0,1
0.008917431656122557,-0.01208265039591927,0,1
0.007740535015673473,-0.014266962453430973,0,1
0.011704081465103416,-0.014018651868214703,0,1
0.009384480011798913,-0.012859038435274752,0,1
0.00826441061845688,-0.013227252564998154,0,1
0.008825075237166708,-0.01468476835253926,0,1
0.007870959851508492,-0.012843464260190044,0,1
0.008306641731194718,-0.013088128984534077,0,1
0.009479726567213482,-0.009737084524053818,0,1
0.006585227465007951,-0.011373094098209807,0,1
0.010295831822416439,-0.014144389076602738,0,1
0.00910100374425567,-0.011469366121345876,0,1
0.008206774916210014,-0.013339295560140497,0,1
0.009111377634824527,-0.01270882588434131,0,1
0.007903080975993402,-0.014935587519162965,0,1
0.008027572084188384,-0.013067205642978533,0,1
0.008033278517208371,-0.01245962120970517,0,1
0.008670744059905528,-0.012668805134226014,0,1
0.009961797517928897,-0.013224894629738129,0,1
0.006507247051834132,-0.015433588710544366,0,1
0.009332958584245118,-0.011255430293087761,0,1
0.007552181877848553,-0.010959618629092534,0,1
0.009362382132771605,-0.01204764926338355,0,1
0.00772245195032182,-0.01366508651648093,0,1
0.009633339055873638,-0.015318094877899532,0,1
0.008407754734700049,-0.013535794095012559,0,1
0.008188581985162598,-0.014523125706803175,0,1
0.007276540582531462,-0.01428101135064303,0,1
0.009818516356446245,-0.01262123455004446,0,1
0.00991147438455124,-0.013859287686338324,0,1
0.009581970704659947,-0.012102018608126148,0,1
0.008568465702603976,-0.01215180721492819,0,1
0.007221472549080869,-0.016042720205668767,0,1
0.007841395957843441,-0.0138246608629281,0,1
0.008185952562374005,-0.014032012831308371,0,1
0.00832545698015913,-0.013650104100583333,0,1
0.009021037071613685,-0.011981773351099661,0,1
0.009639999614651883,-0.013182627396894478,0,1
0.008054107672495403,-0.013738344449611976,0,1
0.008569410809778882,-0.011960166516319665,0,1
0.0076843770152788884,-0.011776166262140644,0,1
0.008993575217222518,-0.011990758079934863,0,1
0.007751481154442418,-0.012300692669610763,0,1
0.007032340850510236,-0.012300032797747988,0,1
0.008039945590697673,-0.015370081148022456,0,1
0.008497961656807305,-0.014017049321709125,0,1
0.008968652211805714,-0.015354999184342358,0,1
0.0073974326442860505,-0.014486325195669756,0,1
0.007126896623014692,-0.013330796131806778,0,1
0.009319992119133917,-0.013433538486198649,0,1
0.008344414428576362,-0.01313249151001023,0,1
0.009882242088851422,-0.012630535259631311,0,1
0.008244790819110096,-0.013278377720770208,0,1
0.008370361034504404,-0.012175530270148756,0,1
0.0076020202233725775,-0.012594351009674652,0,1
0.008037927622759409,-0.013634961092171577,0,1
0.008188856773375552,-0.013653521177363726,0,1
0.008617716707025455,-0.013266992111134178,0,1
0.01163109101564053,-0.013467683445138724,0,1
0.008932091878119677,-0.013081118555797336,0,1
0.011585951855687003,-0.01150907186752957,0,1
0.008609625607616368,-0.013168642961765979,0,1
0.00828136970486918,-0.013783055766278356,0,1
0.007703215266502895,-0.014205950116176761,0,1
0.008624506072495899,-0.012611648564414634,0,1
0.008676212504935036,-0.012679743669670106,0,1
0.009154750312142608,-0.013214051404613975,0,1
0.009694520457896942,-0.014216375150739266,0,1
0.008782592147163398,-0.013282257279327206,0,1
0.008982596511140492,-0.014346252218850714,0,1
0.005546598229530671,-0.012509791853839486,0,1
0.009467692001188492,-0.01443724194630826,0,1
0.011005719214977493,-0.012366455080370516,0,1
0.009861250672620048,-0.013935985452490552,0,1
0.009001601881681786,-0.013706259419995336,0,1
0.008578527441287917,-0.01316826522807645,0,1
0.010950931594647571,-0.015796667157654775,0,1
0.009238654385597879,-0.012919819771819805,0,1
0.009262986477275232,-0.01298170028014646,0,1
0.008676138039507625,-0.013422204892658206,0,1
0.00915901933135291,-0.013491452898589043,0,1
0.009694463066609501,-0.012388377295514397,0,1
0.009127360334406878,-0.013707919133018607,0,1
0.00898229507670426,-0.013337982007804285,0,1
0.008945295344452913,-0.014240691280610585,0,1
0.00928093297674778,-0.013251560825245895,0,1
0.010009025927620586,-0.012260627027387318,0,1
0.008502111367931811,-0.014006709662087932,0,1
0.00927051542061517,-0.014008630200500737,0,1
0.008048531847309776,-0.013222317677538002,0,1
0.008479784403362861,-0.013469874653934974,0,1
0.008971730892991891,-0.013317223150034566,0,1
0.009968982430661532,-0.014389240478602756,0,1
0.009977054373350964,-0.013185729002876744,0,1
0.008998837904052013,-0.013631947537227523,0,1
0.007962773671095325,-0.015275863938611483,0,1
0.008375327390328806,-0.013594007391414115,0,1
0.009026197740469638,-0.01338418387825275,0,1
0.00863667115632045,-0.012913468479635431,0,1
0.0089213678078992,-0.013583101494790924,0,1
0.009598907492141297,-0.013262836758503023,0,1
0.007676906016472097,-0.012949474958243844,0,1
0.007922563897195875,-0.010130997732864381,0,1
0.008215382173426858,-0.01328877325402075,0,1
0.010247813791573728,-0.011635951892773758,0,1
0.009825600861470978,-0.013419027032644146,0,1
0.00896427325030524,-0.01313332419311449,0,1
0.009765690624118547,-0.014930531310405695,0,1
0.0059719621982654665,-0.012131343249813867,0,1
0.009207466451220387,-0.0140342716720942,0,1
0.009105663162205093,-0.014196656073023192,0,1
0.009280807377793973,-0.014538331275765825,0,1
0.010082856986153504,-0.013544193082080588,0,1
0.008989374930260996,-0.015325914866936567,0,1
0.00889579404892188,-0.014221556593352669,0,1
0.011335254950375996,-0.013110884624175962,0,1
0.008859258643482066,-0.014905363542173077,0,1
0.009723383278796354,-0.015135773248091568,0,1
0.008181819404940437,-0.011798753439691318,0,1
0.008904323532580265,-0.014081573320480285,0,1
0.008210138565633,-0.013367421304776488,0,1
0.009727524235046872,-0.013676458161957446,0,1
0.009085413225873322,-0.012864271690863828,0,1
0.010090902523178577,-0.011589225621744387,0,1
0.009622008701204741,-0.015331765169355588,0,1
0.009104825449093162,-0.014311536087847453,0,1
0.009156599228050484,-0.012842175574920138,0,1
0.009723102605260743,-0.013156399228027613,0,1
0.00917833714935816,-0.0110627058426434,0,1
0.00853424718311648,-0.014381501508600137,0,1
0.00879158136907154,-0.01619571802038451,0,1
0.009631743098289127,-0.014883088345246298,0,1
0.010845989641894514,-0.01363062472204507,0,1
0.009964777751558985,-0.014154433745926679,0,1
0.009031998273322548,-0.014652993868909628,0,1
0.009162236810320797,-0.013607140235826353,0,1
0.009068747708621977,-0.012441718019697281,0,1
0.008861240367244488,-0.013516743891857396,0,1
0.009561625896000205,-0.013787337128236706,0,1
0.010421827013721578,-0.015569765027467366,0,1
0.00874183863382996,-0.013280286216095902,0,1
0.008694049285450789,-0.014206577336577894,0,1
0.010646673401116762,-0.014245480566075915,0,1
0.0067961976116061645,-0.012678351199634622,0,1
0.011109173170640117,-0.013898144044863168,0,1
0.009214624325300628,-0.014130915950965486,0,1
0.010372831431784146,-0.014301423224189752,0,1
0.010012637808576644,-0.013562010959824747,0,1
0.010212344549441298,-0.014320253826795127,0,1
0.010474898395933971,-0.015482974922359357,0,1
0.001686130396608646,-0.01622474780140199,0,1
-0.0013239700442666355,-0.014305484059280773,0,1
8.272417480410486E-4,-0.015228979397627431,0,1
0.001064805303682153,-0.01591405416737159,0,1
-2.717809960751844E-4,-0.01849167046091297,0,1
0.0018108233838999659,-0.015799282713370846,0,1
3.8975594763921703E-4,-0.01653028366737865,0,1
9.265243078752795E-4,-0.016721542768601806,0,1
6.949778660981876E-4,-0.016178951848812514,0,1
2.5494664153543104E-4,-0.017045993698928986,0,1
6.287048936617087E-4,-0.01587146337443288,0,1
-3.440290275211713E-4,-0.018184507542649803,0,1
-5.261951257954514E-5,-0.01783377784689935,0,1
7.160420515021219E-4,-0.01781020018287262,0,1
0.001361187929662512,-0.015936130642576447,0,1
9.839446729464438E-4,-0.015415512358999383,0,1
0.0017655529368661876,-0.01601189572736406,0,1
0.0010516556216025636,-0.0185900453613149,0,1
0.001047412269592812,-0.015462374995244674,0,1
0.001975782481967379,-0.01886656892075851,0,1
8.131078146579316E-4,-0.016941456102942745,0,1
7.699204883832078E-4,-0.015528065902216736,0,1
-0.001678762490355399,-0.017350917427037423,0,1
5.556614042795926E-4,-0.017306993561739845,0,1
-0.0012027920320325637,-0.017377966997721234,0,1
0.002132721685727403,-0.017326344490064753,0,1
0.0018493681627013883,-0.018400183938503782,0,1
0.0010253430691951682,-0.014617370164885433,0,1
6.040615656619429E-4,-0.015456785803996512,0,1
5.567256091651275E-4,-0.016215222086074732,0,1
0.0017207396933197638,-0.015071777768083286,0,1
4.0737721705648303E-4,-0.015973895879833947,0,1
1.8749396444056753E-4,-0.016246151784242935,0,1
0.0016400176102459288,-0.015037663064082276,0,1
-2.4739634435135113E-4,-0.017682257979152304,0,1
0.0018892091705199415,-0.015125834471296248,0,1
7.383551158095615E-4,-0.01753187860417298,0,1
2.2018990678347985E-4,-0.01749652802309476,0,1
2.860931555112686E-4,-0.017734575025639295,0,1
5.437201205488076E-6,-0.01821839685489966,0,1
9.550568939921935E-4,-0.015005856406090111,0,1
1.7461993515908392E-4,-0.015590060049978993,0,1
2.407480016703359E-4,-0.013990247423360629,0,1
6.463559809342914E-4,-0.01570990433550353,0,1
0.0020421493055657425,-0.01582719160961918,0,1
3.247477421130313E-4,-0.01631195943266497,0,1
0.0010849205390294075,-0.01645372207801443,0,1
-1.7319826768622703E-4,-0.017938225466341582,0,1
6.475849134425697E-4,-0.016838713477547555,0,1
-0.001121975217296064,-0.01771237013065408,0,1
-3.765999378350067E-4,-0.01711569053887679,0,1
1.693731300572974E-4,-0.017323215928760727,0,1
5.570155200172616E-4,-0.015087599755703365,0,1
1.8230846872532426E-4,-0.014367432049992596,0,1
7.408549633829356E-4,-0.015054903793897212,0,1
0.002999884969163109,-0.014619268641236707,0,1
8.988033198881533E-4,-0.019077257592017574,0,1
8.611620963773199E-4,-0.015977140133028353,0,1
2.8365478217531675E-4,-0.016448133367061035,0,1
3.3940034380626016E-4,-0.01641482858676821,0,1
-2.6933073786106166E-4,-0.016964813622834182,0,1
7.625547671519346E-5,-0.016539300442246517,0,1
-0.003686865114632063,-0.014765849520591654,0,1
-5.11467507974916E-4,-0.017831357290415177,0,1
0.0012814351529279301,-0.013966717215281128,0,1
-2.647480583482115E-4,-0.014533926499813983,0,1
7.620009331765906E-4,-0.016038042038902887,0,1
5.302674674430958E-4,-0.015348585389521965,0,1
0.0011024624296954652,-0.016129012592405158,0,1
-0.00207469310766301,-0.015329437461234293,0,1
5.874895313618107E-5,-0.016644461216091377,0,1
4.6064821206929835E-4,-0.015872615897734477,0,1
1.0694278123253134E-4,-0.016141395296606215,0,1
-7.930887570722175E-4,-0.01743936491681622,0,1
-6.208665413974331E-5,-0.018193266133155844,0,1
0.0010111680823359642,-0.014949131075377558,0,1
1.3309545770711511E-4,-0.016711726964233262,0,1
-5.21668575424427E-4,-0.015157724979877963,0,1
4.285197091998905E-4,-0.01636887312125752,0,1
8.831134689196483E-4,-0.017040848403176257,0,1
5.138454963665236E-4,-0.01704396340733335,0,1
-4.814828720212346E-4,-0.0164279214032931,0,1
5.2148295003936375E-5,-0.0167327053264543,0,1
5.009148835369457E-4,-0.016256316748193493,0,1
-5.871012416264196E-4,-0.017371185346740117,0,1
2.603246220925411E-5,-0.01756776362118054,0,1
0.0018586933122665108,-0.012756545184299336,0,1
-0.0021106087486266003,-0.016315329382962634,0,1
-6.013435750272414E-4,-0.015325742870059047,0,1
0.0014355591948373204,-0.01853055330156825,0,1
-0.0014454775744817282,-0.01616419729412413,0,1
9.023455212405003E-5,-0.015520941121127613,0,1
-0.0027288552191075603,-0.017263015607686623,0,1
8.241039035642106E-4,-0.017164387781217788,0,1
-4.5204180742817454E-4,-0.016416820131776668,0,1
-9.143051815330927E-4,-0.01783942958949482,0,1
-8.678669048646636E-5,-0.013444366149085217,0,1
0.0010146212267847596,-0.014951821166127062,0,1
7.683363051895545E-4,-0.015010937665924758,0,1
9.969121365142402E-4,-0.014035158563233677,0,1
-0.0013517050853969511,-0.017967151968976056,0,1
1.1473408260563267E-5,-0.016127497196272607,0,1
1.645243752767195E-5,-0.01757768926999812,0,1
9.902782403555812E-5,-0.01652707436337654,0,1
-4.0213848552697254E-4,-0.01684027770312877,0,1
-7.499254482589432E-4,-0.014189228192267481,0,1
-5.675049896913775E-4,-0.01594341379327749,0,1
0.0010208679420013662,-0.015115682609545286,0,1
0.001052435584908461,-0.015217815396941272,0,1
0.004015228696402537,-0.01594318072861631,0,1
-0.0034500008850666414,-0.016391228550921302,0,1
9.684767213089768E-4,-0.015830262050980176,0,1
8.48388190798425E-5,-0.01710698293167389,0,1
-9.648152651116179E-4,-0.01711935015689626,0,1
9.172306880498992E-5,-0.018162535804259108,0,1
4.055378069245314E-4,-0.01875005378316657,0,1
0.0016127016883739874,-0.015865869949668505,0,1
-2.8164837127441297E-4,-0.015195288125090859,0,1
-0.001285155288752486,-0.01628988207205515,0,1
-4.047606080481988E-5,-0.016005182118122206,0,1
7.046930608513174E-4,-0.01611390611704394,0,1
-0.0028417751378298542,-0.016736759563808934,0,1
-0.002525823293508922,-0.015047615603629202,0,1
-0.003932379170541844,-0.016788893262416147,0,1
-0.001312879465014076,-0.015474829987456041,0,1
1.0319805843805264E-4,-0.015392391568674809,0,1
-7.30764821469439E-5,-0.016753826368783035,0,1
-1.3308006137547108E-4,-0.015730246144751905,0,1
9.180804977568922E-4,-0.017386602217884583,0,1
-0.0014750210294275146,-0.01612170153095794,0,1
-4.502037697992191E-4,-0.01705354490939964,0,1
-0.0014203595895001043,-0.01554736724181153,0,1
5.6490072543215876E-5,-0.01510608467381778,0,1
-0.003513982355650029,-0.01442732870396684,0,1
-0.0010602748575496627,-0.016179121372704212,0,1
7.904006450865642E-4,-0.01637547120671678,0,1
-6.540001447833155E-4,-0.015638406669267725,0,1
-6.045012063030291E-4,-0.013074719671936661,0,1
-8.272188460408618E-4,-0.01617004562270365,0,1
-0.0011622831356415501,-0.017829238709667208,0,1
-9.972486164030756E-4,-0.017971939897846866,0,1
8.255492738109203E-4,-0.01416651182855231,0,1
3.844652519843677E-4,-0.015455167071141631,0,1
-5.52361565860821E-4,-0.015318245501956913,0,1
-8.558657813294864E-5,-0.015554032267732035,0,1
-0.0019126823556994067,-0.01634693452205552,0,1
-2.5498713504535915E-4,-0.01616528547625414,0,1
-6.287115932379635E-4,-0.01711141087622952,0,1
3.184235654618459E-4,-0.014806733000588905,0,1
-2.684831792593146E-5,-0.01520581802240664,0,1
1.8531024077775597E-4,-0.01762345165337184,0,1
2.4285664672511005E-4,-0.015473889888941939,0,1
-6.855248885109951E-4,-0.015445793627019953,0,1
-6.1331607449719E-4,-0.01641605285634458,0,1
-0.0035305525648485214,-0.01653793184422414,0,1
-6.805448988579951E-4,-0.013812827687444457,0,1
-4.486628703489719E-4,-0.01532730037710498,0,1
-0.0012560825893020728,-0.013556003857316342,0,1
-0.0011207966120490459,-0.015644006663112713,0,1
2.9247333541843176E-4,-0.015056485388098206,0,1
-3.4928006342585673E-4,-0.01595320137936434,0,1
-1.8569581310625145E-4,-0.015967807788381676,0,1
4.4268489709475015E-4,-0.01574034235093931,0,1
-2.371046070287569E-4,-0.012520316707862317,0,1
-0.0012985650294032106,-0.015084066938955122,0,1
6.343561666133201E-4,-0.016836102966441214,0,1
2.48207784353386E-4,-0.015522330123125925,0,1
6.078262148446079E-4,-0.015807373975277938,0,1
-3.9795345027209716E-4,-0.015349602180838348,0,1
-0.0011460750675175552,-0.01552618401086535,0,1
-0.0016334727067713476,-0.015362489594050285,0,1
-3.140753563400522E-4,-0.015916530509342598,0,1
7.606635300087262E-4,-0.01723399869784546,0,1
-4.9110797840616865E-5,-0.015255608282645557,0,1
-0.0020579083582637895,-0.016128868976994903,0,1
-6.672823628495717E-4,-0.015320133391374753,0,1
-0.0011880413170223955,-0.016111763274106596,0,1
-3.6763188465240666E-4,-0.015416337180907059,0,1
-7.991991686895695E-4,-0.01465468874440573,0,1
-4.983982077057917E-4,-0.014852416016582227,0,1
-6.105271906605552E-4,-0.015067370035373572,0,1
9.138893482071792E-4,-0.017681357420476638,0,1
-7.561540899439485E-4,-0.014707594654147305,0,1
-7.266962997289939E-4,-0.015786480262206762,0,1
5.77644902086454E-4,-0.014580738422744937,0,1
0.0012836156556920396,-0.011889615052241058,0,1
-0.002966805512292202,-0.012689885880411235,0,1
-0.00141859129278844,-0.015523537153426538,0,1
-3.477735506405984E-4,-0.015986623940277073,0,1
-9.316600409618636E-4,-0.015198241097581623,0,1
-4.3690758709577976E-4,-0.01746701350612171,0,1
-0.0012262299966961125,-0.016518010763952398,0,1
-5.009267034452126E-4,-0.015239758371137125,0,1
9.958456217663452E-4,-0.01454974531859197,0,1
-5.459437460636587E-4,-0.014951971174560706,0,1
-6.827520350035046E-4,-0.014196503634264633,0,1
-6.527221292166094E-4,-0.014830974710723479,0,1
-0.0010256982232795954,-0.014767331124736957,0,1
-8.413286164396E-4,-0.013434452169741963,0,1
-8.259605551527426E-4,-0.013487750672541755,0,1
3.5215585936602235E-4,-0.01498944730501398,0,1
-0.00264950917722321,-0.01372885283746199,0,1
-0.0015227354554217054,-0.014881896142189543,0,1
-0.002567756012716099,-0.015492796211662245,0,1
-0.0015881535794586182,-0.014763946719741641,0,1
-0.004207205827988016,-0.01703301726659118,0,1
0.0013150272104396727,-0.01502718615622722,0,1
9.453768673655439E-4,-0.016890502465696268,0,1
6.838656570282115E-4,-0.015931798199148455,0,1
7.465745654680123E-4,-0.015121796638551474,0,1
8.141386076799992E-4,-0.01564505908249305,0,1
-1.0694717035550082E-4,-0.014919505328951258,0,1
3.76234885793612E-4,-0.013968808879449887,0,1
-1.4069467477624773E-4,-0.014681994373414591,0,1
-9.270911781493936E-5,-0.014083444218182473,0,1
-0.0012797893651717315,-0.014405937655105394,0,1
-5.941925212713709E-4,-0.01552409301940865,0,1
1.638865577858288E-4,-0.015627523768689904,0,1
-0.0010917296397785902,-0.014739885762790755,0,1
-0.0010988659976634597,-0.015210930809731212,0,1
-0.002466963649833241,-0.015598219262704187,0,1
-9.091156023091471E-4,-0.01553047937868272,0,1
-7.595391614986645E-4,-0.013050141905481195,0,1
9.102169959964976E-4,-0.014580254648624337,0,1
7.709554200247251E-4,-0.015946948070470222,0,1
6.864750440948217E-4,-0.014472190472548132,0,1
6.469224555801424E-4,-0.014687134488919971,0,1
-9.062142084880514E-4,-0.017155979137942656,0,1
1.376707542349368E-4,-0.01577956431155833,0,1
3.608186464405732E-4,-0.014865373198426669,0,1
1.969757821460562E-4,-0.014582349973653437,0,1
8.086974813408756E-4,-0.013937474022507002,0,1
0.0016825713170842197,-0.01744135457423232,0,1
-0.002217902736413521,-0.013832113280342874,0,1
1.6834938439776913E-4,-0.014566548240441101,0,1
-0.0011034916881253085,-0.015303087178871123,0,1
-0.0013393969265757964,-0.014507299656543607,0,1
0.0012730408813800972,-0.014798417460555909,0,1
7.082767242614265E-4,-0.013341451048718098,0,1
0.0010176324554092644,-0.014693203556782877,0,1
0.0029376272524610516,-0.013820865488034234,0,1
0.0013816093969148692,-0.014184662638316796,0,1
8.873332168527579E-4,-0.014232263821598886,0,1
-2.667942292589492E-4,-0.013992899889667065,0,1
5.661397753714143E-4,-0.01620602112337608,0,1
-4.5918964842480195E-4,-0.014555441558643257,0,1
9.762213975471289E-4,-0.011985240344828773,0,1
-8.036720892816114E-4,-0.015491045187316761,0,1
-7.758682343225206E-4,-0.015541500253755293,0,1
-0.0034890567321552222,-0.014261176625034835,0,1
-0.0012998212819002718,-0.014403913431449212,0,1
0.001465889518592063,-0.014794105112656754,0,1
0.0019858959599845954,-0.01481113508051915,0,1
8.198059842919665E-4,-0.014668775330194965,0,1
0.0031534688194715145,-0.01370035745104574,0,1
-0.0018829972301823892,-0.014712787975960455,0,1
0.0022945974991218135,-0.013382923419427708,0,1
6.111452968237058E-4,-0.015783190768111924,0,1
-4.3154554683147904E-5,-0.01595931324715432,0,1
-3.8477250817017567E-4,-0.014956789573915599,0,1
-7.903027262218766E-4,-0.014812273723822081,0,1
-5.663160858248008E-4,-0.015096396919396711,0,1
-0.0010291704974223317,-0.015309824713011934,0,1
-8.375860372669035E-4,-0.014811955051490798,0,1
-9.020875350344582E-4,-0.014965801050148652,0,1
0.0019332797194064931,-0.014971089391316375,0,1
0.002520048901604931,-0.01328562213526654,0,1
0.001421390785363492,-0.016451473917072627,0,1
9.988275225570943E-4,-0.014760319018377878,0,1
-0.0013086301419096928,-0.015965391829440033,0,1
3.1942771129254006E-4,-0.01442368406887792,0,1
5.944898560593373E-4,-0.015624726158359636,0,1
1.3034639208771336E-4,-0.014249563303600945,0,1
2.0691518750956187E-4,-0.01302556811374955,0,1
-6.723520926717306E-4,-0.014953865254761431,0,1
-2.944571481636121E-4,-0.014189022520992975,0,1
-0.0011138335544566232,-0.014632951058382635,0,1
-6.545423259248814E-4,-0.013702413121218603,0,1
0.0012224877286068484,-0.01444709779281826,0,1
-5.514753792104278E-4,-0.015144794136756049,0,1
5.843507126113732E-4,-0.014212820083350754,0,1
0.0011681606231973619,-0.013110120600899361,0,1
0.001848057918524747,-0.016249982723386805,0,1
1.9227129917714846E-4,-0.01448117532403091,0,1
-0.002748773632963521,-0.01243060442713424,0,1
-4.297266086904001E-4,-0.013705428188526592,0,1
5.1284542894452144E-5,-0.013446182025986455,0,1
-0.001262704437261813,-0.01436217977128211,0,1
-3.433670542441982E-4,-0.013725339902469777,0,1
-0.0016578639720072662,-0.013898890371206413,0,1
-9.76458343852731E-4,-0.014789527343974838,0,1
0.0023393131391774035,-0.014272713249990734,0,1
0.0011407975377400895,-0.014054152036971409,0,1
4.1054896785091573E-4,-0.013869554147112655,0,1
-9.271079750019453E-5,-0.01507289151809237,0,1
5.080770171693139E-4,-0.01438815255878528,0,1
-0.0013739916433949612,-0.014323356591670484,0,1
4.837433785022075E-4,-0.014161811009013424,0,1
-9.01815660611443E-4,-0.0127253334787923,0,1
-1.9437203629233277E-4,-0.014290992693062431,0,1
-2.865732717373801E-4,-0.013316506667045574,0,1
-6.577993043402804E-4,-0.013864722393267352,0,1
-7.890165962191457E-4,-0.013896185064302652,0,1
-9.070453255100728E-4,-0.014666109880853541,0,1
0.002092498498390375,-0.014524234075408279,0,1
6.927389969524864E-4,-0.01491725281017396,0,1
7.127014192599433E-4,-0.014294861702097495,0,1
0.0024240135089168145,-0.01594017698082791,0,1
5.940559808755089E-4,-0.013567863930869919,0,1
8.029878697184042E-4,-0.014117908993888411,0,1
2.622342560417646E-4,-0.01412253110686051,0,1
1.2047885919358125E-4,-0.014332549752169332,0,1
8.857595202689511E-5,-0.014410357001961511,0,1
-2.646301361466776E-4,-0.013260151948788523,0,1
-1.3937282370905674E-4,-0.014071788751176656,0,1
2.2846732218292446E-4,-0.013261026172944671,0,1
9.92878256272082E-4,-0.01265485332145751,0,1
-0.0024406555155213863,-0.015800277006958765,0,1
0.0011008049330138044,-0.013166894793145381,0,1
5.41682276741524E-4,-0.01548380769462519,0,1
0.00169033106830128,-0.013515486315106575,0,1
-7.477118496706072E-4,-0.013422457328659815,0,1
0.0012152599471648574,-0.014067482234290541,0,1
0.002463023830337453,-0.015296835638254815,0,1
1.8045615740890984E-4,-0.013990925062363567,0,1
0.00136349772106314,-0.012042188102808054,0,1
-0.0012972417407443337,-0.013576570971757925,0,1
2.7774969340460347E-4,-0.011241995274169903,0,1
8.546011682684758E-4,-0.014233772072804187,0,1
8.295019354896129E-4,-0.013113548455681086,0,1
-1.4739508768114217E-4,-0.01300405877796433,0,1
-0.0027053137600287426,-0.012585951645176587,0,1
-6.690058659211842E-4,-0.012839335897682859,0,1
8.637236215266443E-4,-0.01484438836260035,0,1
-0.0014053786995661263,-0.013487112591516652,0,1
-3.1326860354713307E-4,-0.013974129150032363,0,1
-6.35616627462165E-5,-0.01338036401719277,0,1
-6.925483559428075E-4,-0.013810893228440198,0,1
8.138188072057584E-4,-0.014387925505027417,0,1
9.59215331481979E-4,-0.013927254688180334,0,1
-6.342177206921012E-4,-0.013082411408660557,0,1
5.747352735266285E-4,-0.013854873295208597,0,1
0.004588497145745184,-0.014432538023995287,0,1
-7.72563453738841E-4,-0.013288426380336605,0,1
-7.222177836391943E-5,-0.013665723052327475,0,1
-1.3999448360587608E-4,-0.013755300344764462,0,1
-0.0015057886853503397,-0.014018021965120078,0,1
0.0021623640877483238,-0.013212796416212131,0,1
-7.006098964742612E-4,-0.013336062143899631,0,1
7.193304084514339E-4,-0.014515038474846805,0,1
7.027394195783638E-4,-0.013295752090624955,0,1
9.600200304197562E-4,-0.013331078366117273,0,1
1.2539218996156123E-4,-0.013401744359666028,0,1
-0.0010603691156768522,-0.014082181919040473,0,1
5.454224958009614E-4,-0.012585174287577267,0,1
-3.511208417766564E-4,-0.013663303671776246,0,1
1.79031819521169E-4,-0.012994667012229594,0,1
2.4213490758439584E-4,-0.013801871611981329,0,1
-3.2804173393758047E-4,-0.014346204210369612,0,1
-5.135237257675531E-4,-0.015084413054396346,0,1
8.195518567858081E-4,-0.013588285222453771,0,1
0.0016846193167853916,-0.013428659489129418,0,1
1.5884590999887867E-4,-0.01449054182640546,0,1
2.0538039379285882E-4,-0.013701076121513172,0,1
-9.408948113821431E-5,-0.012585101696337347,0,1
-7.249170794044237E-4,-0.01394164206761177,0,1
-5.900229307383095E-4,-0.014901806576347341,0,1
-0.0013250399154108247,-0.012984885154530536,0,1
4.0163051532385394E-4,-0.012958391406633046,0,1
-7.753200086362374E-5,-0.013218346511471479,0,1
-5.112524445601352E-4,-0.015691281349822808,0,1
0.0028911680872159475,-0.012902404134510548,0,1
1.7978759881158204E-4,-0.013593603738080665,0,1
0.0019527387129135284,-0.013799307181415586,0,1
0.0018196285124499633,-0.012622838373283018,0,1
-6.314914754070691E-5,-0.012926183618874739,0,1
-6.259660489709739E-4,-0.012595808365544367,0,1
7.809136378965295E-4,-0.014904037408976684,0,1
-5.562433859721669E-4,-0.015197609931281927,0,1
0.00127716002264631,-0.013743716368102149,0,1
2.368434751793223E-4,-0.01317860956534243,0,1
-7.568861010874852E-4,-0.013934586369172304,0,1
7.145821644249518E-4,-0.012416665380694433,0,1
3.614652717933658E-4,-0.01272472792174798,0,1
-6.711730751495808E-4,-0.012680738890508629,0,1
0.003038825303974519,-0.012380785767704652,0,1
7.251449961865075E-4,-0.013410329784507262,0,1
0.0010382744955464926,-0.01241534961135478,0,1
0.0037306132577083727,-0.014299354408560628,0,1
3.574300291055952E-4,-0.013894189067116975,0,1
-3.153247568274726E-4,-0.01292784609804373,0,1
-0.002490820554239847,-0.015549486710489974,0,1
4.521123061940429E-5,-0.01357458523523969,0,1
8.531531059210586E-4,-0.013587676275109843,0,1
7.777222278688486E-4,-0.013249919876466898,0,1
4.5389737933350486E-4,-0.012811221658792336,0,1
0.0028260591616485115,-0.011923741398861607,0,1
-4.548407506303175E-4,-0.012331102968415497,0,1
-3.999391198267482E-4,-0.013813909257273755,0,1
1.2306070844532641E-4,-0.012560239434894024,0,1
0.0010856433646731663,-0.012996740229121779,0,1
0.0011148787655265659,-0.010829330855766262,0,1
0.0010325127697636063,-0.011990437195036396,0,1
0.0010088801403811255,-0.012135987826151934,0,1
9.270683528490185E-4,-0.011747741429612974,0,1
-6.298970743082599E-4,-0.012895321844322528,0,1
3.310968027060017E-4,-0.012939914604572878,0,1
-0.0010367313542198413,-0.015914360416859584,0,1
0.001704058404666746,-0.012552424443448246,0,1
0.0032122031122863827,-0.012593859417073186,0,1
3.599200812966485E-4,-0.010922191922721522,0,1
0.0015246919265774655,-0.010945006640994497,0,1
3.531319131342252E-4,-0.012604221231759999,0,1
-5.397485350047007E-4,-0.013416575521636217,0,1
1.6413346538788338E-4,-0.013037728419788525,0,1
4.987283896442398E-4,-0.016117643800333644,0,1
-3.4390612118930913E-4,-0.01323008391487827,0,1
0.0017927499505412392,-0.012279898998979811,0,1
9.97958900773469E-4,-0.013420000044249106,0,1
8.273760859763702E-4,-0.012148751553844516,0,1
4.591956830493256E-4,-0.012687097677348337,0,1
7.543802294859142E-4,-0.012596252401630434,0,1
3.3354203630725433E-4,-0.012565213660105806,0,1
6.45026050652216E-4,-0.012598686208989069,0,1
-1.09562881549474E-4,-0.012714266544918251,0,1
2.2788285459659477E-5,-0.012371950894100568,0,1
0.0018480317997264105,-0.01183685913280592,0,1
0.001512120190822984,-0.013254624181108813,0,1
-3.298164250106632E-4,-0.010331066390058955,0,1
-3.5428268194415846E-4,-0.012511164020719358,0,1
9.91673731835701E-4,-0.012636586045530415,0,1
4.1420742965461645E-4,-0.01376842595482025,0,1
0.001716459544763062,-0.012190591139506797,0,1
0.0012203777291482777,-0.013329525229418406,0,1
0.001075567775770684,-0.011857211028867755,0,1
-8.940219978315238E-4,-0.011736233767120574,0,1
9.160021523010929E-4,-0.012458696055262036,0,1
0.001831452484905976,-0.012562341405143564,0,1
0.0010374970029476064,-0.012816431156994724,0,1
6.484290162398392E-4,-0.011831785062942808,0,1
7.308760425236194E-4,-0.012255600381878158,0,1
7.24466937384044E-4,-0.011568741004919794,0,1
-0.0010102431494752098,-0.014154614526201542,0,1
0.002038755433740857,-0.013024764427132738,0,1
5.907028788899727E-4,-0.01250002773945776,0,1
-0.001808290795505723,-0.012787708425128365,0,1
1.0313241448508349E-4,-0.011878064903373741,0,1
8.161885482534301E-4,-0.011959389493036788,0,1
6.317527799479332E-4,-0.012288270633789426,0,1
-6.25653375593577E-4,-0.012933805114382855,0,1
6.514809420746592E-4,-0.012566828688520833,0,1
7.442553018002789E-4,-0.011819940434747541,0,1
0.0014849405257018667,-0.01223085761328166,0,1
6.641864970371476E-5,-0.011489877294975616,0,1
0.001328755781199716,-0.011680082476678543,0,1
-2.6906526283761146E-4,-0.013966693701036363,0,1
-8.760205166188427E-4,-0.015303380924043942,0,1
-0.001572818249202474,-0.014415343697581766,0,1
-0.0018697308818653097,-0.015143769074321417,0,1
-0.0036080239789624234,-0.015685818465607345,0,1
-0.001962897220968243,-0.013291795228895294,0,1
-0.0016507890088699544,-0.012143637523311003,0,1
0.0017017815184432537,-0.012030229967160022,0,1
-0.002261023327550664,-0.013194757237480497,0,1
-0.002449800250116958,-0.012731276409128911,0,1
-0.0022129181585469004,-0.012984225002598302,0,1
-0.0020758892860223395,-0.01148360113721337,0,1
-6.040825243685488E-4,-0.013274197539745083,0,1
-0.002409495186897457,-0.012686624000889237,0,1
-0.003223125974527621,-0.011428551824495859,0,1
-0.0016235279389721444,-0.011905617230646677,0,1
-0.0035260626482769555,-0.012702301145186293,0,1
-0.004106452713837039,-0.01002911525024655,0,1
-0.004140248702987026,-0.01275843661102263,0,1
-0.0037186276053120244,-0.01115493401211574,0,1
-5.668439433923874E-4,-0.013918409553060526,0,1
1.458515437212977E-4,-0.014100920027745118,0,1
-2.776650473447842E-4,-0.017437944380606002,0,1
-0.0012519255382394778,-0.015102994218586406,0,1
-0.0022162532963450146,-0.013561972249958169,0,1
-0.0025591844195251546,-0.01383874168962166,0,1
-0.0026383278983694142,-0.01342169617898833,0,1
-0.0018950369051339208,-0.010344727934387996,0,1
-0.001975862795536698,-0.011212170169232545,0,1
-0.003769203513504272,-0.012521143640902427,0,1
-0.00273270940216155,-0.012226589088605503,0,1
-0.0037684816676697617,-0.013385122723342184,0,1
-0.00173944668046717,-0.012600735359986234,0,1
-0.003051540633688592,-0.011892019427991125,0,1
-0.003290592836561856,-0.011767790459493313,0,1
-5.710281943404193E-4,-0.00993338144843881,0,1
-0.0025069451890147696,-0.009022968393717062,0,1
-0.004685587417314802,-0.011490021549575876,0,1
-0.001839204365840851,-0.014164721924067786,0,1
-0.0017905250785250348,-0.014083128347685043,0,1
-0.0023768022848976575,-0.014271022242067707,0,1
-0.0020400127866825658,-0.014081140867634087,0,1
-0.005143238004703415,-0.01286337303983896,0,1
-3.656646365177632E-4,-0.012893835526163775,0,1
0.001069837255453484,-0.015489548051517699,0,1
-0.0024338585481458344,-0.014052215467992278,0,1
-0.004494473800023296,-0.010548982993019948,0,1
-0.0024077694827666293,-0.012773673089471577,0,1
-0.003569224480292221,-0.012910891238207798,0,1
-0.003294198845020976,-0.0125022306756425,0,1
-0.0028236718445244077,-0.012374877816108782,0,1
-0.0029944597552910334,-0.011660567686620353,0,1
-0.0048899367965816384,-0.00980101497244215,0,1
-0.002411554183677248,-0.00872693831830745,0,1
-0.0030088766868640645,-0.01058277855736844,0,1
-0.004053754239626032,-0.011508863708202333,0,1
-0.002533243580445309,-0.012268648344884956,0,1
0.002016985327804853,-0.014925325356837087,0,1
-7.908311088188513E-4,-0.013045808417517341,0,1
-0.003086480087697928,-0.014333949778424627,0,1
-0.002285058806460234,-0.01417539488899931,0,1
-0.0015689279302023723,-0.013301669145833611,0,1
-0.0027536425451937553,-0.01213874402255853,0,1
-0.0021465650491047125,-0.012898064979776427,0,1
-0.003440603538437271,-0.01378436214456171,0,1
-0.002382657469417195,-0.011329519088090323,0,1
-0.0023563603350856364,-0.012408291026335831,0,1
-0.001196337601591962,-0.0123052553315161,0,1
-0.0030655221104119845,-0.012613285506776376,0,1
-0.004396147545093784,-0.011595102847644182,0,1
-0.0023247687746623374,-0.011144713348231229,0,1
-0.00397457634005208,-0.012119670082351961,0,1
-0.0031729684061939352,-0.010891917839051973,0,1
-0.0012774437819818754,-0.0138157103681166,0,1
-9.528312904796595E-4,-0.014455902535494463,0,1
-0.0019863937653864265,-0.013223254400830697,0,1
-0.005380954037173431,-0.012335422253645291,0,1
-0.0028628878957016133,-0.01232260004920996,0,1
-0.0016779713984133948,-0.01269290479148349,0,1
-9.940807245044734E-4,-0.01317507816999552,0,1
-0.0016969968863551686,-0.012685496091577672,0,1
-0.002042036863159771,-0.012611888234804844,0,1
-0.0024627885584597533,-0.011923196590890651,0,1
-0.005639685799394878,-0.012180605668785477,0,1
-0.0027790369090515666,-0.014314962922858417,0,1
-0.002362607703669065,-0.012239540671284809,0,1
-0.0021623013749853134,-0.01341535213025762,0,1
-0.002014719275849491,-0.012173496950953221,0,1
-0.003114507748845782,-0.012295672214076526,0,1
-0.0047062843038955735,-0.011603484910675024,0,1
-0.002145523348259629,-0.010115457233494964,0,1
-0.0028878754805392545,-0.014241215643959557,0,1
-0.0011094107305866722,-0.014447257686656398,0,1
-0.0017495027401104883,-0.010216035120874418,0,1
-0.0022621857776778742,-0.014330866040118875,0,1
-0.0022572245316478797,-0.013379150507211036,0,1
-0.002617119329271558,-0.013406933349739482,0,1
-2.3436749934179307E-4,-0.010290803191445794,0,1
-0.001483622964537636,-0.013150319156527337,0,1
-8.056294028665202E-4,-0.011023831372644535,0,1
-0.0025684205369427846,-0.011994764040430726,0,1
-0.0024068688873814708,-0.011876473590999255,0,1
-0.0030164664314926517,-0.011410570286093354,0,1
-0.004829315378745628,-0.011582110707029377,0,1
-0.0028130694438232074,-0.011365962827104326,0,1
-0.0033280927089838794,-0.009279038015527251,0,1
-0.0028379089952170326,-0.01202620036487656,0,1
-0.0031819447023714734,-0.01346871552091865,0,1
-9.47488920629618E-4,-0.013639324529568817,0,1
-0.0015189235402520277,-0.01379290353448475,0,1
0.0019727348121711345,-0.012592776627879415,0,1
-0.0010549932830701259,-0.014758720628304873,0,1
0.001649967348826403,-0.014703910156833,0,1
-3.752244995808977E-4,-0.013197297597988092,0,1
-0.002028599231220992,-0.01269190519259858,0,1
-0.0014705034925612003,-0.013366531000433437,0,1
-0.0014485028305555392,-0.012807845974878324,0,1
-0.003797631592810494,-0.014816697907242722,0,1
-0.0017087129853388498,-0.011621591477292748,0,1
-0.0027249149114328248,-0.010320229221397161,0,1
-0.0031439484350486422,-0.010824745839379006,0,1
-0.0022862944152554914,-0.011912414786158645,0,1
-0.004300570055203734,-0.012834618172825435,0,1
-0.0029396753751821355,-0.012051032343009449,0,1
-0.001157878935322945,-0.014517725236663486,0,1
6.965075196760954E-4,-0.012228877931715107,0,1
-0.0025494143876537336,-0.013951941917582643,0,1
-0.004622326452914619,-0.012218657169282934,0,1
-0.0014863906052629344,-0.012937368347926248,0,1
-0.002590978493524897,-0.012603993482174251,0,1
-0.0011793057891114412,-0.013111355010639748,0,1
-0.0026613122984377,-0.010209249929670155,0,1
-0.002331220268042112,-0.012103889497249378,0,1
-0.0011670449869912618,-0.011883032912153493,0,1
-0.0022778595470176496,-0.01198024384844514,0,1
-0.0020998336269363606,-0.011288160459850372,0,1
-0.003212831250510791,-0.011697202316672164,0,1
-0.003512209935509236,-0.011166231444065703,0,1
-0.002954469445217523,-0.015835781640807567,0,1
-9.73389485889149E-4,-0.013854052335159267,0,1
-0.002783097622531793,-0.014345488345769545,0,1
-0.0035904763237330243,-0.013895941743907684,0,1
-0.002225993536904801,-0.013443029617399608,0,1
-0.0015939190593390147,-0.012560179839770785,0,1
-9.390116635443229E-4,-0.013135366218821002,0,1
-0.001966069797405502,-0.01295485753755462,0,1
-0.002143684998358184,-0.012432952215916683,0,1
-0.0017811707083305458,-0.013101503057233293,0,1
-0.0011914231215133437,-0.012945489574361707,0,1
-0.0025252984895346685,-0.012097980647450211,0,1
-0.004718444343817299,-0.010999566638547644,0,1
-0.0016990214035237253,-0.012392796258046138,0,1
-0.002901540591324625,-0.01007236343525183,0,1
-0.006339234348748045,-0.01246060476787226,0,1
-9.237625304351756E-4,-0.013795038615121666,0,1
-9.55121110875055E-4,-0.013538637555220712,0,1
-9.62928609706673E-4,-0.015331190399237827,0,1
-0.0013087299669232058,-0.012610956450763898,0,1
-0.001596291327774935,-0.012792746232023882,0,1
-6.460425757767881E-4,-0.012608552517413897,0,1
-0.0017073975188596124,-0.01249200012892179,0,1
-0.0023172107891584045,-0.010815979905921171,0,1
-0.0022889448994604564,-0.010660235640144428,0,1
-0.002350057773074718,-0.011939942521193379,0,1
-0.0023237793683745546,-0.01095677658604633,0,1
-0.0021129781195379648,-0.012051910965382098,0,1
-2.7875236946305716E-4,-0.012602153378226816,0,1
-0.0018387808891945426,-0.01161189416287045,0,1
-0.0019123649910966543,-0.01464982980342575,0,1
-0.0010766435843996072,-0.013405036304403773,0,1
-8.576813138357971E-6,-0.013767162530280689,0,1
-0.0011137821135943644,-0.012474549663012351,0,1
-0.00141794006187771,-0.014049244193196498,0,1
5.900050257463187E-4,-0.012196131115519216,0,1
-0.0023421083166179054,-0.012833125759048087,0,1
-0.0020753710888238132,-0.012161186468720286,0,1
-0.0017635931202747688,-0.012661649499695685,0,1
-0.001556828779311505,-0.011388327851940813,0,1
-0.0018927530948298745,-0.01185708973260876,0,1
-0.0034870199091475355,-0.014576907940481238,0,1
-0.0018857104678188111,-0.011400411058285662,0,1
-0.0031564306838201537,-0.010643398525180712,0,1
-0.0016852183821294262,-0.015926723019654126,0,1
-0.001004003325182961,-0.013844178880268029,0,1
-0.0013643794615015362,-0.013922929652047845,0,1
-0.0021484995385384065,-0.012895909762727451,0,1
-0.0017261831515468738,-0.012515279620266525,0,1
-0.001799832485437039,-0.013211418750984553,0,1
-0.001117133562000499,-0.011627002726035776,0,1
-0.003768244750814154,-0.01302444144305799,0,1
-0.0017265824445279413,-0.013608633232060957,0,1
-0.002322923184466101,-0.014764490692923586,0,1
2.987530331389522E-4,-0.00861337856565437,0,1
-0.0018569027594239442,-0.01136265306677964,0,1
-8.55704965788051E-4,-0.009669987927405484,0,1
-0.0019627169120563924,-0.01051827077197218,0,1
5.079040036275952E-4,-0.012317068036966708,0,1
-7.732081206208766E-4,-0.012906250135027436,0,1
-2.5398336419959203E-4,-0.014015744360956837,0,1
-5.11621806392082E-5,-0.011796537239258813,0,1
-0.001753104441959222,-0.014124261374646063,0,1
-0.001481569061408554,-0.012602593841831133,0,1
-0.002430275612698362,-0.011809872717651639,0,1
-0.002537331562918974,-0.013053734464858139,0,1
-0.0017479091844127704,-0.011668918488563159,0,1
-0.0014498274308432473,-0.011214060485327342,0,1
-0.0021778645216910244,-0.011088173666481568,0,1
-0.003103457968415111,-0.011751872088311665,0,1
-0.0016186531191923364,-0.01010769152083688,0,1
-0.0019093375583752212,-0.016502998932953924,0,1
-0.001401097680705874,-0.014077934420915894,0,1
-0.0018249655645192792,-0.013183789470546952,0,1
-0.0011089107239081208,-0.012678198951830755,0,1
-0.0013907229268489726,-0.01457579178866456,0,1
-0.0018443707544891998,-0.011978902320540144,0,1
-0.0026962267841930906,-0.010422695996733485,0,1
-0.001655851189954612,-0.012109053546232115,0,1
-0.0017000872025299872,-0.012017550233993953,0,1
-0.0017355467396726382,-0.011646595165701342,0,1
4.796689771703549E-4,-0.013988057088714109,0,1
-0.0017727975754151797,-0.010847474255323772,0,1
-0.0038921589849082224,-0.011205147503399078,0,1
3.724993923690635E-4,-0.014002355823835359,0,1
-0.001900170762763778,-0.014144055248878778,0,1
-0.0018494794603418363,-0.013680968220174925,0,1
-0.001071813399300858,-0.012486509156115518,0,1
-0.0012416744041100802,-0.01593955386545846,0,1
-0.0023260040645873303,-0.014030585889688184,0,1
-0.0012390612666432217,-0.01325655765103554,0,1
-0.0019007846785935574,-0.011697137170266641,0,1
-3.9763222749254816E-4,-0.01203676699849674,0,1
-2.3971277301487173E-4,-0.011765575511049337,0,1
-0.005408674350984927,-0.011181046583462396,0,1
-0.0023740474675274887,-0.010872089443815033,0,1
-6.019879239340425E-4,-0.013343347886484514,0,1
-0.003439790433340186,-0.015998123675227936,0,1
-7.891870906443231E-4,-0.012909180182463299,0,1
-0.0012092084861212043,-0.011674417537965158,0,1
-7.673620566971675E-4,-0.013800724959432294,0,1
-0.0010551123410746472,-0.012349871829360518,0,1
-0.0013025360823159231,-0.013362010682226247,0,1
-0.0023694621604411865,-0.01095472751396497,0,1
-0.001193297084166956,-0.01173654332800375,0,1
-4.5585702612041914E-4,-0.011949408773948903,0,1
-0.0015075221260424268,-0.011743480469996233,0,1
7.072439347477117E-4,-0.012434759749722227,0,1
4.7796085873760733E-5,-0.014354841692283501,0,1
-5.21393332793376E-4,-0.012694239476722552,0,1
-5.37787156501765E-4,-0.01252684107730964,0,1
-0.0030846121064416116,-0.013695835751554157,0,1
-0.001098800789282964,-0.012433357609829663,0,1
-5.405125130573287E-4,-0.011595082217077772,0,1
-0.001988318202763798,-0.010922130793074495,0,1
-0.002249850202220286,-0.010977861504712274,0,1
-0.0017174471058224452,-0.011758277812977832,0,1
-0.0021692119222442205,-0.010745770302802316,0,1
-0.0020332722487636287,-0.010114206082673997,0,1
-9.327766317238323E-4,-0.012158021211830756,0,1
-5.212282785310336E-4,-0.012578340213231265,0,1
-0.0014840331985994304,-0.013418880593198831,0,1
-9.4848455173053E-4,-0.011972623096040148,0,1
-0.0010114842500097679,-0.013762439759349439,0,1
-4.3683661840356085E-4,-0.012130748322324225,0,1
-9.674190639457091E-4,-0.012109486313039795,0,1
-6.792543297523614E-4,-0.010984899707695533,0,1
-0.002672773229533745,-0.01121121781349108,0,1
-0.0016291899815227425,-0.011511075564726341,0,1
-0.002359393603426465,-0.012269487774076712,0,1
-8.899994869213789E-4,-0.013383754817389931,0,1
-4.911334664663325E-4,-0.014427135826394299,0,1
-5.453931291812658E-4,-0.013564701564342776,0,1
-6.055368146529874E-4,-0.01204565206903176,0,1
-0.0010705544948752868,-0.012180582909593016,0,1
-0.0012413242470412792,-0.011736538734782451,0,1
-0.0012564497219273905,-0.011953838788935004,0,1
-0.0013350323478734342,-0.01199225419319993,0,1
-0.0016831656698683179,-0.011879026228291296,0,1
-0.0017525089214439021,-0.010825639075401466,0,1
-7.345100726186221E-4,-0.012451967740322157,0,1
1.161532217908274E-5,-0.01230084682067601,0,1
-7.955663968416265E-5,-0.01235326198624208,0,1
-1.6402366710466427E-4,-0.01244782681043713,0,1
-0.0015577058290076255,-0.012495478861102305,0,1
-0.0029100329938280753,-0.01138244221214577,0,1
-2.701341635642948E-4,-0.011320599511567149,0,1
-0.0017377948278497906,-0.012711208785352826,0,1
-0.0012285605490965086,-0.01146385227311705,0,1
-0.0018701592423580327,-0.010951167152011342,0,1
-3.008539577724857E-4,-0.012981790228282405,0,1
-5.172507264149706E-4,-0.01265783464599751,0,1
3.966868524359301E-4,-0.01200575867746851,0,1
-2.4207439020077328E-4,-0.011329339659581656,0,1
-0.0014991851336168197,-0.012152368391054895,0,1
-0.0013146953139066347,-0.012029496869387554,0,1
-0.00131103589335798,-0.011236522510616305,0,1
-9.995898182503077E-4,-0.012287631590707603,0,1
-0.0016104191921246464,-0.010406361212822346,0,1
-7.943876836124669E-6,-0.013273099154570787,0,1
-5.280261217480549E-4,-0.012444289627276074,0,1
-6.183740842710475E-4,-0.012792571611550951,0,1
-7.30790082651184E-4,-0.011364857683579118,0,1
-8.502084233672935E-4,-0.012095609174800818,0,1
3.2593068504000936E-4,-0.012665146188962676,0,1
-0.0010564317928604434,-0.01174917949007032,0,1
-2.083440460906625E-4,-0.010785528493538123,0,1
-0.0037860345978061997,-0.012286173380321732,0,1
6.54458375223102E-5,-0.012928879668919858,0,1
-7.737169597117543E-4,-0.013805076138409141,0,1
-1.0825254632643313E-4,-0.01195658631892583,0,1
-0.001165263329300058,-0.012753051822383078,0,1
-5.608198170268318E-4,-0.012374162773856253,0,1
-8.421601662376224E-4,-0.011835559447381978,0,1
-0.0033502763773352543,-0.010732681118674085,0,1
-0.0015513097244085263,-0.008606710054747583,0,1
-0.0024534058059527933,-0.013143244620812301,0,1
-0.001109235920679612,-0.012297130454251265,0,1
8.42069413800995E-4,-0.012826685405917986,0,1
8.516306592129699E-4,-0.010015091619990237,0,1
-3.6475128510649404E-4,-0.009068816656993928,0,1
-0.0012907669671639896,-0.011549732602785115,0,1
-0.0020420749976944553,-0.01062008742078111,0,1
-5.852800258072051E-4,-0.014549850188615428,0,1
-0.0015944529719289229,-0.012523310016508516,0,1
-3.1461296077761955E-4,-0.01221079516988796,0,1
-8.75069625724157E-5,-0.012413805951882418,0,1
-8.079879141916217E-4,-0.01126870270550141,0,1
-0.0013827581345959852,-0.011130990766747624,0,1
9.407718198824011E-5,-0.011699493613716314,0,1
-0.0016742237705991323,-0.014003572846986903,0,1
-8.798808337786781E-4,-0.010552745941976771,0,1
2.9676364209454563E-4,-0.014238942022415838,0,1
-1.9280710638857276E-4,-0.012183536392170635,0,1
0.0011493874660391083,-0.013935858383238079,0,1
6.548517886573274E-4,-0.011844185861491928,0,1
-0.0014700131969337408,-0.011839099727172595,0,1
-1.7718807467250453E-4,-0.01224088302470159,0,1
-7.909861700892391E-4,-0.011490024082306736,0,1
1.019823433847433E-4,-0.012517131731761978,0,1
5.900966348054414E-4,-0.013196149374473375,0,1
-5.092453090573661E-4,-0.01140978985993203,0,1
-7.116557254163813E-4,-0.012080990536290429,0,1
-2.465008694235606E-4,-0.01145962498690403,0,1
-1.6771334887463496E-4,-0.010803123230211103,0,1
-6.820285062783185E-5,-0.012024072667054209,0,1
-0.0029266460723733215,-0.01193411590465328,0,1
8.558999654403007E-5,-0.011308133029925454,0,1
2.638140481933868E-4,-0.011733540710185213,0,1
4.397208274786116E-4,-0.011461335104397771,0,1
-0.0016016707453492887,-0.011984910536148809,0,1
2.3334426801254604E-4,-0.012387966551481968,0,1
-7.249094509350358E-4,-0.012242702759236352,0,1
-9.259751792461487E-5,-0.010266936926565329,0,1
-3.623130356352516E-4,-0.011190648574831215,0,1
4.991476299830997E-4,-0.01254312266213917,0,1
0.002551194170538307,-0.010111225827033055,0,1
-4.3868101828646193E-4,-0.01251151337208182,0,1
6.99920849830131E-5,-0.011917306207900566,0,1
-6.650398532440146E-4,-0.01079333941629511,0,1
1.2709487647897787E-4,-0.012250827226052197,0,1
4.0660983940163007E-4,-0.011037977534954306,0,1
0.001457764139561585,-0.012010668701007624,0,1
8.249181195545664E-5,-0.011244895637779277,0,1
5.527936633305887E-4,-0.011655526685842906,0,1
-0.0020153699760650868,-0.012833550139602183,0,1
4.994160126660808E-4,-0.011340920719270411,0,1
2.650981614517896E-4,-0.01426910363234795,0,1
1.8481128533975652E-4,-0.010688558866654487,0,1
-0.001219259646882651,-0.012011913903184521,0,1
-8.270229451152328E-5,-0.013827434327314968,0,1
2.624310729634285E-4,-0.011253559186951024,0,1
-4.7148520227278826E-4,-0.012255227160863642,0,1
6.002906192028422E-4,-0.011309846338486076,0,1
5.029574856285732E-4,-0.011339407898453044,0,1
1.5130635256655733E-4,-0.011004733810873269,0,1
-0.0038917651177239865,-0.011039620308262632,0,1
9.821645573075707E-4,-0.011725055373348302,0,1
-0.001432265856669368,-0.011709777440809562,0,1
-3.4044760113661484E-4,-0.011072688919934497,0,1
0.001457835056804664,-0.011637495781651443,0,1
0.0011029154350502995,-0.010735244108532641,0,1
5.354082391004156E-4,-0.01156410109866575,0,1
3.372820207351844E-4,-0.011383210541537908,0,1
4.5134466380191253E-4,-0.011478584408441303,0,1
-0.00468061624297136,-0.013236550986504579,0,1
-0.0036108728994690225,-0.013428197621314118,0,1
-0.0038258805027823434,-0.014496170687226346,0,1
-0.00477572752693315,-0.012946626563856357,0,1
-0.006621294263627754,-0.013749359642341958,0,1
-0.005615622207463501,-0.014104629601062606,0,1
-0.004810621829043248,-0.015218123253858256,0,1
-0.005486091835043597,-0.01390798004116792,0,1
-0.007069434865174791,-0.014721820178368995,0,1
-0.0042082118741327635,-0.013910206064132334,0,1
-0.005295871134667171,-0.010900930254668427,0,1
-0.005614661512600685,-0.013553398331868331,0,1
-0.006097603777191418,-0.013261434600055737,0,1
-0.005960181228116801,-0.013859960472884,0,1
-0.007035177690119359,-0.015013484418261615,0,1
-0.0042539304678366014,-0.012671874659257088,0,1
-0.005878103409545007,-0.014535542263999683,0,1
-0.005260457671029516,-0.014110947252611193,0,1
-0.004562860407375185,-0.011891584038224696,0,1
-0.0034748304843959144,-0.012238245477238585,0,1
-0.0058900888193222645,-0.01370969687234533,0,1
-0.005461468551465689,-0.013553197730763383,0,1
-0.00619316011809757,-0.012720397869513397,0,1
-0.005178239973206377,-0.013366971474727842,0,1
-0.0056382203615411835,-0.013183852526503621,0,1
-0.0049482489831032,-0.012435089373099442,0,1
-0.006384941124992021,-0.013485148506122478,0,1
-0.006032943828842144,-0.012350864079869257,0,1
-0.006159614879542702,-0.012723204083653532,0,1
-0.003949338513193058,-0.013520477462558017,0,1
-0.00500607370918551,-0.014600081335452266,0,1
-0.0063115067118803105,-0.013744753115547813,0,1
-0.006391706382789352,-0.014006658180924829,0,1
-0.004074939492592732,-0.013501162627718914,0,1
-0.00546032257390151,-0.01415372674096956,0,1
-0.006984332254031605,-0.012535583902574565,0,1
-0.006063408050975874,-0.014025522297994,0,1
-0.005451132228748547,-0.013986384444980283,0,1
-0.00578761823247283,-0.013399596500440512,0,1
-0.006042175855954674,-0.01291264963311823,0,1
-0.006120268412981709,-0.010783122736432008,0,1
-0.004769185272341051,-0.013253448397100855,0,1
-0.00655063380975806,-0.011749735606187918,0,1
-0.003286388618689271,-0.013069967695047867,0,1
-0.004802691716883,-0.014288535609841328,0,1
-0.00229864262514243,-0.012507979463526978,0,1
-0.005157257265346502,-0.013788987536775946,0,1
-0.005068901595556508,-0.012717843205237105,0,1
-0.004457202071918872,-0.016950867106797742,0,1
-0.006535488331106811,-0.01363080812348201,0,1
-0.005160372027518109,-0.013095158393861224,0,1
-0.003214861218403422,-0.013227271184309103,0,1
-0.008002509064487313,-0.012406764065720463,0,1
-0.0062677061028007805,-0.013015715795484188,0,1
-0.005787292320406879,-0.012526825170740497,0,1
-0.006126651678946348,-0.012496710578783394,0,1
-0.003752518162591722,-0.014800889421406388,0,1
-0.003273649822742939,-0.012478610055783265,0,1
-0.0033540944672387474,-0.012800160234274346,0,1
-0.005054591805171307,-0.01437487985486654,0,1
-0.00537702757332355,-0.01363331397574505,0,1
-0.005309559969320154,-0.012233071821814252,0,1
-0.006218064214662245,-0.01327815702398013,0,1
-0.00672712225854484,-0.013709963580480065,0,1
-0.0047463477012578935,-0.012608429887835195,0,1
-0.006182081721749295,-0.013072812249445046,0,1
-0.006873950191131539,-0.012681823566479972,0,1
-0.006526337950234846,-0.013048749895865713,0,1
-0.0034414759865471693,-0.013542181148966487,0,1
-0.004693738466273579,-0.012887772648447978,0,1
-0.00492347558052315,-0.012725463369604841,0,1
-0.0032902545279212886,-0.013365383506424614,0,1
-0.005684499504732933,-0.013571045341468316,0,1
-0.005497904882176925,-0.01186469129826735,0,1
-0.0056218475510458705,-0.01334537488244208,0,1
-0.0054629480855343865,-0.014568993044145079,0,1
-0.005607741090916915,-0.012846849029149206,0,1
-0.007600281446391796,-0.011575992055345444,0,1
-0.005437084300551176,-0.010937844464290924,0,1
-0.006123549170870237,-0.010400389158864846,0,1
-0.006279981712779532,-0.012834665880986558,0,1
-0.004885704955448499,-0.013125661472485875,0,1
-0.004862610077356133,-0.013408629601239983,0,1
-0.004873386433497156,-0.01358596037003463,0,1
-0.006235556548937788,-0.01029290448750247,0,1
-0.004680373878571069,-0.010487644210757634,0,1
-0.004775185024479392,-0.015090249911956377,0,1
-0.005972066178388988,-0.011624206291310252,0,1
-0.008440305574384575,-0.012820258142773742,0,1
-0.005745919786519728,-0.01309141905656262,0,1
-0.005189791395901042,-0.014036444366272138,0,1
-0.0041518863341158865,-0.01367366407738328,0,1
-0.00548739088836509,-0.013649274091175818,0,1
-0.004521684562393151,-0.013107205918618938,0,1
-0.00439448400194289,-0.014455497046717631,0,1
-0.004995841453369898,-0.013185664332728468,0,1
-0.005197098498954618,-0.013276155867386313,0,1
-0.004878275633415135,-0.013454952786150812,0,1
-0.0056586796361453315,-0.01575110452210849,0,1
-0.005446069401741374,-0.01313645206693167,0,1
-0.005388790504869899,-0.013183870546289826,0,1
-0.006324027698937459,-0.011892950572238315,0,1
-0.0057315716617999226,-0.01355342046207903,0,1
-0.004947537193810134,-0.011662752980558617,0,1
-0.004437007167600667,-0.013435840987248102,0,1
-0.0045926398388973855,-0.013740089698899817,0,1
-0.0059481812203319925,-0.013529815990240366,0,1
-0.003982454114196884,-0.013478666505312722,0,1
-0.006321117638770111,-0.0106344589278518,0,1
-0.006825247955562335,-0.01286926277183855,0,1
-0.0033376810799584634,-0.013157902244280621,0,1
-0.004892865630907998,-0.013494298170120655,0,1
-0.00508534155658128,-0.013710837250900765,0,1
-0.005070767938632771,-0.012351948334951375,0,1
-0.005929174682747154,-0.011344004883705074,0,1
-0.0041805741826123075,-0.013736474477702446,0,1
-0.005985330229664808,-0.014201970095804794,0,1
-0.005767924435008589,-0.014501344451339304,0,1
-0.0045690072396604095,-0.011984650466151514,0,1
-0.005181981502549917,-0.013070013978353235,0,1
-0.005413998109075818,-0.012941937080551438,0,1
-0.006346244982111291,-0.010864332912953818,0,1
-0.004671198684093953,-0.013626536700404401,0,1
-0.0052880424624419786,-0.012423648284633793,0,1
-0.0026802183155159114,-0.011765407045890712,0,1
-0.004415805710797215,-0.013443351333729309,0,1
-0.005616113062102351,-0.015687925868208854,0,1
-0.004772044368997165,-0.013350471764290831,0,1
-0.004922096430748928,-0.012989320104698733,0,1
-0.005627530405972431,-0.012626266945603416,0,1
-0.00704113468565043,-0.011919615441650286,0,1
-0.005503501277575055,-0.011436321328198225,0,1
-0.006193233887942406,-0.012595887793492418,0,1
-0.005722076531009259,-0.01263559954639434,0,1
-0.005459414459450722,-0.012299326618623988,0,1
-0.004471912434808289,-0.01322132762563608,0,1
-0.005276781301527578,-0.014152662081835615,0,1
-0.005190679776682459,-0.013703996003840011,0,1
-0.005510373385823526,-0.012418140194527354,0,1
-0.002203562813662883,-0.01218436099350602,0,1
-0.0066769741693655064,-0.012325171583548365,0,1
-0.0038438695663810954,-0.011841961525853364,0,1
-0.0055207406992069654,-0.012027357450506862,0,1
-0.006938242872046368,-0.01313966237142409,0,1
-0.0036526740490247095,-0.013766019604167986,0,1
-0.00498850198772435,-0.011934362288176343,0,1
-0.0045847392727087575,-0.012707607305847175,0,1
-0.0045151176351824465,-0.013729471876631493,0,1
-0.00503129409697395,-0.012782912295499086,0,1
-0.005512766735826879,-0.012937128744844824,0,1
-0.00513912022430158,-0.012603773269239955,0,1
-0.0035351152600471792,-0.01261968043654394,0,1
-0.006081639701345546,-0.011969669310722205,0,1
-0.006280573143893197,-0.011750077445604464,0,1
-0.004837810749501491,-0.012672349753113479,0,1
-0.0044347242595369415,-0.0119778717208918,0,1
-0.0030780272289449052,-0.012978515633914086,0,1
-0.005123865513526055,-0.012737143589889692,0,1
-0.005329097081764385,-0.009474607053924366,0,1
-0.004847556058921118,-0.012036094736981709,0,1
-0.005377599159261895,-0.0127060274551186,0,1
-0.00548765716867084,-0.011084321299989128,0,1
-0.004306324084434392,-0.012697167629783278,0,1
-0.003828151464756903,-0.01185978351956898,0,1
-0.004251589658803696,-0.013022949271362053,0,1
-0.005377907915881723,-0.012316617239010907,0,1
-0.00500170664228305,-0.012913888022156867,0,1
-0.005332362819198439,-0.013765527313017506,0,1
-0.006348916720960251,-0.013055450906178665,0,1
-0.005158865013547672,-0.012376187555436643,0,1
-0.0028764502513800136,-0.013328468507880971,0,1
-0.004395911437536976,-0.012722498444057208,0,1
-0.007725478871476032,-0.009790427845856054,0,1
-0.006420479731997792,-0.012749849175626155,0,1
-0.005717793501984079,-0.013187705571168626,0,1
-0.004990672369174729,-0.011833218475236806,0,1
-0.005206034511367788,-0.012305410597682632,0,1
-0.005112023225916267,-0.012008669865051627,0,1
-0.003768719203865478,-0.01284500425883744,0,1
-0.004770324038936379,-0.011553941990737367,0,1
-0.005715445152839828,-0.011630048539704906,0,1
-0.003746724493407793,-0.011951767683005059,0,1
-0.004231328315915349,-0.011880151877286317,0,1
-0.006585120259923349,-0.011311347896685272,0,1
-0.004649187354337992,-0.012630511516846384,0,1
-0.004343375327537724,-0.012950380836285273,0,1
-0.004430859225388145,-0.012589676089611892,0,1
-0.006098120636685241,-0.011304757376221776,0,1
-0.00498589500064746,-0.012499714281799417,0,1
-0.007089002588783277,-0.010194523574567195,0,1
-0.004650095074185229,-0.012302070466888302,0,1
-0.004252794328359433,-0.012360569878116373,0,1
-0.00398176015209495,-0.013564967040914642,0,1
-0.004468680024704114,-0.012471126936307992,0,1
-0.0035148085698947897,-0.011948950181808112,0,1
-0.005738871232102204,-0.011480834606464567,0,1
-0.0050609329134802695,-0.011876416871417507,0,1
-0.005273203689687409,-0.009965313146906494,0,1
-0.004735454573775886,-0.011892243628051276,0,1
-0.004595444777823306,-0.012391827710951358,0,1
-0.004693036675230511,-0.012918667103138388,0,1
-0.006008057888568361,-0.012001527243588573,0,1
-0.00599273053053868,-0.01295331355924535,0,1
-0.00449318363918894,-0.013501230231419073,0,1
-0.004680409590194448,-0.012327701964632246,0,1
-0.004444940597429138,-0.012315725079578985,0,1
-0.004654120139142599,-0.012318950428383156,0,1
-0.0043145313911608155,-0.01168755282845231,0,1
-0.0037925928189276384,-0.011144505548303343,0,1
-0.0031403424646116,-0.010251471125042681,0,1
-0.0038299032539305554,-0.01252746789958122,0,1
-0.0039819131145388004,-0.011688100862147124,0,1
-0.005600465673006231,-0.012241446522935205,0,1
-0.003450549121990152,-0.013005280074794262,0,1
-0.003721681049727085,-0.010649003499571836,0,1
-0.0038691254084484367,-0.014837364716076582,0,1
-0.005623699105808261,-0.014258466011914519,0,1
-0.004073713232883774,-0.011478746345128257,0,1
-0.004073465713721678,-0.01151238632384112,0,1
-0.004231321012152411,-0.011694317001724077,0,1
-0.002392089670089634,-0.015213116329809442,0,1
-0.0037053388045340543,-0.011970648625974214,0,1
-0.0029682734490846137,-0.01262865541699805,0,1
-0.0040431288113767505,-0.011654136129208589,0,1
-0.003693430237292757,-0.011888669599327472,0,1
-0.005614327715591621,-0.012392306986594558,0,1
-0.0031799492261604598,-0.012299026569945023,0,1
-0.0040996657794833994,-0.012824108342463612,0,1
-0.002956217295076684,-0.012186955979656485,0,1
-0.004068150127388048,-0.011313091569204802,0,1
-0.004261033074310405,-0.011916933158031157,0,1
-0.004301464552207526,-0.011963468242451336,0,1
-0.005637234669890587,-0.011500737631138779,0,1
-0.004813007012228842,-0.010344835688988746,0,1
-0.005344208450368152,-0.014379270475621823,0,1
-0.003961268375006937,-0.011630998859371152,0,1
-0.004177975233197674,-0.016067808907587643,0,1
-0.001197456241824813,-0.014648781649908491,0,1
-0.004146673121330299,-0.01734336650615041,0,1
-0.004722385335064054,-0.013880223891837034,0,1
-0.005042045933077305,-0.012722675063359626,0,1
-0.004389084844809304,-0.013535010876287775,0,1
-0.0028329567742281106,-0.013854851911317615,0,1
-0.0028965797314973087,-0.012892271441722305,0,1
-0.00443514263538969,-0.01181768085974845,0,1
-0.0032759788158170616,-0.013708253696488563,0,1
-0.004225890997631196,-0.012866516106428185,0,1
-0.004378227477576249,-0.012951212237312167,0,1
-0.003769771620221595,-0.012020221662635286,0,1
-0.0022361077844431005,-0.010368789368758064,0,1
-0.0048397718254214435,-0.01182709439238706,0,1
-0.0036569220380711447,-0.011025539593108735,0,1
-0.004512903213791263,-0.011237356979394666,0,1
-0.0038438752512885608,-0.013705409847731378,0,1
-0.004980040368115343,-0.014037749854624651,0,1
-0.003710509125501937,-0.01550796134859556,0,1
-0.004547749300691359,-0.014189354686555867,0,1
-0.0035530267145685674,-0.014183158517874361,0,1
-0.0027889810925776763,-0.014127951624598336,0,1
-0.0017814227596958483,-0.013662676833121381,0,1
-0.001556761822734892,-0.014331162072727199,0,1
-0.004643053544945105,-0.013729982479255888,0,1
-0.004632463358694081,-0.012522074038155613,0,1
-0.0034397247756265243,-0.012036406914005824,0,1
-0.003879250587688745,-0.012303647862209416,0,1
-0.0051732644316517876,-0.01502673721825554,0,1
-0.0033269365645186206,-0.011394559745173392,0,1
-0.004037035002552808,-0.011081802871884466,0,1
-0.0036950348109440543,-0.011290763178670095,0,1
-0.0042715854379229675,-0.014677112276531639,0,1
-0.007071385801066815,-0.01362592195470501,0,1
-0.003701586998613509,-0.011608379565963256,0,1
-0.0054069334827498185,-0.012788206051615535,0,1
-0.004268938419601685,-0.013858335963253915,0,1
-0.005454311773881198,-0.015444262202551634,0,1
-0.0047702494676180275,-0.012848691560917974,0,1
-0.003971424384445481,-0.013054371273005145,0,1
-0.004575663110840853,-0.011917924217625326,0,1
-0.006839861994492879,-0.01536140458410422,0,1
-0.004031091302416126,-0.013173227994160016,0,1
-0.00546163756658731,-0.008711262557564438,0,1
-0.004792841412061579,-0.009998519744796496,0,1
-0.003271669809728457,-0.012062205350317308,0,1
-0.0037361869501516135,-0.011498035789434912,0,1
-0.0033963751888593874,-0.015443825042754626,0,1
-0.0041454510782870735,-0.014053513915259792,0,1
-0.004147204337030071,-0.014020474828284269,0,1
-0.003539319477435115,-0.01346600624927999,0,1
-0.0029230483968283104,-0.014890580958125024,0,1
-0.005047183142784632,-0.014068892962922559,0,1
-0.00399281031509975,-0.013036092629276613,0,1
-0.0030994839187910884,-0.012584801202982481,0,1
-0.002014439221403026,-0.012404234920948658,0,1
-0.004426726777844093,-0.013352456454447947,0,1
-0.0033338729295590876,-0.01321075929549103,0,1
-0.004186080638925707,-0.015752000564507727,0,1
-0.0029476536755032286,-0.011201917844332292,0,1
-0.003918980050968995,-0.012860492791900071,0,1
-0.005149694229836646,-0.011910581057375129,0,1
-0.0034313474886773004,-0.015446150953354392,0,1
-0.003534950329673488,-0.014216558913005665,0,1
-0.0038498038549493988,-0.013123143606739102,0,1
-0.004751757599952728,-0.01327043755303976,0,1
-0.004226937849078323,-0.013401347025095154,0,1
-0.004892647548922477,-0.0132157179066287,0,1
-0.0021155056200519687,-0.01620244341844944,0,1
-0.004832282963851335,-0.01286711647465434,0,1
-0.0031554827215358656,-0.01168106884905985,0,1
-0.0037959549478550117,-0.012386711124969581,0,1
-0.0032324733143567035,-0.010559701769637398,0,1
-0.001983453547394195,-0.011170955575650074,0,1
-0.0023619811180264844,-0.01240756150397748,0,1
-0.0029737028263804996,-0.012255758307748218,0,1
-0.0034912194576966083,-0.010719241716568356,0,1
-0.004504284232744385,-0.018313011110431567,0,1
-0.00481105369042388,-0.012851882627821522,0,1
-0.0049851595850975055,-0.013577726548439393,0,1
-0.004368143470497464,-0.01460917517492853,0,1
-0.0029562701794737987,-0.013640170512761606,0,1
-0.006710869141597906,-0.015631129945220347,0,1
-0.004063743585917744,-0.012596572221041429,0,1
-0.0031113356718582654,-0.012508490221831642,0,1
-0.003518089834670795,-0.012308125891477662,0,1
-0.0031270918009003927,-0.01105400718246694,0,1
-0.0033689026946333244,-0.011966151440622552,0,1
-0.0037867044869964797,-0.009736610514173637,0,1
-0.002678551977888113,-0.010665311459646757,0,1
-0.0032137108097868177,-0.014837320789838227,0,1
-0.003528690991210297,-0.018226409628660165,0,1
-0.004961920107466165,-0.014296478110045786,0,1
-0.0028945838968483686,-0.013280967510612892,0,1
-0.0043697448736479075,-0.014363933456610696,0,1
-0.004031291528412466,-0.014245934155665958,0,1
-0.0035013724328617256,-0.014385425487024742,0,1
-0.005175762855053849,-0.013273218503835199,0,1
-0.002681238468986027,-0.012516230344826232,0,1
-1.760131216238713E-4,-0.012058274544525528,0,1
-0.004087148542673607,-0.012517875981067338,0,1
-0.004383216470233729,-0.012348710129374546,0,1
-0.002736827893657589,-0.012699104586651959,0,1
-0.002505069152605161,-0.012195928149310526,0,1
-0.0018968461847641994,-0.013617028569504827,0,1
-0.0050637386642135886,-0.014423678935567244,0,1
-0.005464601981905767,-0.013538983454116403,0,1
-0.0037396352669568735,-0.0134885977078169,0,1
-0.004314591514199701,-0.015559354920332604,0,1
-0.0036558777077804415,-0.012110530699098322,0,1
-0.004619628294234889,-0.013763644536145052,0,1
-0.003024811725744143,-0.010970537578471955,0,1
-0.004562434320399708,-0.011721808497856541,0,1
-0.004024310149463131,-0.01330874590180722,0,1
-0.003686822246564201,-0.012737225544705418,0,1
-0.002605943813552693,-0.012571181931225818,0,1
-0.002306944167280533,-0.012159471812532845,0,1
-0.005899730733452763,-0.01394649367788676,0,1
-0.004469266368783455,-0.016584606945988036,0,1
-0.003924776722109762,-0.01413143984820289,0,1
-0.003923767644956055,-0.01356864780306551,0,1
-0.0041291695266238255,-0.013835612495005421,0,1
-0.0035516719847677528,-0.013160637700854624,0,1
-0.003247646438451682,-0.012404699988806413,0,1
-0.0030889906966252256,-0.012767729824247757,0,1
-0.0027276128729295784,-0.011479405600771507,0,1
-0.002255750402518606,-0.016097496541045763,0,1
-0.0037392018508515686,-0.01342411468621101,0,1
-0.003048682204771287,-0.012013403992826372,0,1
-0.004033397989469885,-0.014423463426549661,0,1
-0.004479136283174797,-0.013671761805181981,0,1
-0.0033338676574813145,-0.01289632511630231,0,1
-0.004783080899563382,-0.013149520003192524,0,1
-0.004702449165548441,-0.013373108872283676,0,1
-0.0038884395497823738,-0.013231583450014763,0,1
-0.0031645235080806017,-0.013248351631035686,0,1
-0.002515405414121552,-0.014295031972229227,0,1
-0.002588826700012993,-0.012331328222943106,0,1
-0.0034971221303942437,-0.01223749873277821,0,1
-0.003889797668713558,-0.012352376148502693,0,1
-0.001968607268434694,-0.011594039528524327,0,1
-0.003922128739462745,-0.01436523609902628,0,1
-0.00184821920416891,-0.01436681887585082,0,1
-0.003608942493146942,-0.014124027196701165,0,1
-0.003591897089936324,-0.013636877600546455,0,1
-0.003095857604445709,-0.014196916779035843,0,1
-0.0034023012666883844,-0.013819970152203855,0,1
-0.0017124663520569638,-0.014175561739692486,0,1
-0.005302349152988689,-0.01356910904006733,0,1
-0.003282541531998565,-0.013025724189280751,0,1
-0.001911641969492576,-0.013404182100948318,0,1
-0.004179738071724218,-0.010409159743987284,0,1
-0.002385436067562168,-0.012041101541012364,0,1
-0.0037544108608970443,-0.018536089113977763,0,1
-0.0021322307918761147,-0.014502192476150507,0,1
-0.0034201509636853818,-0.01420194510705212,0,1
-0.0033420290147549866,-0.014172769122733058,0,1
-0.004238473332564592,-0.014836486763988606,0,1
-0.0032192217156123393,-0.013461858243347287,0,1
-0.002964884818172217,-0.013523887302633692,0,1
-0.0027229099705816124,-0.013839123870226908,0,1
-0.002468203692347043,-0.014805784091412462,0,1
-0.0051468393789426935,-0.010689234058770012,0,1
-0.0034302303681635186,-0.014520990806321514,0,1
-0.0036493621617403253,-0.014485763321215216,0,1
-0.004581688591772994,-0.012813311750072083,0,1
-0.002529701410887789,-0.013915795795094658,0,1
-0.004210873098590598,-0.014520651250854333,0,1
-0.0029749110214588098,-0.013267611355880686,0,1
-0.002932251821075033,-0.013456125023755478,0,1
-0.0038637218608925192,-0.013045526518980406,0,1
-0.0036324866430922954,-0.013071285542322689,0,1
5.308962394395232E-4,-0.01227047132775092,0,1
-0.0047682382947013486,-0.013244769241126983,0,1
-0.005205951591629012,-0.0175646295541163,0,1
-0.0034373000715298896,-0.013676426078497872,0,1
-0.004254633818452306,-0.013948102699144387,0,1
-0.0014610302322393962,-0.014547926055468839,0,1
-0.00273052152503478,-0.015511448867862182,0,1
-0.0027938115511542063,-0.011904625923704679,0,1
-0.0025012288131161958,-0.012496139714569754,0,1
-0.0029453687259014868,-0.013890136982657529,0,1
-0.0027982897666622973,-0.012948765782169053,0,1
-0.0038265932447721163,-0.014540277792533678,0,1
-0.003948527693834988,-0.015258880046257365,0,1
-0.0024405943879243154,-0.013920032380783709,0,1
-0.00395437406740488,-0.01576566785434761,0,1
-0.004472397095761971,-0.013281885096316377,0,1
-0.0019309398652911309,-0.01631320554115524,0,1
-0.0020502097779512424,-0.013764938581989818,0,1
-0.0028298392749072695,-0.013231147639378021,0,1
-0.003065972931745491,-0.013000870739497865,0,1
-0.004557233720421639,-0.014199036233715262,0,1
-0.0032512073064847723,-0.01309287550497253,0,1
-0.002746454267925101,-0.014844759202527388,0,1
-0.003245558528397199,-0.014335644343150317,0,1
-0.004891496423526517,-0.0159682613365491,0,1
-0.0025767516832295905,-0.01751340811734041,0,1
-0.0025733931779843935,-0.013037256563433937,0,1
-0.0025412761039019156,-0.01458975166975481,0,1
-0.0030477619126014865,-0.01255365536068763,0,1
-0.003393193405640967,-0.01169875770559103,0,1
-0.0030243729126644826,-0.014647466133987968,0,1
-0.0025984605173267994,-0.013913805729779492,0,1
-0.002090870103543833,-0.015416793504315275,0,1
-0.003793780311829377,-0.016247024560355622,0,1
-0.0027228985736129714,-0.013942836429836165,0,1
-0.004953550182323113,-0.013986853616959555,0,1
-0.0012062630674455972,-0.013090467543097664,0,1
-0.002779163051781463,-0.011754665283115277,0,1
-0.0016224974756146988,-0.01306673334899463,0,1
-0.0031487389522787375,-0.013410615373228555,0,1
-0.002451562294818582,-0.014428974819245715,0,1
-0.004011050304490719,-0.01380477596312473,0,1
-0.0027006048099904303,-0.013969676686059905,0,1
-0.0034636083279309697,-0.016204295499426976,0,1
-0.003415133411908488,-0.01446623517146508,0,1
-0.00185123261833335,-0.013806758634682973,0,1
-0.0027872325557484674,-0.013780970584778405,0,1
-0.00334249051427971,-0.014496059694274584,0,1
-0.003941902604458699,-0.014247402784017281,0,1
-0.0027647593576431975,-0.014234483096542681,0,1
-0.002090476437345896,-0.014149374978302586,0,1
-0.001082407490066442,-0.013736723212520162,0,1
-0.0020108253784994023,-0.012843676115974397,0,1
-0.0025181733480999346,-0.013337085695968049,0,1
-0.0022665178487719516,-0.012093422873186118,0,1
-0.0030985370988868745,-0.015002574015502841,0,1
-0.002708713986969778,-0.014761277401695598,0,1
-0.0020054828418078923,-0.013449525069788687,0,1
-0.0028611805737641933,-0.014240036313204573,0,1
-0.0015618474416466343,-0.013870824183932935,0,1
-0.002007210427739738,-0.013700401450086616,0,1
-0.0038499067365246956,-0.013243740239217403,0,1
-0.003220792527508878,-0.014111219181157188,0,1
-0.0030047629155492426,-0.013807680868875528,0,1
-0.0026194669241207448,-0.013970292327580526,0,1
-0.0025781283832474996,-0.013886460693684459,0,1
-0.0013304040909945562,-0.01658756214191761,0,1
-0.0031784711845489278,-0.012620845714634076,0,1
-0.0042811613640318155,-0.012949416252977632,0,1
-0.0020922899480233697,-0.01429062490329559,0,1
-0.002422405764315321,-0.014495579112558806,0,1
-0.002859578432550371,-0.012329474466262444,0,1
-0.0021564278511262314,-0.014040707496947287,0,1
-8.934930609607651E-4,-0.010870330175489605,0,1
-0.0040026064671643494,-0.01408136123912911,0,1
-0.003961655611809911,-0.014030443846571846,0,1
4.654330895061663E-4,-0.012243426665919807,0,1
-0.0027407968880631237,-0.014408304364875214,0,1
-0.0015305066815085521,-0.01272284461362535,0,1
-0.004291836158910957,-0.012781421247967592,0,1
-0.0026391627003985985,-0.014593239558526604,0,1
-0.0012454676749607176,-0.015308115843165509,0,1
-0.0024873370845022837,-0.013662221843400916,0,1
-0.0021107804307089967,-0.013857839668475425,0,1
-0.002084063982179167,-0.01247358929750063,0,1
-0.002784080167665695,-0.012382793806936273,0,1
-0.002362322285231124,-0.0143866338652216,0,1
-0.0017922633924472703,-0.014825694903762732,0,1
-0.002831443077378145,-0.016668350367773022,0,1
-0.0018839655535923283,-0.013559069236697972,0,1
-9.940919544525375E-4,-0.013326724388887025,0,1
-6.835543490361293E-4,-0.013360787836545067,0,1
-0.003211638127260456,-0.014006971531762747,0,1
-0.0022587763689637334,-0.013619019324269621,0,1
1.991340681344382E-4,-0.013104294773933654,0,1
-0.001484353519364764,-0.013577728478336076,0,1
-4.709765515287897E-4,-0.014239902468457735,0,1
-0.0032081174421618257,-0.013606419720769314,0,1
-0.001957762655408241,-0.014460959987611398,0,1
-0.003961668081942848,-0.012848436777933323,0,1
-0.0026273945558951527,-0.013566709925906507,0,1
-0.002373474657704341,-0.014533435586055556,0,1
-0.0026689135128301444,-0.011508994522516235,0,1
-0.0013259937010852122,-0.013689071827087592,0,1
-0.001596509635330898,-0.015066339135478102,0,1
-0.001084039662384802,-0.013880207819389393,0,1
7.028383929382082E-4,-0.014481163933841286,0,1
-0.003735015968771149,-0.011619106833505574,0,1
-0.001696146613046388,-0.014431591117369254,0,1
-0.005103778430797107,-0.015351612076496785,0,1
-0.004441061878300157,-0.014807029561360426,0,1
-0.006463180214777821,-0.015447908363367086,0,1
-0.007761819033377096,-0.012969703787268553,0,1
-0.005916400600869774,-0.015717542697663015,0,1
-0.005717561021836188,-0.015406608673655906,0,1
-0.0069251294236911546,-0.015274889820758008,0,1
-0.005126373006900946,-0.01565160088477058,0,1
-0.005588280045678008,-0.01605127201321993,0,1
-0.005319907345250524,-0.015670504032461435,0,1
-0.00624310707099934,-0.017275085856184827,0,1
-0.008606080437324092,-0.01509522688575211,0,1
-0.004429235385200838,-0.015047779677802544,0,1
-0.008590891013015819,-0.01570090465398012,0,1
-0.0036199022561783393,-0.013912476677679812,0,1
-0.004879750616084282,-0.014646606395491379,0,1
-0.006752728613752072,-0.012145224139944231,0,1
-0.004929787134280618,-0.015160721567719488,0,1
-0.006605600277681011,-0.01636310825485122,0,1
-0.005714977183347989,-0.015234240611721808,0,1
-0.004475342291497135,-0.014709587959432174,0,1
-0.006261017392169842,-0.015938445910361473,0,1
-0.006186533765219622,-0.015513329822699911,0,1
-0.007706756616468436,-0.013367860203977166,0,1
-0.006466461691900773,-0.01679910797982713,0,1
-0.006264194216919366,-0.01502504467222097,0,1
-0.004855408085987746,-0.014313269963541092,0,1
-0.004865169561836989,-0.01470977145958504,0,1
-0.0053891576080706185,-0.014630290360943175,0,1
-0.005313210960758209,-0.014830596646798798,0,1
-0.006614275324543945,-0.01690277432532884,0,1
-0.004622368728747188,-0.015558132535907036,0,1
-0.005699915413424126,-0.01557347618420073,0,1
-0.006753817870620904,-0.017833338346125834,0,1
-0.005518506271243784,-0.01587319688688281,0,1
-0.0067124869710694585,-0.016712030117214834,0,1
-0.005757826259923473,-0.01670061415515484,0,1
-0.006133165042723878,-0.015730740102918535,0,1
-0.006606652210268664,-0.01606624933158886,0,1
-0.006798649801915297,-0.015836126695065254,0,1
-0.006299384668076716,-0.015074092471865978,0,1
-0.005938337868087187,-0.014125985151549784,0,1
-0.005508188093333416,-0.015679286671874154,0,1
-0.004183429240169435,-0.01590380432897659,0,1
-0.005672622646330766,-0.01565293118736978,0,1
-0.006240648225610006,-0.014702537088151639,0,1
-0.006139706526753918,-0.015849286106594005,0,1
-0.005591414603561622,-0.017070504023354964,0,1
-0.007091286366550182,-0.015575339497393223,0,1
-0.005067932663344857,-0.016523625074837203,0,1
-0.0049915538313839375,-0.01436918329680445,0,1
-0.005024995155679597,-0.014607671308316477,0,1
-0.005395243221982355,-0.014635546027474933,0,1
-0.005607466759537303,-0.014735227548940215,0,1
-0.005809303398139627,-0.014529156991834982,0,1
-0.006548607065282437,-0.01489967145967713,0,1
-0.0061044326334095496,-0.015433219765094286,0,1
-0.00581805227870695,-0.015467042678625585,0,1
-0.006222620033151951,-0.015239765045412723,0,1
-0.005546048687242851,-0.01514510191287796,0,1
-0.006794313660944789,-0.01559164443035248,0,1
-0.006978212726465966,-0.016004057540634335,0,1
-0.004964744760577297,-0.0133530020299861,0,1
-0.005916410579254566,-0.015187772679827488,0,1
-0.0058059506814394975,-0.01425007644456012,0,1
-0.006610178209808869,-0.01493564062846552,0,1
-0.00602108829995514,-0.015287380016363478,0,1
-0.008265087790443462,-0.0148157695027323,0,1
-0.0061024868480678,-0.015413300864317026,0,1
-0.006510702042572008,-0.015573528780487308,0,1
-0.006435601078866936,-0.015473423817123494,0,1
-0.005367383382590612,-0.016727335803193757,0,1
-0.005305296092163414,-0.015481767543151947,0,1
-0.008144806283748208,-0.015261457676395003,0,1
-0.0043394339701408255,-0.01473373278202183,0,1
-0.0038425077301358344,-0.016132827137683478,0,1
-0.0064312069786797346,-0.014210832622453057,0,1
-0.006929554787263163,-0.01403534747446237,0,1
-0.006094562813785103,-0.014962006074259187,0,1
-0.00822690512997246,-0.015130494778857412,0,1
-0.007250227366332765,-0.015380758547885726,0,1
-0.006708315421016451,-0.015278308785997594,0,1
-0.00776598000944141,-0.014855859555221895,0,1
-0.004964099006533649,-0.01355477521135697,0,1
-0.005470597861400824,-0.014875860847618282,0,1
-0.005627968822193887,-0.01477065900335575,0,1
-0.004879354008090683,-0.01483642865374674,0,1
-0.007918317110388966,-0.011822480068143204,0,1
-0.005635529670961751,-0.015355692861019758,0,1
-0.006487070287989219,-0.015397577543866482,0,1
-0.006130815326718414,-0.016281409312696997,0,1
-0.006207611199566237,-0.015707391072936845,0,1
-0.005471551178247716,-0.016445365677589207,0,1
-0.0060245215428883616,-0.01392095630262326,0,1
-0.0061728935374522976,-0.013170160485502333,0,1
-0.005418866389246315,-0.0144819954451274,0,1
-0.00506691488391311,-0.014613898052662671,0,1
-0.004768459605201694,-0.014868168054935276,0,1
-0.005460193538232067,-0.015138212248138988,0,1
-0.006303961760037631,-0.015298170092803166,0,1
-0.007961804535193866,-0.017538426787638485,0,1
-0.006610582814402341,-0.0153852800563316,0,1
-0.006024467215138214,-0.015690163735425103,0,1
-0.005449306144095173,-0.014176972458847564,0,1
-0.006083858886794506,-0.014152895972227221,0,1
-0.005672395178738993,-0.016128471928137156,0,1
-0.0038233784569757724,-0.0165408916520686,0,1
-0.007040058192710242,-0.01556622713105512,0,1
-0.006764762722587657,-0.012239174995341048,0,1
-0.005692804104450196,-0.015798793967136918,0,1
-0.0073309973752738854,-0.016171392596468066,0,1
-0.006870304327218099,-0.015793040063694305,0,1
-0.006158537813936558,-0.014738171496596706,0,1
-0.005835230712411585,-0.01434683879038451,0,1
-0.005609212307061629,-0.012856294259865593,0,1
-0.007388374488498015,-0.014912766077981523,0,1
-0.009054388480810594,-0.013228980568432077,0,1
-0.006178521626207609,-0.014796159727620635,0,1
-0.005726314752382148,-0.01570220058671967,0,1
-0.006867942823290536,-0.015217765738038316,0,1
-0.0057631944863988935,-0.014386157009581365,0,1
-0.004901120599115731,-0.013409584718696863,0,1
-0.00827550059191956,-0.013445404232328182,0,1
-0.0029035832999743205,-0.015307652077576395,0,1
-0.0057052536960879386,-0.01530989435885017,0,1
-0.005043045712269047,-0.014919153296736118,0,1
-0.00614448357986723,-0.016049826390820806,0,1
-0.005809966323893292,-0.016129615903276214,0,1
-0.006572596785237864,-0.010957672920092766,0,1
-0.005757355505445429,-0.013708400494188564,0,1
-0.005849479973953595,-0.01413950294476334,0,1
-0.006373657111022292,-0.013485227038165036,0,1
-0.006381595383553642,-0.014772047522580751,0,1
-0.003485452582015306,-0.012312315819172805,0,1
-0.010318435581377001,-0.014863318617542521,0,1
-0.005533043668617475,-0.015238913574501427,0,1
-0.004974457796689158,-0.014764006834934331,0,1
-0.006872032385908746,-0.013678492627508301,0,1
-0.00568499515224295,-0.014106574542945357,0,1
-0.006204411788678709,-0.014337038661691547,0,1
-0.007883721244610918,-0.014363082567702513,0,1
-0.006568434909731281,-0.01454288313568008,0,1
-0.007011916004830662,-0.014419319685154688,0,1
-0.0062329859322765024,-0.011940406960434217,0,1
-0.006516143861439134,-0.014795995243576863,0,1
-0.006743254395788554,-0.014245782125175467,0,1
-0.006351364183787651,-0.014104850353196308,0,1
-0.006455873396866979,-0.014669245743475603,0,1
-0.0066972326063912575,-0.014081647355603891,0,1
-0.006400578059099843,-0.014850650012012571,0,1
-0.006939625392731842,-0.01472093296952546,0,1
-0.009962278325909388,-0.012736600678866108,0,1
-0.00710320900808104,-0.01554212346673099,0,1
-0.006398433583187628,-0.01479356755451273,0,1
-0.0059392038955123185,-0.01417720144737435,0,1
-0.007484864516048614,-0.015631579905725553,0,1
-0.006458009228009105,-0.01529615781681293,0,1
-0.006318599202877142,-0.014772347839858873,0,1
-0.005425785878500524,-0.014460379385395447,0,1
-0.00578499333600921,-0.01545620986099146,0,1
-0.008844837704959555,-0.015638385093815727,0,1
-0.006845079420839104,-0.014646597673577077,0,1
-0.00754536094220656,-0.013943133094130538,0,1
-0.00691118747980272,-0.014787337965113884,0,1
-0.006020959373536263,-0.013096288214582781,0,1
-0.006630917109381977,-0.01484623560345195,0,1
-0.006670087642769358,-0.014473334174632516,0,1
-0.00626102269135337,-0.017308045458882496,0,1
-0.005729633738438396,-0.014838606194687434,0,1
-0.006286324802943206,-0.013982007756584156,0,1
-0.00580031579940199,-0.014561464415792537,0,1
-0.005321370865246507,-0.01583085626452611,0,1
-0.006102168146912116,-0.01226383789587139,0,1
-0.009268009840643968,-0.014297486956868704,0,1
-0.006371669916886606,-0.013623380228496575,0,1
-0.00674501753424889,-0.014439077571011613,0,1
-0.008047840210959466,-0.013559394543221644,0,1
-0.006622865802620372,-0.014358080978026239,0,1
-0.008075387719483209,-0.013315216822936965,0,1
-0.007059109573780016,-0.014628053210310778,0,1
-0.0064734574106413405,-0.013807065534657633,0,1
-0.008242356796145142,-0.011808925735003218,0,1
-0.006713617887641297,-0.01444231757900762,0,1
-0.006684692918226607,-0.014138721014799533,0,1
-0.006988162501303156,-0.014928016576641072,0,1
-0.006562118322681668,-0.017395117171945192,0,1
-0.006610433436202065,-0.013455937983027222,0,1
-0.006605731324557007,-0.013011632328314236,0,1
-0.0030515947328232785,-0.01456491961487134,0,1
-0.006667560583065088,-0.0143156109663831,0,1
-0.00931399898738714,-0.013855443421207746,0,1
-0.007333496411147352,-0.014683786466697704,0,1
-0.0073130923192416914,-0.013425256852295998,0,1
-0.006698635863826729,-0.013451524241659001,0,1
-0.006980024244506692,-0.013659599842244406,0,1
-0.007446539221803451,-0.011315428144204564,0,1
-0.006980329870666121,-0.01373932408556672,0,1
-0.005640412112077648,-0.011767974450138767,0,1
-0.0063466106737602125,-0.013465729938176029,0,1
-0.006908249979040082,-0.012775990032805636,0,1
-0.006840051135342774,-0.014398539972786534,0,1
-0.004008593920064091,-0.01565668258469212,0,1
-0.005022584517557952,-0.014862067103511395,0,1
-0.004552833923729046,-0.015258888095604604,0,1
-0.003152395978175565,-0.014452738786720078,0,1
-0.004498469772083114,-0.014558086540744863,0,1
-0.006577731791481439,-0.015248144394865536,0,1
-0.0030005051042625436,-0.01458321387487876,0,1
-0.002792671310009553,-0.016563201628659218,0,1
-0.0024744554501654123,-0.014648233465702971,0,1
-0.0017902792181222914,-0.014231181995866095,0,1
-0.0025180141599574803,-0.014570929560190547,0,1
-0.002038391102556331,-0.014062839215879669,0,1
-0.0015817407624949336,-0.015273772605817375,0,1
-0.0015650474169765615,-0.014493108652862154,0,1
-0.001449129491128931,-0.014734083780538016,0,1
-0.0073920045024975555,-0.015268656583113573,0,1
-0.0031545883067057765,-0.014524784568988805,0,1
-0.005156334043679005,-0.017312505558404127,0,1
-0.0024342982637769865,-0.015408869450167088,0,1
-0.002769818813874788,-0.015428764569642862,0,1
-0.003123010685876116,-0.014358415641926333,0,1
-0.0033833365422552665,-0.013811164792419652,0,1
-0.0018057983572146558,-0.015456475341408066,0,1
-0.002608787024398183,-0.015912830895931308,0,1
-0.002494501548803362,-0.015107623515665658,0,1
-0.002708175106169022,-0.013781211524102973,0,1
-0.0021730782446076203,-0.015261016161029125,0,1
-0.003034423526991643,-0.01478856948949091,0,1
-0.0026434414887154035,-0.015848722477496986,0,1
-0.007330159035218537,-0.017604755957562463,0,1
-0.005237879821899288,-0.015721595523624062,0,1
-0.00428426538950717,-0.014520619680231937,0,1
-0.0021686578328149993,-0.01221504024608979,0,1
-0.004891036349030922,-0.014618548661786858,0,1
-0.003110804741715469,-0.01485971103917317,0,1
-0.002721417633375777,-0.014562594231464537,0,1
-0.0025421559258831483,-0.012919642592330607,0,1
-0.003716940914745038,-0.012902230446205842,0,1
-0.0026624749866525008,-0.014887485400859329,0,1
-0.0027802975487550537,-0.014543461948122878,0,1
-0.0018603072948404785,-0.0150043517505049,0,1
-0.002017829379902962,-0.015099081249893776,0,1
-0.002144711053252421,-0.014383463730838299,0,1
-0.0018097527051967794,-0.014735470494285974,0,1
-0.005172019443229133,-0.014404283132576492,0,1
-0.004209218567102291,-0.01459311836135056,0,1
-0.0027785804401541897,-0.01456741906625347,0,1
-0.0028438233971368925,-0.01744873355437911,0,1
-0.0031010089991108493,-0.014640447685031501,0,1
-0.003983491675732379,-0.013736456007547571,0,1
-0.0028340524974025394,-0.014512256863383732,0,1
-3.1345722108537137E-4,-0.016019776602842723,0,1
-0.0020020323314214683,-0.014630106076884806,0,1
-0.0030353284537982177,-0.01368715088833051,0,1
-0.002701024470172753,-0.014873330349765882,0,1
-0.001709087781207315,-0.01524832314221122,0,1
-8.904503829039544E-4,-0.013377553926696695,0,1
-0.004574387466505448,-0.015551440576084093,0,1
-0.004451214869066051,-0.015429933679653094,0,1
-0.005016088450441725,-0.016497478217744103,0,1
-0.0032588377112229873,-0.014587461916744749,0,1
-0.004730276932371499,-0.015259421899265184,0,1
-0.003689632035122049,-0.014993010095132792,0,1
-0.002803113934861059,-0.013679485858115101,0,1
-0.00257774026320834,-0.01497692059120543,0,1
-0.001469124447392596,-0.01526212825760325,0,1
-0.00256600401270318,-0.015935609950383563,0,1
-0.003560980466668933,-0.014760122584239997,0,1
-0.0029502828394360092,-0.014109759291973428,0,1
-0.0028187199308233424,-0.014473100477724645,0,1
-0.00509819657314355,-0.014280077683714278,0,1
-0.004331145982170671,-0.015083430369969404,0,1
-0.0028846818922216378,-0.01589961141776787,0,1
-0.0029370350309988556,-0.015122546724727778,0,1
-0.003393199277338946,-0.01507447438927991,0,1
-0.0034105269149979672,-0.01616651739059879,0,1
-0.0032339608289899254,-0.01498717872220747,0,1
-0.0029793809721982583,-0.016327472308923913,0,1
-0.0033956222622361252,-0.014573934153458598,0,1
-2.227966614820413E-4,-0.017514812412640905,0,1
-0.0018377771622656012,-0.01614600470945779,0,1
-0.0017368636724475182,-0.014474702045429104,0,1
-0.0032433258013539585,-0.016532326767590432,0,1
-0.001797749825438503,-0.015819564953442763,0,1
-0.004075835082629958,-0.014468252914296606,0,1
-0.005319411927891481,-0.013944620930950911,0,1
-0.003675742964394089,-0.015463925429542447,0,1
-0.003949798255122961,-0.015524009370845417,0,1
-0.0028883450462144186,-0.01705696647045244,0,1
-0.0030990831092386536,-0.015320239807131545,0,1
-0.003722250948302674,-0.016387356204973152,0,1
-0.001841919589496985,-0.013594488308520407,0,1
-3.4871694278189754E-5,-0.016530793175640886,0,1
-0.0023181632982225454,-0.015763115765089448,0,1
-0.001438291131814786,-0.016242083769583884,0,1
-0.0038156116884290893,-0.012848467896715739,0,1
-0.00410774335095114,-0.015352645994251672,0,1
-0.0035789723960179005,-0.01496222751427145,0,1
-0.001258281536207714,-0.015979417437928453,0,1
-0.0021774398374547325,-0.014519442983974857,0,1
-0.0031808840574087172,-0.0152384080691928,0,1
-0.0044122919856414335,-0.015057645589668453,0,1
-9.513524395112404E-4,-0.01412477812204309,0,1
-0.001425530568670819,-0.012694848629706454,0,1
-0.002575801304858927,-0.015536739579321278,0,1
-0.0036347486701727876,-0.015212034320774677,0,1
-7.026176609409478E-4,-0.015784872516227594,0,1
-0.005422674408852303,-0.015022129281139296,0,1
-0.005324042870465094,-0.015470831574250717,0,1
-0.004032576966868281,-0.016025380390522138,0,1
-0.0037427365399990767,-0.015328219439153003,0,1
-0.002210280700772662,-0.014768480472998422,0,1
-0.0026531725078763092,-0.015923424069588316,0,1
-0.0021954733895097347,-0.015313195921522093,0,1
-0.0022253378749607167,-0.015907614423809273,0,1
-0.0023236653043360493,-0.015393942681542847,0,1
-0.002045372936053852,-0.015508591947657913,0,1
-0.0018441480775846575,-0.015744725508477008,0,1
-0.0038426655883431913,-0.014502144315220268,0,1
-0.004068982363325242,-0.015954425464259493,0,1
-0.004948791480425704,-0.01555073876778571,0,1
-0.005164978202868967,-0.014870974897941537,0,1
-0.0024755149723796077,-0.015021526985399764,0,1
-0.0039672311880691764,-0.016306211128878062,0,1
-0.0033699405669490624,-0.01416528744541357,0,1
-0.0028108190383072567,-0.015407451479447845,0,1
-0.0025710657033512336,-0.01631403469348421,0,1
-9.319328696978356E-4,-0.015649414385758738,0,1
-0.0036243810299720247,-0.015526607616797541,0,1
-0.003609367890560217,-0.013320577916707583,0,1
-0.0051328362284530004,-0.01553945638851262,0,1
-0.004189533369120157,-0.016952009415571335,0,1
-0.0034557330874822227,-0.014810823324454245,0,1
-0.003489304235924023,-0.015765360388641115,0,1
-0.0032646082075084458,-0.016652080574321715,0,1
-0.002676406859505424,-0.016279555285786684,0,1
-3.2649933079806955E-4,-0.01570593722960185,0,1
-0.0022442663403463604,-0.016454355963157013,0,1
-8.454317048116345E-4,-0.01426334010385837,0,1
-0.007601659145659117,-0.014641535265204668,0,1
-0.002751964727882305,-0.016088750732740086,0,1
-0.0037897526154519736,-0.015277487674054997,0,1
-0.003801486798717408,-0.014286348870031957,0,1
-0.003388092217258121,-0.015962986563363885,0,1
-0.003350496887065418,-0.017410892615094604,0,1
-0.0020359249949964153,-0.015112928942517458,0,1
-0.0035907308663735704,-0.015977559688026926,0,1
-0.0029258525023771933,-0.01460600119329444,0,1
-0.002159281003587062,-0.015269620678351255,0,1
-0.0034530142446000996,-0.013883999662169863,0,1
-0.0033555850533645336,-0.013247018104870112,0,1
-0.0028855661802292955,-0.015483626966242189,0,1
-0.00223458373720977,-0.016893202703259697,0,1
-0.003135468069180682,-0.015378673479611102,0,1
-0.0038461319618470716,-0.01333300319145819,0,1
-0.0022669543684523314,-0.015705403556695738,0,1
-0.002623287659385381,-0.014743538296880021,0,1
-0.002210789345349007,-0.0157303703037063,0,1
-0.0032404656144722757,-0.015279936345321732,0,1
-9.810752245026438E-4,-0.016703209525635917,0,1
-0.001834755324782335,-0.014525348322768602,0,1
-0.0032906215080145363,-0.01588649585708704,0,1
-0.0036145615212299542,-0.016125602963672103,0,1
-0.003241782241831453,-0.015414386128465098,0,1
-0.0030265879726663982,-0.017493963606450287,0,1
-0.001420906559512944,-0.01680687903297524,0,1
-0.0015050701740591957,-0.016899359992771874,0,1
-0.0040775779000812385,-0.01673971226920458,0,1
-0.0038339381530278307,-0.016050581744141326,0,1
-0.003371334343982968,-0.016183740808056433,0,1
-0.0029562189373999997,-0.015351020508530268,0,1
-0.0034628153452892774,-0.013535399469101006,0,1
-0.004388593896023351,-0.014777893752576538,0,1
-0.0029155990460925435,-0.01651508827637031,0,1
-0.0022971436836259143,-0.015628665185053063,0,1
-0.0025923608701583453,-0.015936021154414094,0,1
-0.00491084795338165,-0.016271817645914545,0,1
-0.003982365982070797,-0.015499121791050615,0,1
-0.0030028183917179463,-0.013667078139615079,0,1
-0.003844294971377114,-0.015153278149832184,0,1
-0.0028859547140862346,-0.01611711565254476,0,1
-5.158024250592137E-4,-0.015912473025600667,0,1
-0.0031248645406290578,-0.016256321217288202,0,1
-0.0027282176791925293,-0.01391148953745282,0,1
-0.003400572493029517,-0.017158014814324007,0,1
-0.0026687646221995637,-0.017160218577411526,0,1
-0.003913080640150748,-0.014917475353390866,0,1
-0.0030152108411518395,-0.015622782291995974,0,1
-0.004100759705443066,-0.01674312209177882,0,1
-0.0016544380570751352,-0.015013860121233255,0,1
-0.0015261894605454547,-0.016357523483945233,0,1
-0.003284642649605407,-0.014609343702705517,0,1
-0.004460414494079886,-0.018607394434462247,0,1
-0.006162537125334012,-0.01599997336145421,0,1
-0.0030730432296876315,-0.016098139515204883,0,1
-0.003149786901893037,-0.01551266117361885,0,1
-0.005695675954984474,-0.014197669121975124,0,1
-0.002705091514644492,-0.016096887299153186,0,1
-0.0043319438506876935,-0.017550114993460566,0,1
-0.003615175092471162,-0.016507757244251162,0,1
-0.003297333788261533,-0.01643990621057557,0,1
-0.0029491822867942037,-0.016379188187285978,0,1
-0.002366274981346826,-0.014859287620621097,0,1
-0.002824870441638526,-0.01628475103716214,0,1
-0.0038251318702839346,-0.014604356817131292,0,1
-0.0032953231402682785,-0.016618706736480984,0,1
-0.004987365291708688,-0.01614270233650445,0,1
-0.0032362509493758947,-0.01510057850947371,0,1
-0.002098271196935808,-0.016513213231519743,0,1
-0.0024788977788405774,-0.016626799842360696,0,1
-0.003713732939489765,-0.017512061448545724,0,1
-0.0037175300295468044,-0.0172840842189683,0,1
-0.004057011167655924,-0.017229222727436534,0,1
-0.0033929639147037634,-0.017228290455412333,0,1
-0.0028232441763310257,-0.01642824246339021,0,1
-0.004407031499243115,-0.016350193427113947,0,1
-0.0033392667120845172,-0.016964817602084035,0,1
-0.0023216713486512624,-0.01957538167695025,0,1
-0.004824229778752359,-0.01743276555000642,0,1
-0.003409357348053056,-0.016408085584430087,0,1
-0.0018863870460813182,-0.016396320358952887,0,1
-0.004026007614172368,-0.018252984727394818,0,1
-0.0038933966977269157,-0.014211596183373063,0,1
-0.003856640242600212,-0.01909447078726019,0,1
-0.003077976005198264,-0.01590571513938507,0,1
-0.00343651256686663,-0.016622900914828508,0,1
-0.003873402344467831,-0.016589572665758886,0,1
-0.002933699813997596,-0.016877069168857423,0,1
-0.0023956038866992696,-0.015224701343304482,0,1
-0.002821112461613139,-0.015491600710173923,0,1
-0.0033668082847310853,-0.01727116642538302,0,1
-0.00317586552142506,-0.01686362297566133,0,1
-0.0032745787613933717,-0.01793314112661027,0,1
-0.003083685497307926,-0.01658822196991149,0,1
-0.0049296577344528905,-0.01698690734262729,0,1
-0.0023984822355426465,-0.01772677640639094,0,1
-0.00395650412244424,-0.01726511284635395,0,1
-0.003214889907279149,-0.01679087778434572,0,1
-0.0036567068716371076,-0.01729588818214784,0,1
-0.0036063852114198583,-0.017285896506626302,0,1
-0.0047695870492542635,-0.015869292190617872,0,1
-0.003555741727577564,-0.018383055603601966,0,1
-0.004468585177610845,-0.017562269647838687,0,1
-0.0031633412926047938,-0.017119452042271922,0,1
-0.005729424147171148,-0.013196538694839156,0,1
-0.006973626987834724,-0.012965985006384002,0,1
-0.008313768920819066,-0.01175126241048715,0,1
-0.007091326862952352,-0.012474820161605026,0,1
-0.007037995427053805,-0.012043081461893396,0,1
-0.007621992106219339,-0.009624996939289233,0,1
-0.006994436900815038,-0.011557300684255223,0,1
-0.006461744451560081,-0.010697559943848751,0,1
-0.008544532700398687,-0.011251061035481702,0,1
-0.007287005602721047,-0.011149494208238422,0,1
-0.007351085077875984,-0.011017134369428676,0,1
-0.008272498613728762,-0.011180236303150709,0,1
-0.007559630847992838,-0.010495196687458559,0,1
-0.008315222184828688,-0.00963388295565963,0,1
-0.007473273735004617,-0.00983470259857432,0,1
-0.006577206672410914,-0.009890512298495267,0,1
-0.006829615163857898,-0.009164898026399469,0,1
-0.008104019374008621,-0.007840951183525085,0,1
-0.007887999785911431,-0.008923390397789959,0,1
-0.008834812428109623,-0.007268269825682521,0,1
-0.006384423833901208,-0.011900814779010283,0,1
-0.0069377139677314036,-0.013759517838324138,0,1
-0.0077252436149083835,-0.01267818350341511,0,1
-0.006478955345264146,-0.010738667348911572,0,1
-0.007004876391750554,-0.01231659154400478,0,1
-0.009109636739702031,-0.009636674104215447,0,1
-0.007376918975586015,-0.011308567217970857,0,1
-0.007103219952324564,-0.011048095170006895,0,1
-0.0051216860862793815,-0.007602410043485412,0,1
-0.005900967044064997,-0.009870023369147211,0,1
-0.007208421740148888,-0.009395945520342801,0,1
-0.007906041847569914,-0.009918746982007428,0,1
-0.008073565914781151,-0.010977978620202696,0,1
-0.006152136598388188,-0.00978208519710134,0,1
-0.009327705989932452,-0.007483806644828056,0,1
-0.006669415905310992,-0.008774103147483888,0,1
-0.007951384179142203,-0.008358722496080988,0,1
-0.008142289729522476,-0.008904914939670175,0,1
-0.006659411182262302,-0.012017507729997195,0,1
-0.008206239152203471,-0.013282545808529469,0,1
-0.006556083207715834,-0.012528373869596805,0,1
-0.00667168844197754,-0.012285335991368057,0,1
-0.007362343539586517,-0.011494140257578804,0,1
-0.007696531914180765,-0.010984575952268755,0,1
-0.007700494768071387,-0.01126906851288454,0,1
-0.0070902432852763065,-0.011066430958121737,0,1
-0.007106893736153388,-0.011460504968296998,0,1
-0.008374788381436776,-0.008902076382275886,0,1
-0.007154079642732345,-0.010621420131489943,0,1
-0.009508838475214108,-0.007852180636510933,0,1
-0.0038501214692320115,-0.011085861186844407,0,1
-0.010280764485330605,-0.009416509715336422,0,1
-0.005712908423329847,-0.009279971539519897,0,1
-0.008021562767599027,-0.008468956695833117,0,1
-0.0065264875489163005,-0.006882105140869603,0,1
-0.00585592044676156,-0.0060520559733002475,0,1
-0.0072951446625726885,-0.013296339847648215,0,1
-0.006631609298410472,-0.012753119588606587,0,1
-0.0068748697758776465,-0.012232805465834305,0,1
-0.007677829828223356,-0.012546379917971385,0,1
-0.005958987203945891,-0.011595374711689626,0,1
-0.008289468605423813,-0.012117051787891742,0,1
-0.008544353588226326,-0.011364224405765323,0,1
-0.007027634554609704,-0.011875700162171144,0,1
-0.007729181638508549,-0.011128451778114806,0,1
-0.007154194068602993,-0.009898041660958277,0,1
-0.006972214246868114,-0.010852931418301065,0,1
-0.007044093495116683,-0.012110972791704836,0,1
-0.005740475680894574,-0.010722714478198142,0,1
-0.006762776307848699,-0.009946450084890925,0,1
-0.00758613528422744,-0.009844077922222524,0,1
-0.0067780623712850804,-0.009467632315081156,0,1
-0.009432221743198166,-0.011701519654586403,0,1
-0.00641628107058406,-0.011517937876972657,0,1
-0.004555963878947741,-0.011014306185053559,0,1
-0.0073601182067301735,-0.013103990882921027,0,1
-0.006819473688817916,-0.011462484379903515,0,1
-0.006887366361283965,-0.01224550580397924,0,1
-0.008689002111531462,-0.009632345136543758,0,1
-0.008761835273998306,-0.00924163757343768,0,1
-0.007868116536934713,-0.012188539411036915,0,1
-0.007346590673027374,-0.010114446990025686,0,1
-0.007243125902714181,-0.009366084686252373,0,1
-0.007131033295586355,-0.010631329346663219,0,1
-0.00784490131559846,-0.009525131620582793,0,1
-0.006367240341088022,-0.011079588850804113,0,1
-0.007288036041457219,-0.011234611311809584,0,1
-0.008118258142168959,-0.008536483432880444,0,1
-0.007417022678188723,-0.009705077404414146,0,1
-0.008233928094338072,-0.008863713835164792,0,1
-0.0060862977394012426,-0.01227524643857088,0,1
-0.006631628687904367,-0.012368245721742464,0,1
-0.007518273001751345,-0.010445432186639129,0,1
-0.0059508228640178995,-0.00886733100418727,0,1
-0.00796162422934746,-0.012366994777918241,0,1
-0.00612553512566525,-0.010843918697332026,0,1
-0.006855369591978219,-0.011426866130520021,0,1
-0.007280433594701395,-0.01188469473360015,0,1
-0.005911235082248677,-0.011222572073349648,0,1
-0.00753069105385696,-0.010819325742081096,0,1
-0.006952240427643197,-0.01068767554696518,0,1
-0.006747344753075442,-0.00980344519961732,0,1
-0.005890153051658731,-0.008465169522293715,0,1
-0.007948008410268412,-0.009352770740164237,0,1
-0.007815136653862872,-0.010688393240179157,0,1
-0.00791469584851647,-0.009766281089055046,0,1
-0.005765985317481831,-0.01348827248426151,0,1
-0.007718649307427473,-0.011716984578734536,0,1
-0.006174504948169533,-0.012293856932716096,0,1
-0.00613081404769738,-0.013003417579608966,0,1
-0.006987286427601849,-0.012582343242325062,0,1
-0.007312735621310263,-0.012004848536621199,0,1
-0.005686666238383811,-0.010561824574109967,0,1
-0.007304026992063738,-0.011547451348020071,0,1
-0.00673729876833977,-0.01104834565395639,0,1
-0.006322032628226406,-0.009998062389042339,0,1
-0.007038851240020247,-0.010128777726057595,0,1
-0.006286403092582303,-0.011546578338485911,0,1
-0.00786225517302263,-0.00835513157123527,0,1
-0.00696174604359332,-0.00971497020581295,0,1
-0.006518634123668643,-0.010152809811758886,0,1
-0.00707204758849775,-0.00920599885269145,0,1
-0.005978177306687763,-0.012815254692472782,0,1
-0.0058269418705656105,-0.012792993078443662,0,1
-0.007485865213484353,-0.012273341436256687,0,1
-0.006182631703052528,-0.012729171597073477,0,1
-0.006564960146744395,-0.011761488227462594,0,1
-0.0054952257827047615,-0.011327415623448668,0,1
-0.007151230457291709,-0.011901708858576094,0,1
-0.0075245129473287846,-0.011471773247614904,0,1
-0.006620079995665835,-0.011200863697287929,0,1
-0.008766482535297323,-0.010099971168490256,0,1
-0.007062470490484304,-0.010437031316003395,0,1
-0.006851441380539325,-0.010285395429295942,0,1
-0.007324421240228225,-0.010516531214221962,0,1
-0.0064270287649115165,-0.010286442270223465,0,1
-0.006127770495620196,-0.011480503202742751,0,1
-0.007034073984916692,-0.00973115686400671,0,1
-0.00574389108803084,-0.012962925008090043,0,1
-0.004899382381564528,-0.010444456494776301,0,1
-0.006730212647188337,-0.012311652091827208,0,1
-0.007767135428485445,-0.011457344922003763,0,1
-0.007902290349952117,-0.010255091869678424,0,1
-0.005588315555327324,-0.008718038767590398,0,1
-0.0060909700818775545,-0.013140087188855468,0,1
-0.006985168795947846,-0.011437197984249465,0,1
-0.006134270137023316,-0.010634062652585163,0,1
-0.00607893087006393,-0.01024130204860305,0,1
-0.006805286270404712,-0.008725737038402584,0,1
-0.007236200181581989,-0.009689429601326046,0,1
-0.007363257248240206,-0.010159320645330405,0,1
-0.006293191630278337,-0.010029690662807752,0,1
-0.006525300342350171,-0.009134316072868595,0,1
-0.006237538848266092,-0.013538085517335595,0,1
-0.0038609889510674944,-0.013254854368592252,0,1
-0.006352910494908776,-0.012017489996792906,0,1
-0.0062334558169685065,-0.01197184723279183,0,1
-0.008730728085782844,-0.014127743185776141,0,1
-0.0059221992124648005,-0.010488190391801431,0,1
-0.007507821816800581,-0.010863361567270876,0,1
-0.006146164589032935,-0.010878403551715125,0,1
-0.008597109029273513,-0.011156968225941746,0,1
-0.0054005729093173725,-0.010966679993984804,0,1
-0.0058559786466326254,-0.009586778363829767,0,1
-0.006472601932230571,-0.009818984377261347,0,1
-0.005378797193907183,-0.009294143550424452,0,1
-0.007246224750517175,-0.010171583149270103,0,1
-0.0067917400409897395,-0.012919311997760594,0,1
-0.0053211060435501,-0.012866690221708705,0,1
-0.00608185038585461,-0.0120120090281547,0,1
-0.006210338090646514,-0.011542689235812208,0,1
-0.0070401181499090484,-0.012584998938109111,0,1
-0.006015076935547857,-0.011386638354829975,0,1
-0.005492952617577322,-0.010727055911218388,0,1
-0.006869258940831013,-0.011647560251318027,0,1
-0.006499952297837615,-0.010965708691034807,0,1
-0.005538136305002945,-0.009902951787715547,0,1
-0.005770360421345962,-0.00944912088471017,0,1
-0.007052044333464456,-0.010413357686109837,0,1
-0.004338214267396989,-0.009109178916474963,0,1
-0.006645932017400782,-0.00956658824454839,0,1
-0.006491587743612622,-0.01234529138327651,0,1
-0.008041557155664231,-0.0118127350194982,0,1
-0.006362079513480301,-0.011996983942946574,0,1
-0.00606362791722614,-0.011053811287894658,0,1
-0.005899185389785574,-0.010226886128470124,0,1
-0.006046065005667108,-0.011332080639297746,0,1
-0.004946130508910387,-0.01194148015029133,0,1
-0.007730651641690323,-0.009984463915320067,0,1
-0.006721650848681752,-0.01084202141238994,0,1
-0.0067605919359943764,-0.00968186061503926,0,1
-0.006337569996081572,-0.010114115213828519,0,1
-0.006172776516911948,-0.010291512836677104,0,1
-0.0061433838487820296,-0.009860567623771247,0,1
-0.006903351884006929,-0.009884112661134313,0,1
-0.006513028328657523,-0.012716367622632924,0,1
-0.006106192589667278,-0.011638889649086642,0,1
-0.005619312753103809,-0.012365873442411964,0,1
-0.0062907440764945486,-0.013085749429320422,0,1
-0.004627816185784865,-0.012225216347535347,0,1
-0.0072136708004429785,-0.012116288758549136,0,1
-0.005329859032352591,-0.009792913354556832,0,1
-0.006556736450961197,-0.0105154867493608,0,1
-0.007241405639209449,-0.010517868909892486,0,1
-0.0061767692608201644,-0.009580559503716272,0,1
-0.006069772970122264,-0.011357792315718849,0,1
-0.005909103773842567,-0.010632705683281734,0,1
-0.006479321761047282,-0.009563400712507391,0,1
-0.004401075792412297,-0.012054861609449139,0,1
-0.005706597604786895,-0.01164576638385152,0,1
-0.006296212469893705,-0.011797961441392038,0,1
-0.005490030551935222,-0.012314590850476844,0,1
-0.006458217258222783,-0.011435856282383625,0,1
-0.005985805364340552,-0.01138089619291885,0,1
-0.006143189250432922,-0.011048559815116614,0,1
-0.005687168879980326,-0.011167478185848312,0,1
-0.006108964423287356,-0.010947642912168865,0,1
-0.006710417245700192,-0.009651263476047212,0,1
-0.006554514302077068,-0.008995537504624705,0,1
-0.005996658474418531,-0.009844069130039556,0,1
-0.005440146864843325,-0.009669839337001598,0,1
-0.006064804729043116,-0.01190848227850462,0,1
-0.006495438956094906,-0.012262273849763309,0,1
-0.006996249767062537,-0.010966883627796853,0,1
-0.007205318569390542,-0.009241331296731633,0,1
-0.006082002826503567,-0.01054962255657097,0,1
-0.006126482165723196,-0.010954339137386217,0,1
-0.005554576550908915,-0.00853124143784813,0,1
-0.006624500683195952,-0.009884489601934908,0,1
-0.005134476518483397,-0.01075277033464632,0,1
-0.0050536784167245314,-0.00781522290810732,0,1
-0.0076658504135885385,-0.009748684681727843,0,1
-0.007381900538673806,-0.010044944763559766,0,1
-0.005752105064252984,-0.012154830825814722,0,1
-0.007197514663487883,-0.01172055310441267,0,1
-0.005937447116391936,-0.011766323364870728,0,1
-0.007045090380927977,-0.011497372494897507,0,1
-0.0061427889988536965,-0.011529068505272317,0,1
-0.005644624258993033,-0.010285858285418305,0,1
-0.0069600824153859394,-0.012091812854384983,0,1
-0.005437793850849772,-0.012075455811814722,0,1
-0.00814886262965865,-0.012325334347214733,0,1
-0.004416015783786902,-0.010535486807397496,0,1
-0.007090115577493726,-0.008822583612909687,0,1
-0.005532333831221938,-0.012144117920624772,0,1
-0.005311961852299078,-0.012204681776665787,0,1
-0.006234865865153233,-0.011248167845845564,0,1
-0.004828794635525317,-0.010682443903188392,0,1
-0.0057570100123787715,-0.011462789730058657,0,1
-0.005949154307747106,-0.011728723355902899,0,1
-0.006495761385880853,-0.01055057715782619,0,1
-0.006982806381292986,-0.010476362317621942,0,1
-0.005870793106714096,-0.010063296495449082,0,1
-0.005572893517864449,-0.01011734285289912,0,1
-0.0026661969211491097,-0.008980472567316438,0,1
-0.006015793944246506,-0.010349860870599185,0,1
-0.005245284576337978,-0.009970091369027177,0,1
-0.005962541788626515,-0.012034284710177888,0,1
-0.006641236107853512,-0.012032307362201912,0,1
-0.006124825555853275,-0.011362733167573929,0,1
-0.00612638095567152,-0.010858932671252701,0,1
-0.0051451903695115256,-0.010443676177946677,0,1
-0.00589156192155099,-0.010544403976779951,0,1
-0.004982469834403716,-0.010281943629422108,0,1
-0.005911560465840836,-0.011694430956044659,0,1
-0.0054778942612955,-0.008754174001914802,0,1
-0.005248600210476306,-0.01304089198804935,0,1
-0.008462124294984117,-0.009857660633978063,0,1
-0.005454654326346222,-0.011697743777571035,0,1
-0.0050545797063632734,-0.011239051874887105,0,1
-0.00900673057385238,-0.011394850780765327,0,1
-0.006899392960455852,-0.010153512283087968,0,1
-0.005859301083072453,-0.011367952064378574,0,1
-0.004176272530450613,-0.01034118229014471,0,1
-0.004880249530622857,-0.010821770844495286,0,1
-0.005936301674655975,-0.012119067769272242,0,1
-0.0057230265266608165,-0.009749313583113253,0,1
-0.0025068891538536408,-0.010693571241309928,0,1
-0.007663464331797908,-0.012506847184833721,0,1
-0.005323533020654857,-0.011790967792755673,0,1
-0.004545696136692697,-0.012198764353766557,0,1
-0.00510336556817979,-0.013665449297164426,0,1
-0.006612881563171508,-0.012575012429162372,0,1
-0.005732646729669151,-0.009842681841436959,0,1
-0.005050116049534575,-0.009210628696556849,0,1
-0.005143105323714753,-0.009112430728015281,0,1
-0.004933887395228118,-0.011511487727499612,0,1
-0.005372077132101233,-0.01231994790034334,0,1
-0.005136853871248737,-0.011228117023166902,0,1
-0.005574744848917009,-0.011152053698333749,0,1
-0.0030773634380924235,-0.012173160677603455,0,1
-0.0050750849399576825,-0.011774229577155652,0,1
-0.005549217844107013,-0.01133689711304196,0,1
-0.00634307823154687,-0.010720684181729716,0,1
-0.0055794967735531215,-0.010654010727923236,0,1
-0.005410585789874869,-0.010391022288501096,0,1
-0.00588449477873865,-0.011522143627552677,0,1
-0.005207924766771664,-0.01163855046878744,0,1
-0.005823917411923805,-0.011825310451916187,0,1
-0.0049696506862505025,-0.010820328990793384,0,1
-0.00788118673944288,-0.012334353334195754,0,1
-0.005659143435843402,-0.011192235741359158,0,1
-0.004744677929749947,-0.009661726494019529,0,1
-0.006032036979380525,-0.009407880922601789,0,1
-0.0055863517819341275,-0.011399561467338006,0,1
-0.004373996017663415,-0.012077732000862155,0,1
-0.005751130030612487,-0.00953260108861481,0,1
-0.005524976262965714,-0.011003538100950729,0,1
-0.005461296304352048,-0.010226451961571584,0,1
-0.0049961073096289445,-0.009525559266516383,0,1
-0.005299289143329335,-0.010847880173047662,0,1
-0.006110174682304096,-0.010652250298226425,0,1
-0.005330847841535723,-0.010219016275047139,0,1
-0.005992977802001929,-0.010205704883047602,0,1
-0.005234953392811454,-0.01168972404996847,0,1
-0.005333315444603197,-0.011270969265344223,0,1
-0.005190925151907518,-0.011057429792622323,0,1
-0.005338596889511896,-0.01093886135476718,0,1
-0.0058293284632159915,-0.0076400698726752135,0,1
-0.00526668369046128,-0.010501486196044888,0,1
-0.004394431112332793,-0.009694746136538823,0,1
-0.003162842388283288,-0.014314545239239718,0,1
-0.006046606529820747,-0.01148460019235634,0,1
-0.004007290751383107,-0.012578790068913532,0,1
-0.005492079645407447,-0.010661497666598253,0,1
-0.005353565778496234,-0.010786514931573319,0,1
-0.006343795601051758,-0.010963187295930212,0,1
-0.00471034595662429,-0.010496928929514517,0,1
-0.003611072104310256,-0.012123019910495133,0,1
-0.005101172307956413,-0.01142671298158106,0,1
-0.005111114228531833,-0.011243604303154941,0,1
-0.004461097986765448,-0.010354921965579427,0,1
-0.0052030381956104915,-0.010645455308883401,0,1
-0.00456641089118977,-0.009798450457132232,0,1
-0.006203833252119664,-0.009202522524861803,0,1
-0.007729497484204617,-0.013002545321666465,0,1
-0.005794170157118824,-0.010486954095829299,0,1
-0.008810930264623708,-0.011267854858549637,0,1
-0.004026751850464286,-0.011326793130397082,0,1
-0.00557656317940175,-0.011520653594610393,0,1
-0.0056898846148414365,-0.010268177411942213,0,1
-0.005008706016803395,-0.011020264768257099,0,1
-0.00509944452615275,-0.010333612128348199,0,1
-0.002265468367390172,-0.011970711825146012,0,1
-0.0050016084199459125,-0.009585057965039038,0,1
-0.004018960456302933,-0.007945889214620982,0,1
-0.005467822580297358,-0.01034531012305122,0,1
-0.006895803549559062,-0.013379466068281595,0,1
-0.00505083251613802,-0.011300037376206062,0,1
-0.0047510232273427514,-0.011235172778772166,0,1
-0.005862859924704802,-0.011210325190223457,0,1
-0.004827268780208147,-0.010641935196353102,0,1
-0.004268338182401417,-0.009561358889843222,0,1
-0.004072186764827727,-0.012082800257714455,0,1
-0.0054561065215250745,-0.011988116528486864,0,1
-0.004949126685949874,-0.011118798171003724,0,1
-0.004766430508319772,-0.011749901217761127,0,1
-0.004158609447780049,-0.009981137057880908,0,1
-0.004634399014289596,-0.011441338164604414,0,1
-0.0036409318087037533,-0.011175957152621268,0,1
-0.005524854529584019,-0.009880996496665342,0,1
-0.007027025721464668,-0.01059778033183263,0,1
-0.005170304879026895,-0.010532972471266631,0,1
-0.004265835133285561,-0.011792826782461383,0,1
-0.00451522031038048,-0.007818581997447782,0,1
-0.0049707424417341625,-0.0080302667025679,0,1
-0.004551042007448987,-0.011002588628506704,0,1
-0.0034271317238877093,-0.011653358769082167,0,1
-0.00433764128533569,-0.010709988543291854,0,1
-0.0030714823580999286,-0.01030283280535832,0,1
-0.0038132963161234676,-0.010436251854953784,0,1
-0.004224647374473039,-0.011664696885662894,0,1
-0.004124765334963386,-0.010483605624830089,0,1
-0.004906396395916771,-0.01073676136634827,0,1
-0.005965797579838492,-0.011978306791955431,0,1
-0.004130191548709292,-0.01070655673022828,0,1
-0.004278162025711946,-0.010979271315624838,0,1
-0.0030639189585369734,-0.010146876421905092,0,1
-0.004016906782989593,-0.011299449735588274,0,1
-0.0038206510213719467,-0.009716980852636762,0,1
-0.004317919185642627,-0.012000988183986002,0,1
-0.012302485873192331,-0.0071566781534879165,0,1
-0.01215081628622524,-0.007295224057917158,0,1
-0.014416095409814011,-0.006766017101436476,0,1
-0.013499918840369907,-0.006714927475143205,0,1
-0.013074042659203727,-0.006239758816753643,0,1
-0.014175226066650106,-0.006219395368903385,0,1
-0.011706675715031282,-0.006029376408853418,0,1
-0.015866532644208897,-0.008293634367889012,0,1
-0.013560944854233594,-0.005748755072099262,0,1
-0.01387039238098593,-0.004887916907084238,0,1
-0.014120841116906488,-0.005391091560840913,0,1
-0.014212067971463049,-0.004773438676462405,0,1
-0.015198849036422756,-0.0038641110604702242,0,1
-0.01437306308140738,-0.003895070431949913,0,1
-0.013731531031047205,-0.004034301289489082,0,1
-0.013421180182950491,-0.0048838501468479265,0,1
-0.01351742261998977,-0.003993436690311902,0,1
-0.014375180710379519,-0.007146979412479113,0,1
-0.014193901141355379,-0.007219981107914917,0,1
-0.014475922102670952,-0.007438879935839201,0,1
-0.012645245162223739,-0.006138622717852923,0,1
-0.013069912538493992,-0.00739982401232443,0,1
-0.013834523173368519,-0.006605620989673737,0,1
-0.013584018341956024,-0.0044008387380547916,0,1
-0.013993149134669007,-0.0059363756078034315,0,1
-0.01363356000168691,-0.0051716675293416335,0,1
-0.014601012607151105,-0.0059785800653730905,0,1
-0.01352884927941464,-0.005699288491030299,0,1
-0.016369555241045185,-0.006983789258919787,0,1
-0.016141408296295352,-0.004306981130188527,0,1
-0.013881480820001216,-0.004237181561950381,0,1
-0.013239714999794283,-0.004841545156160432,0,1
-0.014595847879091909,-0.004802944748479332,0,1
-0.013458547129613592,-0.007815160768390183,0,1
-0.016231787057407163,-0.008127689576905671,0,1
-0.0126012311310221,-0.006659539044722166,0,1
-0.01382282038606489,-0.006453505248529199,0,1
-0.014748921147217145,-0.005434277506072376,0,1
-0.013596188546875259,-0.005646495602487008,0,1
-0.012787566591984725,-0.006246023032714674,0,1
-0.01266399596002371,-0.0046629898823719144,0,1
-0.013650520102293588,-0.006146094612981643,0,1
-0.017352205901651815,-0.003236328945987621,0,1
-0.01279103716595847,-0.004576780727828001,0,1
-0.01303294903767095,-0.003061409780809452,0,1
-0.014378290823983736,-0.00474898878127839,0,1
-0.012134106490064333,-0.0021436537532131066,0,1
-0.014389138939823569,-0.004548096475872945,0,1
-0.01325964111226963,-0.007477020701681921,0,1
-0.013326537031493425,-0.006277385825943933,0,1
-0.014245719059249352,-0.0073697077059999795,0,1
-0.013720100235523487,-0.006361587516949412,0,1
-0.01388778820133438,-0.005317952888678617,0,1
-0.013866034876757994,-0.006400284456529292,0,1
-0.012842324901468433,-0.004986387252231989,0,1
-0.01236063529765774,-0.005422840548573881,0,1
-0.013926077361542083,-0.0052142043554200225,0,1
-0.0149212683971411,-0.006163721918567234,0,1
-0.013145136813059559,-0.005252450990157846,0,1
-0.014901798368831572,-0.0049182427520159935,0,1
-0.014787862543100118,-0.005778716839934201,0,1
-0.013126317087607075,-0.00490873427500859,0,1
-0.013872415182821745,-0.005589022576083325,0,1
-0.011772494600530033,-0.004299287640533794,0,1
-0.013025866534075097,-0.002985398832400885,0,1
-0.014502338436227275,-0.00623532152217357,0,1
-0.013125572017751407,-0.006225647082779198,0,1
-0.013241204906734638,-0.00533780167074079,0,1
-0.013328468755635606,-0.006113321885824357,0,1
-0.013931118150724672,-0.006073362793466133,0,1
-0.013092577178023083,-0.005309156772822972,0,1
-0.011333129904420551,-0.006021215266083483,0,1
-0.013661543218539789,-0.005126514255573201,0,1
-0.011936779462966932,-0.004922849861961799,0,1
-0.013412908160273209,-0.004752454730854831,0,1
-0.012471681784718839,-0.0047736018443440475,0,1
-0.013766165022468357,-0.003931933998764488,0,1
-0.013258980858214564,-0.003919943072811765,0,1
-0.013523676907370412,-0.007229235429154277,0,1
-0.011735826488891266,-0.005072133484958212,0,1
-0.014078459106862486,-0.006292957785642677,0,1
-0.012757716658403428,-0.005326775007816473,0,1
-0.013654599201827603,-0.007189216661112382,0,1
-0.013353779216849776,-0.005858770501589379,0,1
-0.01235148403305291,-0.0059385579943202,0,1
-0.013550825361524245,-0.0053830403597225135,0,1
-0.01224842361521378,-0.0052853776388373476,0,1
-0.013138811295661393,-0.005607177966213313,0,1
-0.014381505300279016,-0.005915707450501287,0,1
-0.01403733470813438,-0.003701532236208318,0,1
-0.014408302761950799,-0.005706776323331538,0,1
-0.012867144800305387,-0.00693992718492328,0,1
-0.013141054013501244,-0.006819847668183844,0,1
-0.013759015419894095,-0.006564507125208503,0,1
-0.013117633615751873,-0.0060382979558767915,0,1
-0.013113961275535576,-0.005524246138984841,0,1
-0.014461514094704142,-0.005695109345502161,0,1
-0.015319975986546582,-0.006911858278072996,0,1
-0.013580783500898802,-0.005349540243035421,0,1
-0.013750991966032295,-0.006107060143535542,0,1
-0.014004828120288425,-0.005718896943512964,0,1
-0.014156269928082056,-0.004389036959377303,0,1
-0.01313219382684187,-0.005014938349335348,0,1
-0.011005422558755501,-0.005729197915833345,0,1
-0.011425689332216644,-0.002959396575216137,0,1
-0.011957983108542715,-0.0067675629622726725,0,1
-0.013229993995638411,-0.006649238957517327,0,1
-0.011746737650566448,-0.006212773394008026,0,1
-0.0131391617214919,-0.006240245026169076,0,1
-0.013237753909183006,-0.00653586160070647,0,1
-0.013208570845303361,-0.005829163727615909,0,1
-0.013700989510868357,-0.005307536612465863,0,1
-0.014077330140581717,-0.005415201679837412,0,1
-0.012789769028181425,-0.0060087593378636665,0,1
-0.01318401328158604,-0.005601652390921024,0,1
-0.013180830449461724,-0.005065636206039903,0,1
-0.013421428241880484,-0.005176134948037071,0,1
-0.013779436703961976,-0.0047805622264474575,0,1
-0.011784489250579485,-0.0065148506270346195,0,1
-0.011234924773731917,-0.006265983715350786,0,1
-0.01279906190491868,-0.00542812002751458,0,1
-0.013229091262794363,-0.006790481600790533,0,1
-0.013700099911540193,-0.00492715638880867,0,1
-0.011627304288673024,-0.007164587605371793,0,1
-0.01057606424360921,-0.005149435355414844,0,1
-0.014040623322403249,-0.005154515866036393,0,1
-0.01222080355793254,-0.007515746858555559,0,1
-0.013735439064652888,-0.004608488809544788,0,1
-0.013563188885165136,-0.004181559749240503,0,1
-0.013086690318822652,-0.0045322709232072465,0,1
-0.012933351976188397,-0.006609472331913517,0,1
-0.012362493559257863,-0.009414791806683632,0,1
-0.012827000208854062,-0.007594504523496397,0,1
-0.011181550559714714,-0.003786795237567571,0,1
-0.011741306094784501,-0.005478990517632898,0,1
-0.015245783614809405,-0.006950880424922828,0,1
-0.013171324316707745,-0.00513442887926488,0,1
-0.01584277713549622,-0.005739816583163521,0,1
-0.014675367472933751,-0.006375982805375468,0,1
-0.015593489495765592,-0.0057434688295717315,0,1
-0.011027529177812564,-0.0017204307897749325,0,1
-0.010734889993942938,-0.004984657375929274,0,1
-0.011900724260392338,-0.0076130217957403185,0,1
-0.01292097611566345,-0.006761739331428032,0,1
-0.012521900690398559,-0.005472831524574839,0,1
-0.012641843638906568,-0.00604560153199366,0,1
-0.012101239444687785,-0.0057995659648639435,0,1
-0.01371158227648026,-0.005380568764964923,0,1
-0.012269789163907087,-0.006118000258950854,0,1
-0.01307384836512682,-0.005233411678826025,0,1
-0.013581889981505621,-0.005397970476331515,0,1
-0.01223556253261174,-0.004458986014114353,0,1
-0.01346807129146459,-0.005920954974884175,0,1
-0.011786776310538226,-0.004624699172290932,0,1
-0.01505617719223057,-0.008084334009490381,0,1
-0.013148998890049293,-0.007144866469777763,0,1
-0.01262383259812482,-0.006318347027342028,0,1
-0.012848978638664497,-0.00654250768951189,0,1
-0.014667688579592504,-0.008002277842748737,0,1
-0.01327905487880883,-0.0063101502589524,0,1
-0.013018584374130514,-0.004890603829326177,0,1
-0.01151929993846356,-0.007295374912384856,0,1
-0.01283175290851459,-0.0036395511883327704,0,1
-0.01240663811711742,-0.004225626332390303,0,1
-0.012773569210755994,-0.006882517943195455,0,1
-0.012507178064402566,-0.0064292907646335195,0,1
-0.012546683621387193,-0.0063148169913619205,0,1
-0.0121877894343291,-0.006013005607388842,0,1
-0.010251099376662395,-0.006583207867393971,0,1
-0.011831378542022729,-0.0064719435836179525,0,1
-0.011858941322344156,-0.006018278587486527,0,1
-0.012429440561738588,-0.005071254627364057,0,1
-0.012279830108764524,-0.0050952553542280305,0,1
-0.012878371520564163,-0.004984574224967747,0,1
-0.013571227924547584,-0.00562610924319609,0,1
-0.010593697229625816,-0.004395817141819331,0,1
-0.012596702292637268,-0.006159460904055836,0,1
-0.012381193037317027,-0.006059196481756923,0,1
-0.012953262089148617,-0.005796301514203572,0,1
-0.012343572193465642,-0.006909549004348109,0,1
-0.014749981397688723,-0.00712947896458399,0,1
-0.012772395518468808,-0.005428664463455469,0,1
-0.01420774860864659,-0.008526977355536869,0,1
-0.012711466002209963,-0.004613135756540044,0,1
-0.013874456818656964,-0.0035398898780211537,0,1
-0.012185147649939462,-0.006558965099916272,0,1
-0.012869616326134802,-0.0074533638458967825,0,1
-0.012140309453646077,-0.0067755018714112675,0,1
-0.011221239542988806,-0.006642954126470039,0,1
-0.01214327481203091,-0.0052263854097980185,0,1
-0.013333822393014796,-0.005992242993260731,0,1
-0.012865427984263286,-0.005062358033380586,0,1
-0.011121601719100439,-0.004609306633174024,0,1
-0.013128933541081972,-0.004413844642363987,0,1
-0.013134014907052616,-0.004672825958876505,0,1
-0.008813205109095645,-0.0066765240143570265,0,1
-0.014765684185678153,-0.008476068726488954,0,1
-0.010534200377479064,-0.007292838599018106,0,1
-0.012127379808315224,-0.0059514058337194736,0,1
-0.012784694562732984,-0.006110734323381052,0,1
-0.012457046257432302,-0.004177441763149306,0,1
-0.011351176083593062,-0.004432233325879103,0,1
-0.011263307814193718,-0.005197831424299095,0,1
-0.012500646172460312,-0.006179077475042647,0,1
-0.01249440376796417,-0.00711232061746297,0,1
-0.013531373362166393,-0.005590670415765926,0,1
-0.01148646990416107,-0.006112028952181385,0,1
-0.013143894251571015,-0.005517953146846586,0,1
-0.010339434434216628,-0.004450425421652291,0,1
-0.012652870671847512,-0.006096689293831251,0,1
-0.011447268032998073,-0.005469641971449503,0,1
-0.012170252987229985,-0.005133502984072417,0,1
-0.013087994986227367,-0.007218736084111138,0,1
-0.011840382027865214,-0.006139689979241492,0,1
-0.012081608645127079,-0.005694562712668575,0,1
-0.013379846796251574,-0.005770800662837381,0,1
-0.012250333921548336,-0.006989516254035232,0,1
-0.013499130792030472,-0.005227384344560658,0,1
-0.011807288405475864,-0.004562133674411946,0,1
-0.012254942969318469,-0.004742349006446939,0,1
-0.012205493819297603,-0.004033034564783342,0,1
-0.011713534955974079,-0.004893311110074742,0,1
-0.011659053561233283,-0.005785202406199963,0,1
-0.011278742053426606,-0.006687254050570255,0,1
-0.012648586357622095,-0.004002169211706077,0,1
-0.012131097707864927,-0.005408729734503368,0,1
-0.012662036696985252,-0.004956720259627841,0,1
-0.013595218203289386,-0.004085252728328893,0,1
-0.01186425737308687,-0.005907490845666758,0,1
-0.012168801091148106,-0.00588001317025474,0,1
-0.012224648788637067,-0.006044128457832046,0,1
-0.01098144447871728,-0.0044062283026535965,0,1
-0.012081909325155689,-0.00445409598997866,0,1
-0.01300587852181294,-0.006087329680444352,0,1
-0.012066741436150682,-0.00483190836441138,0,1
-0.012563654768938583,-0.0058410985203749925,0,1
-0.012083082216313263,-0.005944225597566201,0,1
-0.013649491214441142,-0.004096116012353036,0,1
-0.013760341712506726,-0.0058288975481863795,0,1
-0.012696893411536684,-0.0046422691962969605,0,1
-0.011945442526789586,-0.004002611432993407,0,1
-0.011981373273747906,-0.006431150003599699,0,1
-0.009903140489147236,-0.004161910028272048,0,1
-0.012941001019851687,-0.007042711471146413,0,1
-0.01126750055258761,-0.004379687769139517,0,1
-0.01250231524308351,-0.005837309071809132,0,1
-0.01190927752739614,-0.004588111036759541,0,1
-0.01161712521942921,-0.006640074311389382,0,1
-0.011872641678914391,-0.006100051421857723,0,1
-0.009233026593195522,-0.008776671021448922,0,1
-0.011189556897279941,-0.00446566541627897,0,1
-0.011402733841475237,-0.005916674129356678,0,1
-0.011552574268300836,-0.005916522060963818,0,1
-0.011557862884566557,-0.004104999303038822,0,1
-0.012706979658805162,-0.006416234147495586,0,1
-0.010814278739222295,-0.003986037780405473,0,1
-0.01122074657093287,-0.004401741720092317,0,1
-0.011475140696297336,-0.004181720087630796,0,1
-0.012724244933000171,-0.006319172763416335,0,1
-0.010663185966289785,-0.004575327638097339,0,1
-0.010962770946043855,-0.005042753165629451,0,1
-0.01254366360981191,-0.005553073759848141,0,1
-0.011117686094173237,-0.005805956715636237,0,1
-0.011298834851911669,-0.004809662681049255,0,1
-0.011646509693921019,-0.005254066394389067,0,1
-0.011399543447220228,-0.00584217613213295,0,1
-0.010315115008631914,-0.0044234441663107815,0,1
-0.010934602498412438,-0.005410396032121361,0,1
-0.010921053431137442,-0.005448307351368068,0,1
-0.010991983511829706,-0.004613661097517165,0,1
-0.01139932450209615,-0.005096335955611479,0,1
-0.011363852459365546,-0.005940674087980002,0,1
-0.008598243664591233,-0.0030764280615938147,0,1
-0.013089841201921441,-0.005530504085195744,0,1
-0.011403038445220707,-0.007271976207244671,0,1
-0.011016559790523362,-0.005427489816714899,0,1
-0.011327481898868655,-0.0042896845703196095,0,1
-0.01110785069461936,-0.00449638688720858,0,1
-0.008703088055007703,-0.0056292579496146815,0,1
-0.010797723604085978,-0.0053556345364572785,0,1
-0.011097992748217654,-0.005241174689492722,0,1
-0.011118662544438312,-0.005721397400285286,0,1
-0.013775370134108325,-0.004061910984243622,0,1
-0.016073103479922534,-0.006415186410727849,0,1
-0.01605684204047153,-0.0072435740116968276,0,1
-0.01345872384722116,-0.0032456661660318965,0,1
-0.014974726763872324,-0.0032396276265113265,0,1
-0.013579174959598919,-0.003353591566083858,0,1
-0.013402750261212031,-0.003139290179065299,0,1
-0.013053866465362204,-0.002432051353576905,0,1
-0.013314623328732844,-0.002891798923039241,0,1
-0.013240872027798086,-0.0022519392240857488,0,1
-0.013423210062935184,-0.004967623988257365,0,1
-0.013598914251548105,-8.899393147794088E-4,0,1
-0.009939167363429263,-4.640435409787315E-4,0,1
-0.013461084926030735,-0.003313241819727124,0,1
-0.011913573275423191,-0.0032717113614448715,0,1
-0.012839580677766199,-0.0012428560858540065,0,1
-0.012225529504253032,-0.0015890107231877626,0,1
-0.011659324103617523,-0.0015213621759409492,0,1
-0.011533928585430881,-0.002483977003312426,0,1
-0.013973302582339633,-0.004788803673539342,0,1
-0.014028349398707509,-0.004019096932399589,0,1
-0.013562744213305182,-0.004029827829642169,0,1
-0.01337271508681494,-0.0039910767961850785,0,1
-0.013056173311368852,-0.0034240056555981985,0,1
-0.015876053538451246,-0.0029449104301744163,0,1
-0.012355997456159675,-0.0025274109258598587,0,1
-0.012284018075904644,-0.003829039429056663,0,1
-0.014003203535359188,-0.005688157810677855,0,1
-0.010748583544116858,-0.00284457130979129,0,1
-0.012919160077810831,-0.0024572030547326605,0,1
-0.012758443415669517,-0.0023894136407775677,0,1
-0.01187569788734466,-0.0017627514160390872,0,1
-0.012686791909350358,-0.002093753903912397,0,1
-0.013324513503126257,-8.398460332547777E-4,0,1
-0.012357598239470337,-8.775438759451244E-4,0,1
-0.012029706596640063,-0.0013080582880978522,0,1
-0.010604158433308713,-0.0012038872651841336,0,1
-0.014243261505177315,-0.0037475031485898784,0,1
-0.013179401107846128,-0.00384394379082282,0,1
-0.013485135037144606,-0.006492358947745922,0,1
-0.013887374535225542,-0.0031675663087526447,0,1
-0.012874230178791751,-0.0044947922878310785,0,1
-0.013183146211672539,-0.004720248043038238,0,1
-0.012914175029939546,-0.003819358136055679,0,1
-0.010995867591907238,-0.00559363927933927,0,1
-0.0128728015178082,-0.002752684376225319,0,1
-0.012688207046088374,-0.0033176128755993605,0,1
-0.01305249713660424,-0.002176632280841772,0,1
-0.012864818433442818,-0.0021664933745093244,0,1
-0.012347968035816946,-0.0015765536551850532,0,1
-0.010962458120440914,-0.0022779816982459638,0,1
-0.011885241631479858,-0.002217939144146322,0,1
-0.012143506245419168,-0.0018594672662263835,0,1
-0.011997941512983668,-0.0012262697483876998,0,1
-0.013270431413936922,-0.0015020529720513973,0,1
-0.013169191789418768,-0.004110238398253677,0,1
-0.01371376888984206,-0.0040363777765160536,0,1
-0.015378449383121762,-0.0052104679947248276,0,1
-0.012533799149073422,-0.0036593430703173967,0,1
-0.012374132984390399,-0.0010930063616600464,0,1
-0.013104688193979426,-0.003327928398952507,0,1
-0.012551749788665993,-0.0035473944179514666,0,1
-0.011931611467633756,-0.00263958696882706,0,1
-0.012402606604933789,-0.002600460358844471,0,1
-0.013083553731166944,-0.002609406085639173,0,1
-0.010715900108032424,-0.003756297964093327,0,1
-0.011030261579745753,-0.003050709787996589,0,1
-0.011439089369666243,-0.002031590824813119,0,1
-0.012142896503982509,-0.0014217237874710857,0,1
-0.012483550303064342,-0.0013267534455130177,0,1
-0.012321519208248335,-0.001690891965510269,0,1
-0.015281862311555199,-0.004295086524950767,0,1
-0.013614093467343661,-0.004029056511536305,0,1
-0.01360326446521537,-0.003994151338739456,0,1
-0.013410391663269733,-0.0035817467617520436,0,1
-0.012906283405801317,-0.0027547533108305162,0,1
-0.013246425061944081,-0.0033104888574373844,0,1
-0.011983294330991597,-0.0037029513084980777,0,1
-0.012849481122166372,-0.003207191727464638,0,1
-0.013084213934466408,-0.002932243371709339,0,1
-0.012533038383215888,-0.0031225900011728467,0,1
-0.012823648677937104,-0.002840221516999218,0,1
-0.009240659312379077,-0.0036781194166082094,0,1
-0.012382630742213557,-0.0019550627405809278,0,1
-0.013830970381726152,-0.0059533670227309675,0,1
-0.011210601784174034,-0.0016032573198388235,0,1
-0.01239187974681404,-0.0019192135198100482,0,1
-0.011833605749583365,-5.214654663312969E-4,0,1
-0.013180241151826555,-0.004226277503651985,0,1
-0.013505072075222833,-0.004088547039655473,0,1
-0.01219633602737722,-0.004351544346201557,0,1
-0.01332231171700517,-0.0034226062717347973,0,1
-0.013618620114779885,-0.005158402723556542,0,1
-0.012175566755479419,-0.002244521529459828,0,1
-0.010065548683248925,-5.553549737990701E-4,0,1
-0.013257758501601411,-0.004158861955533523,0,1
-0.012733674505844462,-0.0029044067343431115,0,1
-0.015081326004504752,-0.0027753246821231796,0,1
-0.011629947992199385,-0.0028510873293698122,0,1
-0.013681260539913446,-0.0021611151900962446,0,1
-0.012154790832798542,-0.0021091783729420923,0,1
-0.014051296015791099,-0.0018371645990043085,0,1
-0.012167149333572366,-0.0016962184751469342,0,1
-0.0109756116248191,-0.0034761638748750123,0,1
-0.012348265446175188,-0.004784345096924595,0,1
-0.011501162470291272,-0.007270203023107458,0,1
-0.011980014391695024,-0.00496315815412321,0,1
-0.012653430752847075,-0.0027448723607833327,0,1
-0.01303504624050866,-0.0037572362874994407,0,1
-0.01233502394138239,-0.002715939962917241,0,1
-0.010738755252008503,-0.0025940829702088327,0,1
-0.013138190563354824,-0.003485898091858562,0,1
-0.011712881399272583,-0.0025599160195670686,0,1
-0.011912642700543213,-0.001451780699711953,0,1
-0.013150883153353582,-0.002781100311146016,0,1
-0.01341921019024408,-0.0023159913492136175,0,1
-0.010691712385654003,-7.511117329515254E-5,0,1
-0.01205661880388234,-0.0035940527663265937,0,1
-0.01021671109276028,5.414227808528975E-4,0,1
-0.013233014502256401,-0.0043128079280870014,0,1
-0.013337610075779804,-0.005613046842523128,0,1
-0.012241047027902317,-0.003248165186112809,0,1
-0.01343204921879321,-0.005044655694918731,0,1
-0.01255368241841133,-0.0037053755223314683,0,1
-0.01429754252983507,-0.0027546140185247263,0,1
-0.011708346942345743,-0.003002035725591855,0,1
-0.013825414350703027,-0.0014876322794937077,0,1
-0.011397693350266021,-0.0020326552970415445,0,1
-0.011851426682377967,-0.004560061842920526,0,1
-0.011700625224899478,-0.0031620571657423008,0,1
-0.01151954651612618,-0.0035488857038004002,0,1
-0.011585712209908573,-0.0028191315847563205,0,1
-0.011986801037586476,-0.003133902808257778,0,1
-0.012172794392342914,-0.00152868101557746,0,1
-0.013339590338956639,-0.004456867576584013,0,1
-0.014450029212943779,-0.0030852475212835386,0,1
-0.014275358151986614,-0.005157232428103331,0,1
-0.013354229267712504,-0.004993731671262799,0,1
-0.013244695463077797,-0.004685699974828349,0,1
-0.012610388460882652,-0.003771506966563762,0,1
-0.012192515422063685,-0.0032066707990129257,0,1
-0.011737334872919999,-0.002579537348895013,0,1
-0.012361276651141074,-0.0030524412681290527,0,1
-0.011952544731414152,-0.0017655103823573394,0,1
-0.013567857873451283,-0.005788008466142131,0,1
-0.01245556624956663,-0.0028843666354549198,0,1
-0.011272251515884362,-0.003061476402773385,0,1
-0.01021830222669975,-0.0027766732523106154,0,1
-0.011081926696136052,-0.0022453350300215965,0,1
-0.013374507182028319,-0.004234501394747188,0,1
-0.012799380732833493,-0.0035506205501854475,0,1
-0.013948335676646223,-0.003920202876471698,0,1
-0.01308120321842838,-0.002542353091611945,0,1
-0.012908305195854246,-0.006426077684008239,0,1
-0.011182016485897348,-0.005132940945580168,0,1
-0.012711917941727645,-0.0026044065381824267,0,1
-0.011997661881497564,-0.0024697104972967684,0,1
-0.011245732809872497,-0.002966182934969203,0,1
-0.01253655010009563,-0.0027455166222381923,0,1
-0.013257206885145777,-0.0021474768813359597,0,1
-0.012845899775493675,-0.003570931773722787,0,1
-0.011590942006800591,-0.0034925057696804365,0,1
-0.011532624025576062,-2.632907412924575E-4,0,1
-0.01481517654146841,-0.0025652320296390982,0,1
-0.013716818062377777,-0.004233697376528169,0,1
-0.012877442505167633,-0.003836879558476894,0,1
-0.014053978615657173,-0.0037501100845382506,0,1
-0.013662925991370168,-0.003813306112160357,0,1
-0.011175500899681856,-0.0029481242379896244,0,1
-0.01251669305919543,-0.003357956012589102,0,1
-0.011820443761847968,-0.0047808299236497,0,1
-0.011917376083145819,-0.003465592046652979,0,1
-0.011685891990677447,-0.004128536480074591,0,1
-0.011835682372221072,-0.0029067889868880353,0,1
-0.012514422917408164,-0.0010863297352584204,0,1
-0.013163579978034794,-0.0030693407420100743,0,1
-0.012848628077229344,-0.0025891612969369,0,1
-0.01421980532442492,-0.004128217627672553,0,1
-0.01253419410071862,-0.0042271928442858785,0,1
-0.012623492910341346,-0.004312729932145271,0,1
-0.012706759666881777,-0.0030037456173746617,0,1
-0.012453449328234351,-0.003267218033398981,0,1
-0.012240804342178696,-0.0034308091838465486,0,1
-0.011668916230787045,-3.8245663190547804E-5,0,1
-0.012465961913906712,-0.0025996950634271975,0,1
-0.009778169073406303,-0.006476693276838616,0,1
-0.01114791913714965,-0.0033626075859081762,0,1
-0.011307757692935507,-0.0018381187698474435,0,1
-0.010133573154852839,-0.0023519624696953763,0,1
-0.013107242631914026,-0.0043274893874160275,0,1
-0.011969686982359779,-0.004942282169045237,0,1
-0.012795630183580226,-0.004080445622240011,0,1
-0.013688667180334683,-0.0032592315895049557,0,1
-0.012253505808137903,-0.003860194246317499,0,1
-0.013210918869982114,-0.003171598212764691,0,1
-0.012260305946353184,-0.0035466308004182194,0,1
-0.011983385650265242,-0.0028018856004048184,0,1
-0.01129567129693414,-0.002234415051519874,0,1
-0.01158739199341725,-0.003460406856132096,0,1
-0.012073770849606143,-0.002707336206840071,0,1
-0.01126620331229094,-0.0014374448213104079,0,1
-0.010856182041076528,-0.0022614609016459912,0,1
-0.012805598408810744,-0.005238981725454674,0,1
-0.011637910206575152,-0.004700647072856945,0,1
-0.011655461242038832,-0.0033706458579888365,0,1
-0.012591081510116833,-0.004882258717560043,0,1
-0.012333023464380657,-0.005274656876984553,0,1
-0.015332492798371863,-0.004607890075715219,0,1
-0.012181203894303303,-0.004091205348007992,0,1
-0.010036503333849842,-0.002292392218488927,0,1
-0.008662601835868958,-0.002908877938245736,0,1
-0.01204281183995267,-0.0025131775451366577,0,1
-0.014440424297745667,2.6002165398377895E-4,0,1
-0.012894716568353464,-0.002785556227067911,0,1
-0.012638867625103389,-0.002348787623498695,0,1
-0.013623128519632717,-0.003975298176278611,0,1
-0.012716571274142989,-0.004252667072402648,0,1
-0.011241052371779442,-0.0036828981390227833,0,1
-0.01322662993797798,-0.004892292605015146,0,1
-0.012790987614017197,-0.0012197420206261635,0,1
-0.010901949643089702,-0.003798103254945219,0,1
-0.013945041354286316,-0.0038206052747884454,0,1
-0.009536836391341086,-0.002767573340749665,0,1
-0.010213393753730973,-0.0023574700030792083,0,1
-0.011669906618631607,-0.0027267813545714626,0,1
-0.013909246672370151,-0.003669655933650869,0,1
-0.012937474964988706,-0.005142612476863523,0,1
-0.013817847050337407,-0.003801984840261645,0,1
-0.012413938795531168,-0.004160043691488424,0,1
-0.015250808218295882,-0.0046859463449622305,0,1
-0.011735518704402408,-0.003649787691971848,0,1
-0.013179223888867504,-0.0035774891928581037,0,1
-0.011623955478958831,-0.006835951582309029,0,1
-0.01069791166666221,-8.958113635344136E-4,0,1
-0.011242824000041647,-0.004359412547560236,0,1
-0.010746980774195955,-0.003970790981090675,0,1
-0.012141197650559857,-9.380575776877127E-4,0,1
-0.01327196172801383,-0.0019531656270394613,0,1
-0.011741982389586647,-0.005286972008068566,0,1
-0.011954917976352137,-0.003319059277248682,0,1
-0.012257178742169882,-0.0039394047443964495,0,1
-0.013475086643031124,-0.0038452332437960875,0,1
-0.012077491533684264,-0.003247586270113342,0,1
-0.011770054961576858,-0.0036520364643675236,0,1
-0.012567526466370332,-0.004800239111449738,0,1
-0.010786955603896002,-0.0035285864378326046,0,1
-0.011374801703543443,-0.002997528537599779,0,1
-0.013085062565305306,-0.004748323017450503,0,1
-0.011692452537837085,-0.0031408758278011657,0,1
-0.010302642743707579,-0.0037622085060666503,0,1
-0.01299106940580905,-0.004519527934644941,0,1
-0.012881480610367443,-0.0035663391608814488,0,1
-0.010964762043888281,-0.004106903964540295,0,1
-0.011537393975557968,-0.0035914662706776532,0,1
-0.011909465288555443,-0.0030304794219391273,0,1
-0.010931726516035507,-0.002307723264853567,0,1
-0.012899998279746841,-0.002308228160815222,0,1
-0.012264988619179762,-0.0047088973791562325,0,1
-0.0121628204246384,-0.005021539873687045,0,1
-0.01225685098206373,-0.004791969274063918,0,1
-0.015345804142591148,-0.0032289496522091825,0,1
-0.01248570740710397,-0.0037514553797376587,0,1
-0.013184697221255249,-0.0015265555637563697,0,1
-0.011514634405661662,-0.004376116728732075,0,1
-0.01165627671178878,-0.0037517450842790164,0,1
-0.00887809540018968,-0.0020900343321673194,0,1
-0.011271624970008323,-0.00482767612257421,0,1
-0.012281217763252559,-0.005276218870556751,0,1
-0.01105436546539925,-0.0044544590927351295,0,1
-0.011923782716005683,-0.00450347249789713,0,1
-0.011645606913544946,-0.004366038066756502,0,1
-0.011482301346442927,-0.0036968404170781705,0,1
-0.00930869696022701,-0.002780845190849726,0,1
-0.011357644260322593,-0.0037462101572398056,0,1
-0.010358436466937956,-0.005838231717664788,0,1
-0.01021199643650528,-0.0036550135454671865,0,1
-0.013281489824178969,-0.005429784847763927,0,1
-0.012719699255245631,-0.003375722852590661,0,1
-0.011281923574017482,-0.0048298802103644975,0,1
-0.012139505595105128,-0.004814613273565568,0,1
-0.010091834718457593,-0.0013828928853443076,0,1
-0.012172087260975654,-0.0050627250455683144,0,1
-0.011385606637901379,-0.004331534012157471,0,1
-0.010801487012499,-0.0028912666990331573,0,1
-0.00875391189235964,-0.0046092684478687565,0,1
-0.012817204417718352,-0.0053089937709526695,0,1
-0.011701450492649085,-0.0049334456552657825,0,1
-0.011835274335479406,-0.004091128453832841,0,1
-0.011538543965396992,-0.004247092131597027,0,1
-0.012360458627920169,-0.004845795511445344,0,1
-0.012274191134230693,-0.0038332171244216773,0,1
-0.010324185624907401,-0.003217577457090333,0,1
-0.010686975234313058,-0.0031581247544033987,0,1
-0.010487055153709861,-0.006756032605026089,0,1
-0.011532918740818738,-0.005230800302979023,0,1
-0.014923219253983579,-0.0035276150079264867,0,1
-0.01164905796751849,-0.004436793187649258,0,1
-0.011858611064190162,-0.004368501003167888,0,1
-0.011590857493214798,-0.004209046792036533,0,1
-0.012235344737843636,-0.0070074692270967204,0,1
-0.01100904245332219,-0.004704078805243568,0,1
-0.011676250867090296,-0.004513780141028091,0,1
-0.011517482377812008,-0.004306762401864143,0,1
-0.011245479275722085,-0.005202919033165325,0,1
-0.012011831038015706,-0.004213821227188692,0,1
-0.012065124345796537,-0.0056443050581240954,0,1
-0.012596195417417532,-0.006590483204665043,0,1
-0.010027653437755156,-0.005372836017276646,0,1
-0.011543322951958947,-0.0047160253138900194,0,1
-0.010496347298768763,-0.0034008736163858412,0,1
-0.012388316919802678,-0.0038445217449008928,0,1
-0.011763107694877966,-0.004379808089546701,0,1
-0.012172752532383079,-0.003659343151511915,0,1
-0.011516037218514033,-0.0032951817038258968,0,1
-0.012536206118751485,-0.0046168583099678384,0,1
-0.010514825225780513,-0.004999359190627034,0,1
-0.01100667991523601,-0.004300658351392342,0,1
-0.011289886207275831,-0.004308361382247902,0,1
-0.009947743588028666,-0.003276417451538872,0,1
-0.012472597871868418,-0.004908793680990057,0,1
-0.01303040731938669,-0.004506891487920923,0,1
-0.010555319713036491,-0.0036339687713045185,0,1
-0.012579282984946916,-0.008192341489072483,0,1
-0.010224898284818108,-0.008644256015093036,0,1
-0.011587653514484635,-0.004701904524803632,0,1
-0.014579054213652498,-0.002092969499126193,0,1
-0.010975302044240383,-0.0049624808930693555,0,1
-0.010896935069680357,-0.004314038809475396,0,1
-0.011528452538007456,-0.007836607494276953,0,1
-0.011227546100409744,-0.005318494517381808,0,1
-0.01003822508390902,-0.008228076388539628,0,1
-0.011221800419654523,-0.005179165854058108,0,1
-0.010329397054674654,-0.006285440027167656,0,1
-0.010712133905878505,-0.006486345291606987,0,1
-0.010629741181533776,-0.005083693976763002,0,1
-0.012141281147148136,-0.004692484058994707,0,1
-0.008993771092587163,-0.0051470922971467116,0,1
-0.011267446804129664,-0.005128481405542392,0,1
-0.012243089990898952,-0.003223216230468922,0,1
-0.010641723481680803,-0.003429365749392882,0,1
-0.01275219177623,-0.0043918351525706,0,1
-0.01056793819448815,-0.005198851991785494,0,1
-0.010799294215156761,-0.004480458948764091,0,1
-0.01093104331523953,-0.003948996906185047,0,1
-0.010377024361550356,-0.005796583729049349,0,1
-0.009206956360449324,-0.00549037199150272,0,1
-0.011851191615212012,-0.005588794716128401,0,1
-0.010793831830165454,-0.005412912195421577,0,1
-0.010724972638178915,-0.0046186733233376225,0,1
-0.010526522694695294,-0.004756763856488858,0,1
-0.010511419662495332,-0.005833282738556099,0,1
-0.010670137992665998,-0.004869943681593473,0,1
-0.010214228520481676,-0.004938743986531809,0,1
-0.009199128560494842,-0.004172090296452509,0,1
-0.010634869504011126,-0.005231133632391122,0,1
-0.007271727012165988,-9.817693512363505E-4,0,1
-0.007689277317246858,-0.0011139627401800661,0,1
-0.008887200993526623,-0.003109526061068503,0,1
-0.008499880745357282,-0.0025854386159889294,0,1
-0.008560253523087407,-0.002887490285050946,0,1
-0.00926629935584189,-0.004265111809481154,0,1
-0.009304333968235533,-0.0020152772617006683,0,1
-0.00928594274903302,-0.003357435778440688,0,1
-0.009765756427616729,-0.003810927994947753,0,1
-0.008883959743970937,-0.003822614823720539,0,1
-0.009744070914873112,-0.00399046257677482,0,1
-0.009551750532329609,-0.004072796033670319,0,1
-0.008449655561393264,-0.0031663189311789026,0,1
-0.009485541369872378,-0.00343820829681807,0,1
-0.010563634935052135,-0.005498757591280225,0,1
-0.012237879317161181,-0.006803451577999634,0,1
-0.010150890505919857,-0.0048212572188045776,0,1
-0.01105467005876916,-0.006088300049754722,0,1
-0.010842734703890501,-0.006542314046187906,0,1
-0.008394206593112742,-0.002237210459083109,0,1
-0.00829604341224057,-0.0025006236888931756,0,1
-0.009598936002471498,-0.001429447129085645,0,1
-0.008134190496024579,-0.0035923808498659468,0,1
-0.011119289053475504,-0.0019566565584228507,0,1
-0.009703612940918795,-0.002519433473096145,0,1
-0.009807131651636599,-0.003682500244408085,0,1
-0.007961841972445819,-0.0022067773291705537,0,1
-0.008386142638980918,-0.0031018488358517636,0,1
-0.010532395652743502,-0.004732731097247017,0,1
-0.010103839313578665,-0.004269669788175562,0,1
-0.009242863015320847,-0.0028404158020321293,0,1
-0.00929688477742242,-0.0019115005181717544,0,1
-0.008848435634613482,-0.00471819103055887,0,1
-0.010771474115692788,-0.003407497217049558,0,1
-0.010393879697544772,-0.004046784892782748,0,1
-0.009536574280005336,-0.004983048118620888,0,1
-0.011475507401902417,-0.005183379487326082,0,1
-0.0077775190240808745,-0.004791538188061577,0,1
-0.008403097470532868,-0.0025479290467479818,0,1
-0.008393454694029289,-0.002257009632549818,0,1
-0.008571777630850763,-0.0028245084055495808,0,1
-0.007886804887281648,-0.0037277669668072237,0,1
-0.007960834370570807,-0.0023765298319256833,0,1
-0.008604526138688002,-0.005095823463850831,0,1
-0.010716722609309216,-0.003427703712343003,0,1
-0.005374056726020384,-0.0034978011097239322,0,1
-0.009372832520015834,-0.004519311385594743,0,1
-0.008880804814611032,-0.0032379834957737296,0,1
-0.009884391173736032,-0.0033735000995647082,0,1
-0.009976301811767575,-0.004186997538034361,0,1
-0.010404484415379221,-0.0038082132048756494,0,1
-0.010856810436526091,-0.003827315057754074,0,1
-0.00961731002009208,-0.003530211042741439,0,1
-0.009451608610188069,-0.005606101334997282,0,1
-0.010784962324376644,-0.005943646606451415,0,1
-0.008172254050205198,-0.002331574085863794,0,1
-0.008521770102494252,-0.002312400865355036,0,1
-0.009850580708293392,1.336240780184221E-4,0,1
-0.010045855297124602,-0.0037775926089129762,0,1
-0.009167815748543818,-0.003000651728099376,0,1
-0.008902421596514163,-0.002168810575898163,0,1
-0.009141392010672987,-0.003937180874959701,0,1
-0.006665872376359731,-0.004158312134129164,0,1
-0.00876893633870518,-0.004060297198670847,0,1
-0.008475073542819903,-0.0025284723291816116,0,1
-0.008623891748778121,-0.0039836664428152336,0,1
-0.010283743960055712,-0.0029143417021085674,0,1
-0.009156401866213821,-0.004336566155560498,0,1
-0.010127450012344497,-0.004709084756171553,0,1
-0.01041613709121728,-0.004157885746408615,0,1
-0.007176138073981797,-0.0028952369330747705,0,1
-0.011089153258518085,-0.0048306580814782155,0,1
-0.008803082741963196,-0.001215239773226396,0,1
-0.008771521471148453,-0.002381877702740853,0,1
-0.008736856283774514,-0.0024297487460958177,0,1
-0.010028471202431255,-0.004006062329756485,0,1
-0.007024162920273596,-8.650816180579277E-4,0,1
-0.009052065087962897,-0.0028764376648480203,0,1
-0.008784815429290757,-0.004235924611314098,0,1
-0.009666721592522957,-0.003079521430943736,0,1
-0.010013892057678372,-0.003116989472187845,0,1
-0.009730619651855132,-0.0040413312996688214,0,1
-0.008229597320833577,-0.003702486038394749,0,1
-0.011493742524014073,-0.0035342371362224265,0,1
-0.011263960519617427,-0.0038145997783029266,0,1
-0.011178511058514536,-0.004207907845813308,0,1
-0.009679391867363862,-0.005372493307662471,0,1
-0.009643337272291176,-0.004973498998888216,0,1
-0.010382018820361865,-0.005214604671765977,0,1
-0.007800185702553865,-0.003176464459865016,0,1
-0.008702035316259522,-0.0010399059661017705,0,1
-0.010796293413405253,0.001355981770724654,0,1
-0.007254619174899623,-4.051785099318309E-4,0,1
-0.010791169955199348,5.095167957627437E-4,0,1
-0.009890699471161099,-0.002931923074473149,0,1
-0.008723157108860789,-0.003353511129715842,0,1
-0.009016029659764148,-0.004379778300125164,0,1
-0.009587219633362567,-0.0035945715064463323,0,1
-0.009355647695579132,-0.003948789612242094,0,1
-0.008621441356275945,-0.004638049393197851,0,1
-0.009287419709097841,-0.003406788755878856,0,1
-0.010118531476906252,-0.004316847752575723,0,1
-0.011497667416709649,-0.005254877796346752,0,1
-0.009924348850407059,-0.004282170446665434,0,1
-0.010655202435677299,-0.004542215467571443,0,1
-0.007684481862780724,3.496506625770431E-4,0,1
-0.010804887836448968,-0.0035295272230987072,0,1
-0.008505818856988659,-0.004187485286705333,0,1
-0.008732221815119278,-0.0032454163995867527,0,1
-0.009315478298912725,-0.002349763529136784,0,1
-0.009750890714358628,-0.00357427807178059,0,1
-0.01002580112040605,-0.0019617204775366306,0,1
-0.009611244226771709,-0.002641808460000377,0,1
-0.01161899063236621,-0.004834425911216838,0,1
-0.008814898085492889,-0.005861813045168748,0,1
-0.009535450557137816,-0.0060658261566746705,0,1
-0.010118659711042963,-0.004905165898180429,0,1
-0.010178591909149238,-0.003950966802976232,0,1
-0.010005651963199674,-0.005014543436503761,0,1
-0.010931893650252648,-0.004058201040373354,0,1
-0.010420251471478048,-0.005658900051813392,0,1
-0.008219657788384013,-0.001584049506173526,0,1
-0.009042560511896357,-0.0024538652283173762,0,1
-0.008746415374051396,-0.0021604028755009418,0,1
-0.009692240957681664,-8.252612707173475E-4,0,1
-0.009769080134146098,-0.002974167693745725,0,1
-0.009747754929975243,-0.002784314435057762,0,1
-0.010385496880531654,-0.004223611599842459,0,1
-0.011596486693220047,-0.002312998329010747,0,1
-0.010297213880420444,-0.0031693162290875637,0,1
-0.009581721624964087,-0.0031795350507099612,0,1
-0.009426514302454374,-0.00519574245579262,0,1
-0.01025988323481949,-0.0038851848995061465,0,1
-0.011598473413186044,-0.003115434675699054,0,1
-0.008787747844625425,-0.005882674062547837,0,1
-0.011315315241868544,-0.004477995313632881,0,1
-0.00997848225026324,-0.002215411961798726,0,1
-0.009099224268740786,-0.0020395757611572063,0,1
-0.010577603070107425,-0.0026502244702761002,0,1
-0.010175313631510394,-0.0012408687638743433,0,1
-0.008875764336198645,-0.002782324630070323,0,1
-0.009595457436860955,-0.0029508913527834402,0,1
-0.009941113087168215,-0.0031540030632805187,0,1
-0.010205760227929595,-0.0031159150582603917,0,1
-0.011873930351516697,-0.005724369661265288,0,1
-0.01282464903729791,-0.0028469313071564717,0,1
-0.010374695904905968,-0.004934850507164941,0,1
-0.010147242770021573,-0.003215837402316823,0,1
-0.010696033849865894,-0.003671080488337929,0,1
-0.011390423371145507,-0.004804441837643873,0,1
-0.0109758379032155,-0.00439151731767409,0,1
-0.008451176639396277,-0.001264209125798235,0,1
-0.008824564044047495,-0.0023264054315914255,0,1
-0.009505444971136843,-0.002459479981960461,0,1
-0.00908178028186169,-0.0026498673460467292,0,1
-0.007874206908587934,-0.004926514565329199,0,1
-0.008113344680672015,-0.0028028111613876117,0,1
-0.009610854050981549,-0.0025362084503326105,0,1
-0.010576553794268752,-0.004532907775186567,0,1
-0.00922665452256063,-0.003474848200633891,0,1
-0.010038302097901146,-0.004403438038332508,0,1
-0.010530300029016514,-0.0036630421478000986,0,1
-0.010464605582580952,-0.00423965365264789,0,1
-0.011082997224336507,-0.004086221696681169,0,1
-0.011918999214288717,-0.006051471377443276,0,1
-0.010328336272536669,-0.0038338123147336916,0,1
-0.009581883617062041,-0.0019954594362180836,0,1
-0.009624075153156095,-0.0021478351840011744,0,1
-0.011142474554921995,-0.001510475906312708,0,1
-0.010245847065635597,-0.002417859772811931,0,1
-0.009956132313538228,-0.002368876967878844,0,1
-0.009927119637158099,-0.0022866852959978643,0,1
-0.01023277609962758,-0.002998874561206017,0,1
-0.01389664496383758,-0.0031231167276767704,0,1
-0.008580096176785509,-0.004857641908868683,0,1
-0.010459067236742437,-0.0034891773957169176,0,1
-0.008905749943618778,-0.006043600019674041,0,1
-0.012405693950346682,-0.005587795911113766,0,1
-0.010026072034758289,-0.002203302024746788,0,1
-0.007961679780684483,-0.002518556395965879,0,1
-0.009673076702978137,-0.001995612537765345,0,1
-0.009705947994290096,-0.0025836525809896224,0,1
-0.01009298626028898,-0.0024287398068340324,0,1
-0.00941252991666181,-0.002405042185552924,0,1
-0.00965546460109323,-0.0036945566827934215,0,1
-0.009495222578969675,-0.0015967881802326118,0,1
-0.009843510189755062,-0.0029997708321749593,0,1
-0.010351104719945582,-0.003293241622408946,0,1
-0.010312193405926467,-0.002688137620788748,0,1
-0.012884929246953584,-0.0036216788091401734,0,1
-0.010175242703995146,-0.00386578695551515,0,1
-0.0114298659275288,-0.005788982777285979,0,1
-0.012010663062720053,1.3458712280386376E-5,0,1
-0.009544938604811955,-0.0036516039273510755,0,1
-0.009042736733422336,-0.0015456488354194226,0,1
-0.008806630017745554,-0.002749094100601456,0,1
-0.011585511608585012,-0.005516192820264723,0,1
-0.010120332674134858,-0.0025691752402145127,0,1
-0.010079637449339813,-0.0033122019542286083,0,1
-0.00947127863075457,-0.0034842515355816323,0,1
-0.009329931849205586,-0.0038162437433456233,0,1
-0.0099768420539297,-0.0030783699971627895,0,1
-0.01049063769493295,-0.003616979842967956,0,1
-0.011824404515838594,-0.0031365533747587746,0,1
-0.013034072142909914,-0.003132441750824535,0,1
-0.009493474225902122,-0.0018302901114848856,0,1
-0.008617507990478999,-0.001851054588777791,0,1
-0.009137227095351958,-0.0025701830135628433,0,1
-0.009321433174356634,-0.002509234648856755,0,1
-0.010142610670903865,-0.0024437079023176583,0,1
-0.010148835578554772,-0.0017156021208086499,0,1
-0.009898396119714705,-0.0015627361832970213,0,1
-0.011580862893196533,-0.0036032247492056623,0,1
-0.011012357405210458,-0.003577501388861538,0,1
-0.010595603605391985,-0.003963625324104649,0,1
-0.010067132023007045,-0.0019530867053374017,0,1
-0.010622743276158747,-0.003840329101595127,0,1
-0.012544248864682035,4.7878160699554693E-4,0,1
-0.009686263412151161,-0.0021810078344883773,0,1
-0.009360516070616155,-0.0023554835470086647,0,1
-0.009642577845848781,-0.0029503535540915233,0,1
-0.009347545826486944,-0.0026913679892753887,0,1
-0.00962932710290401,-0.003995286285046432,0,1
-0.010443970558702562,-0.0019614941563795697,0,1
-0.010557689557270369,-0.0029203419998553356,0,1
-0.011438586111493006,-0.004003325558153908,0,1
-0.010828732034693443,-0.002967614043087379,0,1
-0.010546636108088722,-0.0033870832809882404,0,1
-0.00980476319478835,-0.0034368134627613413,0,1
-0.009188743715208912,-0.001175465759298378,0,1
-0.009606046033352066,-0.0018728223914087029,0,1
-0.011251386783187196,-0.0012908811636310811,0,1
-0.00975411241166044,-0.002556565459763712,0,1
-0.00929899449896695,-0.0024637975554599304,0,1
-0.010372140816653046,-0.002526385972833019,0,1
-0.013425290573302578,-6.505989833813268E-4,0,1
-0.010731448926732615,-0.002064483155270462,0,1
-0.010327413471226411,-0.004304627794246952,0,1
-0.010618420753652567,-0.003358875006107457,0,1
-0.011578395776988586,-0.002327886973826352,0,1
-0.009883255795419231,-0.0017078719242269013,0,1
-0.00998145609946941,-0.0016748933336072683,0,1
-0.009889507676323031,-0.0018888564316903163,0,1
-0.0103430990763527,-0.002278638302410578,0,1
-0.009326482457437153,-0.0014823201115723907,0,1
-0.008765321681378169,-0.003080690901105642,0,1
-0.010508130008374852,-0.003176435724748608,0,1
-0.011031744714858079,-0.0038748740335013123,0,1
-0.010288630434161127,-0.0044081750444824545,0,1
-0.01089860307874721,-0.0028902542185610712,0,1
-0.010670914128858643,-0.00419176439613694,0,1
-0.008342236557155611,-0.0013647088215383082,0,1
-0.010528039774469124,-0.0028883468280930373,0,1
-0.011399671296497604,-0.0032460689980396483,0,1
-0.009038634734796833,-0.0025894686738548315,0,1
-0.010946830152812871,-0.0034182682560096084,0,1
-0.01239873323004129,-0.005632335140552511,0,1
-0.013289110690571574,-0.0032125968402021395,0,1
-0.010813929322936679,-0.0028076818074724177,0,1
-0.01378705863497799,-0.0027713027935069817,0,1
-0.011782332096717632,-0.002298645662901657,0,1
-0.009033260811815231,-0.002776697092256228,0,1
-0.00880428770536085,-0.0025230405404715176,0,1
-0.010266593060716124,-0.0019208140999517793,0,1
-0.00850703465841073,-0.003141720897091933,0,1
-0.011660936657277876,-0.002196812301348002,0,1
-0.010895445558121872,-0.0023348515534342795,0,1
-0.010673517014221706,-0.002501330689304664,0,1
-0.011094220761756217,-0.0019422643291735998,0,1
-0.011539877100790451,-0.003237852999291436,0,1
-0.01186408653036719,-0.005177627268645128,0,1
-0.010569008217681588,-0.0015618290940527728,0,1
-0.010274114964840146,-0.0020384591145160224,0,1
-0.009322976040432793,-0.002281158889819387,0,1
-0.011606624606067427,-0.0022370850563906627,0,1
-0.011468208587684773,-0.00297691860513769,0,1
-0.010658814455546506,-0.0026248047442570623,0,1
-0.010857643593155351,-0.002562748600931292,0,1
-0.011658953883552743,-0.0026884499381302474,0,1
-0.012088772237883794,-0.002939497876315095,0,1
-0.009392708336739271,-0.0018350439167025788,0,1
-0.010581396128350198,-0.0014494566845972745,0,1
-0.009106967038848123,-0.001903517726296528,0,1
-0.010194408628757803,-0.0021321070295377362,0,1
-0.010269017753374517,-0.001130602707157598,0,1
-0.010683367479196538,-7.842203653922237E-4,0,1
-0.009919557420143768,-0.0023361784477721782,0,1
-0.011230415904411675,-0.0031015859965823514,0,1
-0.012035218070645634,-0.002954332184339078,0,1
-0.00990262840295684,-7.60094558864901E-4,0,1
-0.009846556594118957,-0.0038147250947190366,0,1
-0.010751532526299755,-0.002716639243665879,0,1
-0.007766540760963281,-0.0020733562225424005,0,1
-0.010805594422924785,-0.001991970677452673,0,1
-0.011572356221927375,-0.0028235357921955733,0,1
-0.01106982231020075,-0.0022500072102415035,0,1
-0.012242366084342215,-0.0025356540082472024,0,1
-0.011863172936714858,-6.676553014933982E-4,0,1
-0.009261266518305526,-7.75430151899178E-4,0,1
-0.009682344376326237,-0.003000484877973278,0,1
-0.012104018315043704,1.9332343628880415E-4,0,1
-0.010177685907359698,-0.0023864787870263547,0,1
-0.01056910235058634,-0.00104208447118255,0,1
-0.012301804252590979,-0.0036890512943321694,0,1
-0.01137820604484459,-0.002875193125954529,0,1
-0.011002029470149437,-0.0018933276735161552,0,1
-0.008582500546711388,-0.003039274153902777,0,1
-0.01133490590826554,-0.001933906313114361,0,1
-0.011484726411677628,-0.002119750163215623,0,1
-0.010953910629676461,-0.0021258611696874947,0,1
-0.012420532334416944,-0.0020907628614187535,0,1
-0.01162537013595204,-0.003874794392861633,0,1
-0.010728485397089753,-0.0012484449775574502,0,1
-0.010683346993475899,-0.0017783506191470582,0,1
-0.008884840066941744,-0.004998785785391728,0,1
-0.01137550570296532,-0.0013703790370750612,0,1
-0.010486227092684047,-7.299269475007901E-4,0,1
-0.010965351714872291,-0.0023494462486429836,0,1
-0.01127682918672972,-0.002425992446138164,0,1
-0.01098839085579388,-0.0017810384594755038,0,1
-0.009154724353503509,-0.0015914250738390757,0,1
-0.0119614050103236,-0.0021812454042622145,0,1
-0.010424921101518774,-0.0025184010090858445,0,1
-0.011896528439466723,-0.0016263060611797478,0,1
-0.011465755813262717,-0.002277187400081694,0,1
-0.011654486142100257,-0.0015356005042327543,0,1
-0.010940748140714803,-0.0028850700335821423,0,1
-0.011909218232069729,-0.001567280930559885,0,1
-0.011108774372542703,-0.002086452578351934,0,1
-0.010803830284408717,-0.004816861900254286,0,1
-0.011845053025567374,-0.0023566617684747646,0,1
-0.010507918900929697,-0.0015155894627754704,0,1
-0.010491895777618868,-0.0012774289003207532,0,1
-0.01148518173414988,-0.0018779438718636166,0,1
-0.012229534114929906,-0.0015597535516445138,0,1
-0.011289615483796622,-0.0015333285908710696,0,1
-0.010483492562274674,-0.001004372604927015,0,1
-0.011274944451659849,-0.003046622580140886,0,1
-0.011150936829141228,-0.0036596526686017944,0,1
-0.010503513161319516,-0.0022390788486507233,0,1
-0.011664335741148966,-0.0021726283681505385,0,1
-0.011986664819245901,-0.0027834093496458497,0,1
-0.011404899058435905,-0.001621638187154848,0,1
-0.011984565535505665,-0.0013410550412372316,0,1
-0.012726514687995228,-0.002090585272787866,0,1
-0.011372186560996039,-3.7096377513678465E-4,0,1
-0.010854061757294706,-0.0017800303487114303,0,1
-0.012001165734803577,-4.334982368665001E-4,0,1
-0.012469305156684632,-0.0016378349313960557,0,1
-0.011863843176091073,-9.536132930640461E-4,0,1
-0.013983649114898184,-0.002636248093477307,0,1
-0.009950441069512235,-0.003240037268059051,0,1
-0.011427647460311384,-0.0013081579686600301,0,1
-0.010536332999999853,-0.0019256622208064338,0,1
-0.0131275132891374,-0.00190940342145653,0,1
-0.010961542135029693,-0.0010536675711467977,0,1
-0.011793254082765579,-0.0013614335402929382,0,1
-0.015260504296176453,-1.4448758578789603E-4,0,1
-0.011677223170691845,-0.002375753809991523,0,1
-0.011758351112926061,-0.001142190697757415,0,1
-0.012146539014590823,-1.9091659430198326E-4,0,1
-0.008229711738318898,-0.005822134323567517,0,1
-0.004866694882305891,-0.005225308568806898,0,1
-0.006967692637089681,-0.004104866380147737,0,1
-0.003413900739244681,-0.00531392044513125,0,1
-0.005613641055843961,-0.004543717206143481,0,1
-0.0065090028927032705,-0.006896482923511753,0,1
-0.007698443708246756,-0.006419357069296844,0,1
-0.005256039470619753,-0.005904444955484777,0,1
-0.007662023081637067,-0.007544741265711224,0,1
-0.007488799096323644,-0.005626561328687552,0,1
-0.007315352697521499,-0.007465230839798932,0,1
-0.00783321407640821,-0.007605117601607328,0,1
-0.006598419181188905,-0.00546856300732392,0,1
-0.005682298013630817,-0.009180953227491328,0,1
-0.00763615828573138,-0.008053846455402186,0,1
-0.00763897303164864,-0.008319341099789991,0,1
-0.008101041161726216,-0.008804057907521685,0,1
-0.008489131130142026,-0.008277745943968922,0,1
-0.006122437814883479,-0.005266507099753155,0,1
-0.008284281343310258,-0.004535580644737966,0,1
-0.004992427282411999,-0.0072468661707661905,0,1
-0.006192235761207924,-0.009363326974301223,0,1
-0.0067122123135531595,-0.00598024937057829,0,1
-0.00606389929304025,-0.00428851313977807,0,1
-0.007094748006289834,-0.00893422084143757,0,1
-0.0067879276126999845,-0.005427324860517547,0,1
-0.007423674303428778,-0.006997620044272168,0,1
-0.007969296728009284,-0.00775712262294796,0,1
-0.007688693732502155,-0.0075335384215046925,0,1
-0.007216572777417374,-0.005484122509866232,0,1
-0.00487526624101563,-0.005696951986682034,0,1
-0.006825457379582215,-0.00723256350914101,0,1
-0.007460040043054587,-0.008262972363400924,0,1
-0.008262992933882801,-0.008225267122780992,0,1
-0.007658753229595831,-0.008226987834558297,0,1
-0.008299167120175133,-0.0036973146821148548,0,1
-0.007648250698355455,-0.005679340471663756,0,1
-0.007368610081499005,-0.0058493656368766005,0,1
-0.008879952344183574,-0.00457073426555037,0,1
-0.005914796919357843,-0.0059395502483178195,0,1
-0.006466397406688227,-0.006911178956491247,0,1
-0.008737957346700005,-0.006298196266120991,0,1
-0.008629490359933833,-0.007238751737745073,0,1
-0.007063126960674082,-0.006718880407588046,0,1
-0.0075715116927686545,-0.007951320538356385,0,1
-0.007031729319633163,-0.006466025674391664,0,1
-0.008855974918713053,-0.009038718651074558,0,1
-0.006179813063454457,-0.010095209072146996,0,1
-0.008254580070432583,-0.008995503325664095,0,1
-0.006738966119859993,-0.007444711278414467,0,1
-0.008071109063165249,-0.008268735938104888,0,1
-0.007550474834326757,-0.005051394790751907,0,1
-0.008722709194656973,-0.008878857361511295,0,1
-0.00664439593838549,-0.0059500836048584395,0,1
-0.007695070073222673,-0.004277483384844114,0,1
-0.008570419530776925,-0.0052357686210449395,0,1
-0.007658812983298515,-0.006326881686254407,0,1
-0.0072098455096127655,-0.006768038645494856,0,1
-0.005047050399342633,-0.005866216205996255,0,1
-0.007795574986343914,-0.006558395134192063,0,1
-0.007834966613095878,-0.0071462196141507655,0,1
-0.007192291798158744,-0.008526715611345043,0,1
-0.007207959829406004,-0.007963677603893476,0,1
-0.008781758027017406,-0.008912782667623397,0,1
-0.008792984858449503,-0.007753555256864367,0,1
-0.005589235615061553,-0.006721681369930662,0,1
-0.008185577876496633,-0.008352735677833392,0,1
-0.007867823980636065,-0.004866704468744636,0,1
-0.00831071123652829,-0.004804391208199082,0,1
-0.009139036778213852,-0.005080446495411643,0,1
-0.006935260422286068,-0.006864176264288613,0,1
-0.010680582171808745,-0.006653753834904828,0,1
-0.007038831322904542,-0.006165051959463335,0,1
-0.009847491364298343,-0.005818253007881571,0,1
-0.008681877773436791,-0.00912199763108061,0,1
-0.008436381119635659,-0.007698884899283984,0,1
-0.00861354891988203,-0.005271449262044539,0,1
-0.006663852535628455,-0.009815886150298063,0,1
-0.008147436886780244,-0.007600243784527162,0,1
-0.008075474806559513,-0.007871732374260466,0,1
-0.007331390610182664,-0.008147008436550345,0,1
-0.008445600211134153,-0.0072777480529170316,0,1
-0.00747389007346701,-0.005978711560824715,0,1
-0.0057100357186054,-0.006536099701007097,0,1
-0.008082435604929309,-0.006326873726076014,0,1
-0.00751313427537687,-0.006048914064098702,0,1
-0.0072864866880181615,-0.006847444140173786,0,1
-0.008126357412166173,-0.00755368607011505,0,1
-0.008867285697308753,-0.007711300243599831,0,1
-0.008106185867572512,-0.006694308186387364,0,1
-0.007617563247689444,-0.006807165651791048,0,1
-0.0076200459936984115,-0.007327182574880063,0,1
-0.006099637797486898,-0.005561338579372528,0,1
-0.008561020461790848,-0.008035122924781394,0,1
-0.008001403721534732,-0.007234960117187948,0,1
-0.007560532743639075,-0.00843872259583765,0,1
-0.008954751471510019,-0.008491460092937076,0,1
-0.007472993726338633,-0.004939356002728921,0,1
-0.007877796300580706,-0.005254380756662538,0,1
-0.00877277707569999,-0.004668821642160928,0,1
-0.007793444318943539,-0.005035128643183752,0,1
-0.007745456252046708,-0.007080125333349178,0,1
-0.008389751588775595,-0.007179384527232962,0,1
-0.006161636830597862,-0.00810549213460039,0,1
-0.008582865699955292,-0.006222363473144654,0,1
-0.009403688929475264,-0.007366966926634717,0,1
-0.007703731442564255,-0.007182376331997737,0,1
-0.00810245787656237,-0.007449981244678677,0,1
-0.010363415718307798,-0.006104283939435195,0,1
-0.008881625954124596,-0.008078614406771404,0,1
-0.009735305964936302,-0.006337201495811565,0,1
-0.004596476704263829,-0.0075223501306466815,0,1
-0.010933238998629038,-0.005866644517469656,0,1
-0.00929714210229251,-0.0045312785836683816,0,1
-0.01086911264249773,-0.005681213602067488,0,1
-0.010345030149013307,-0.005941363917576728,0,1
-0.00797806617141432,-0.0058329100198658106,0,1
-0.007248654565815371,-0.007144751635685187,0,1
-0.00763081957207733,-0.006398081160022164,0,1
-0.0066924410356484455,-0.00676246713459121,0,1
-0.007667804351565805,-0.007256372407621994,0,1
-0.00831583742672513,-0.007435969248063693,0,1
-0.00732787461698269,-0.009214287056901048,0,1
-0.009266721822257512,-0.009514862004771018,0,1
-0.008696802731238433,-0.008266344133574926,0,1
-0.007791724782199387,-0.004141294871881074,0,1
-0.008091720792351893,-0.0058940587744560425,0,1
-0.008040806407427327,-0.005541853161884272,0,1
-0.007529500877069814,-0.005625814896184847,0,1
-0.007084513725785006,-0.006697278862088504,0,1
-0.008143744340951994,-0.006757708797160506,0,1
-0.007853891028773551,-0.005971534804835897,0,1
-0.007471353174177605,-0.008104401386748573,0,1
-0.008524245171470447,-0.0071389348481587745,0,1
-0.008886086237757924,-0.008634036958132906,0,1
-0.007710610639686888,-0.00817568112299436,0,1
-0.009068417464928572,-0.008576350712189774,0,1
-0.009037693849859509,-0.008740990843561038,0,1
-0.00799577639761623,-0.007908839982420196,0,1
-0.009429318130777152,-0.004920032474245256,0,1
-0.008200018577210305,-0.005725598138950611,0,1
-0.008251279271675977,-0.005798769291101047,0,1
-0.008381009510862724,-0.005955617985662378,0,1
-0.008995981704506854,-0.003042663436555683,0,1
-0.010155236278254784,-0.008436621737518498,0,1
-0.007745312256513007,-0.006988294978692654,0,1
-0.008021949755858295,-0.006826189395387547,0,1
-0.008377084152688214,-0.00725158231870218,0,1
-0.009967176831787187,-0.007524010303462467,0,1
-0.0083800493891656,-0.00835451348284823,0,1
-0.009239010566312694,-0.007492374990492443,0,1
-0.005777252685033526,-0.0033819254541044164,0,1
-0.007080248840171475,-0.004468839350219302,0,1
-0.007774025385889755,-0.005923301412216385,0,1
-0.008001155708369415,-0.006503194638620251,0,1
-0.007765209941344417,-0.005411036296939809,0,1
-0.007335072313639929,-0.006451893938127609,0,1
-0.008444773622536301,-0.004006609402945717,0,1
-0.007840481959133963,-0.006567588949931988,0,1
-0.007588920297831224,-0.007941460104757417,0,1
-0.008184076007553009,-0.0043063740233922326,0,1
-0.010132075340001732,-0.007779405346562751,0,1
-0.008220977220203509,-0.007372284765065011,0,1
-0.008218732575791969,-0.007576432951593164,0,1
-0.008532339380902474,-0.005599229003621327,0,1
-0.008330396558406427,-0.004099921833040057,0,1
-0.008425076816818977,-0.00533036369676519,0,1
-0.007950348401034505,-0.007091870388155644,0,1
-0.008226689875655677,-0.0058783930199938,0,1
-0.007350354677301896,-0.005561399134411665,0,1
-0.007870479478653878,-0.006029718303496453,0,1
-0.00852048929773923,-0.00684872896036529,0,1
-0.008041102220620894,-0.006102336925735612,0,1
-0.008411529207881336,-0.00723227822901934,0,1
-0.008383659445293266,-0.007621263299542217,0,1
-0.008181216037134788,-0.008346928498274963,0,1
-0.007684685091968278,-0.006391701048396113,0,1
-0.008020078181617813,-0.0053538533448489745,0,1
-0.008461742500730993,-0.006648229460521726,0,1
-0.008230768510726573,-0.0067360139832957295,0,1
-0.008087855581513873,-0.006134452375560045,0,1
-0.010474467562520146,-0.007208345366715148,0,1
-0.00922668948587017,-0.007802771007066679,0,1
-0.00949447358193963,-0.005642642132777042,0,1
-0.00861851579538681,-0.007080241968909336,0,1
-0.008386949714677778,-0.008760593028424416,0,1
-0.008194004949355757,-0.009192984189302008,0,1
-0.008637588099970289,-0.005874886114132086,0,1
-0.007800031402913091,-0.0037730605274141613,0,1
-0.006246264113438229,-0.004671778149660005,0,1
-0.009148275017338937,-0.004155061620354066,0,1
-0.008286864742683628,-0.006530634549183355,0,1
-0.008332530058776608,-0.006959940614516721,0,1
-0.0068126820945798704,-0.008144664064151165,0,1
-0.008747192263970036,-0.007644463257257893,0,1
-0.008998255740094226,-0.0070866417590972385,0,1
-0.00953550343462293,-0.006799830453188125,0,1
-0.008234769613158912,-0.00747416797857384,0,1
-0.0055860655922847615,-0.00792612173938133,0,1
-0.0077681510538240425,-0.005754797946228972,0,1
-0.008928198411163813,-0.00589947605626293,0,1
-0.007926181638708193,-0.005997948176183403,0,1
-0.007634618261357484,-0.006069393979135926,0,1
-0.009133800546280421,-0.004942576245334764,0,1
-0.0090744607846785,-0.0067283254675469,0,1
-0.009358187325913887,-0.006433597028061057,0,1
-0.010501398015790428,-0.006015904883633822,0,1
-0.010222584243134422,-0.0077999117913689015,0,1
-0.007739893811485055,-0.007782928643304417,0,1
-0.005804114361817173,-0.005126913583014206,0,1
-0.00845217676320546,-0.005443271772744682,0,1
-0.009888814495566342,-0.006103448010943581,0,1
-0.008705112501696406,-0.005971929904693082,0,1
-0.009461811575510005,-0.006590431510366782,0,1
-0.008935980160632611,-0.006990616723359077,0,1
-0.009503917140018163,-0.007430116214553688,0,1
-0.009095480244250177,-0.006875115426746288,0,1
-0.008888278988820147,-0.007214322060274503,0,1
-0.009169770665779843,-0.004382179049134878,0,1
-0.008356292060169674,-0.004939364615283663,0,1
-0.006582764625601637,-0.0061444665558500295,0,1
-0.00743119945492363,-0.004962652861539813,0,1
-0.00866578327563903,-0.005866075927145953,0,1
-0.009085528815978372,-0.005583797421973736,0,1
-0.008788472420659204,-0.0065612127008123225,0,1
-0.008249987080133324,-0.006146772448717119,0,1
-0.008605959922093679,-0.005891002118541854,0,1
-0.00864798077472695,-0.00643164121115357,0,1
-0.00976560542080221,-0.004326672492782428,0,1
-0.008848627441011852,-0.00518439809667338,0,1
-0.005888648395122941,-0.00480127751933187,0,1
-0.009259845312756655,-0.009547982659681754,0,1
-0.008089289634280347,-0.007292542777813207,0,1
-0.010111019593537022,-0.007239702253721207,0,1
-0.008802226170908027,-0.009282898175970935,0,1
-0.010034924247406223,-0.0068618805518033685,0,1
-0.007772020524419768,-0.009295382385885453,0,1
-0.01068889772259328,-0.00545989566346867,0,1
-0.009266931813790841,-0.005031662870974872,0,1
-0.009243843404319958,-0.006495580448230416,0,1
-0.008596268343877432,-0.004522171471817741,0,1
-0.009633503214491499,-0.007042661688025847,0,1
-0.008725330293787878,-0.006238710767131198,0,1
-0.009283452418311402,-0.006622603489764379,0,1
-0.008989250055736649,-0.007590411149723225,0,1
-0.009956760329522913,-0.005529215777002998,0,1
-0.009023613524882158,-0.006519475703537063,0,1
-0.00963855036339877,-0.005347571418927308,0,1
-0.008234293864718452,-0.005876032976839447,0,1
-0.009422672028873844,-0.005526911803600558,0,1
-0.01047614975694865,-0.0064486664939795045,0,1
-0.007776053257821488,-0.006833481624217435,0,1
-0.00856326363649222,-0.007255963890376946,0,1
-0.00889473441070726,-0.005284240586754562,0,1
-0.007303024040418361,-0.005741132146027189,0,1
-0.009252623501345963,-0.00817635979463302,0,1
-0.009791083906279691,-0.005724906414188571,0,1
-0.009283904889444097,-0.0020807866480896495,0,1
-0.008975093878513326,-0.006157672024939705,0,1
-0.006990890146205636,-0.007650165500261982,0,1
-0.009995487829923018,-0.0031176202667230323,0,1
-0.009867866761852681,-0.004156702947570764,0,1
-0.009552761556795972,-0.005798519784720916,0,1
-0.008054366158913456,-0.008747280082783027,0,1
-0.009540500529188388,-0.00604441889144459,0,1
-0.010166968342702871,-0.005201973125455347,0,1
-0.01048546136133524,-0.007145882473480072,0,1
-0.00933251311632186,-0.006148907050899191,0,1
-0.009112468279853469,-0.005218133863084089,0,1
-0.009249444764707754,-0.005713447806364047,0,1
-0.009218401695793431,-0.004826370953036993,0,1
-0.008765020922505506,-0.0031465880965705203,0,1
-0.009854426770783657,-0.005565998645225219,0,1
-0.00870717566401478,-0.007291843261757905,0,1
-0.00824809954995788,-0.007759426228190742,0,1
-0.00875320598912294,-0.005638198978556701,0,1
-0.009209304503899889,-0.0049308763014023135,0,1
-0.01079739137841285,-0.005543533860252619,0,1
-0.009509910609655376,-0.007136875296678221,0,1
-0.012459020107267559,-0.006112815283240519,0,1
-0.010054158196906087,-0.006234502492823637,0,1
-0.009388881665626644,-0.005187540862245684,0,1
-0.010129714336282467,-0.005040846402637671,0,1
-0.009183874341893035,-0.006127950798255126,0,1
-0.009158977532144435,-0.0057676725284987514,0,1
-0.010267021481031535,-0.006253161930656855,0,1
-0.011807960027174451,-0.0024969547862625624,0,1
-0.010204963194515852,-0.004972844625484547,0,1
-0.009523947402505159,-0.0060176659820545585,0,1
-0.009061276527125605,-0.006343408506909554,0,1
-0.009317366852835341,-0.005300675047729787,0,1
-0.010750438415404179,-0.0064055222462467394,0,1
-0.008616674864924118,-0.005188917909419654,0,1
-0.009925780271736578,-0.005424948230743621,0,1
-0.010403580793947282,-0.0036035257576046025,0,1
-0.010334947641176304,-0.006879123256024957,0,1
-0.010526687757089877,-0.002785503987645767,0,1
-0.008355732998457252,-0.006235857690410578,0,1
-0.010197397532907482,-0.00635103004589841,0,1
-0.008916720892226096,-0.00759629689831606,0,1
-0.010649338616613145,-0.0046355340961125304,0,1
-0.010580341545884971,-0.00608286635113188,0,1
-0.009011198936050341,-0.005746920650802723,0,1
-0.0108722151682303,-0.005548336510796241,0,1
-0.008868930124091574,-0.00510511267492656,0,1
-0.009445793716959654,-0.005847647934456963,0,1
-0.009486124596288727,-0.00555751363088477,0,1
-0.009981499317722206,-0.005250992464698639,0,1
-0.008998810541842433,-0.006483292729378142,0,1
-0.010907338518361084,-0.006067504631367805,0,1
-0.009965448610911106,-0.0048334999584512236,0,1
-0.008577677704673381,-0.0030693522759784953,0,1
-0.01194190323566226,-0.0032444947746899074,0,1
-0.010175341545451213,-0.005514485603578235,0,1
-0.009782725775513246,-0.005603135899445969,0,1
-0.0073716965951736236,-0.005342066592045707,0,1
-0.0062596759700656755,-0.00421148499959395,0,1
-0.004788003270756376,-0.006547903659408432,0,1
-0.00801733726131929,-0.005463073338267409,0,1
-0.009361211889859406,-0.005375994152204331,0,1
-0.007458930657269248,-0.006059368846725965,0,1
-0.008919273444732412,-0.005106561330211984,0,1
-0.00909610852652264,-0.004486836299320709,0,1
-0.009268435519313034,-0.005420843668272504,0,1
-0.006361870991090097,-0.0042258225188552415,0,1
-0.007649804197065775,-0.004677365683636107,0,1
-0.009724399868194462,-0.006651559392516129,0,1
-0.009636033908267238,-0.005202284451766255,0,1
-0.008624151076138568,-0.0040442814895014665,0,1
-0.011621420570525731,-0.0081265986830325,0,1
-0.010800758918384416,-0.003644756681752016,0,1
-0.007705143605561214,-0.004409570163123937,0,1
-0.006767655043610618,-0.005152022914674563,0,1
-0.006975787032613702,-0.005653603792143595,0,1
-0.009192129725952042,-0.0025227036898407226,0,1
-0.007916571881209016,-0.004972166129868198,0,1
-0.007991751271802204,-0.006411985591367684,0,1
-0.009298459321768952,-0.005120781023019638,0,1
-0.008432160838966512,-0.004210998385970011,0,1
-0.005628594228990136,-0.003956136978920998,0,1
-0.009286395584693885,-0.0019305272531159761,0,1
-0.012471166833966376,-0.006174976347770463,0,1
-0.009530383936578075,-0.004958649337556983,0,1
-0.009505238191116112,-0.005352781206664125,0,1
-0.01028753137205524,-0.004744119153019798,0,1
-0.00689131791528253,-0.0035403239679708508,0,1
-0.00979649706032658,-0.0053914419963472,0,1
-0.008921415758547758,-0.004897459272894339,0,1
-0.008142219890536779,-0.004811717769320824,0,1
-0.00717388952483745,-0.006676435121753462,0,1
-0.008910611483725241,-0.004953184556790648,0,1
-0.00795993124379961,-0.0049270319482222595,0,1
-0.00739208569195338,-0.007009804144667572,0,1
-0.008783661029731169,-0.004735917698649631,0,1
-0.009638319940527329,-0.002747107882345497,0,1
-0.010406178789555657,-0.0023170853703295283,0,1
-0.01118664874368562,-0.0044497409703864515,0,1
-0.00969295250473925,-0.0026538608978532484,0,1
-0.011403682855272587,-0.004928532633367134,0,1
-0.010347457267137223,-0.00640944467279496,0,1
-0.008778076147099115,-0.005502776425861256,0,1
-0.009455992704892677,-0.002052343337798202,0,1
-0.0075649639339407,-0.006428255426049337,0,1
-0.008256586900120898,-0.0011552168708158911,0,1
-0.008319456367126093,-0.005362117423043611,0,1
-0.008613689156146269,-0.004854112516131325,0,1
-0.006905781706934008,-0.004844030477502314,0,1
-0.008716873075202039,-0.00872699380699165,0,1
-0.008394664123763643,-0.004715549718611598,0,1
-0.009542044365572884,-0.004776340641528263,0,1
-0.009080819477767753,-0.004307746918053253,0,1
-0.010023073985883089,-0.005218854061202585,0,1
-0.011086980555728739,-0.004218834082662266,0,1
-0.007443191592664089,-0.006089993632085949,0,1
-0.007390525332867561,-0.004630306979621745,0,1
-0.007978106907316335,-0.005887833776818215,0,1
-0.007176070873439102,-0.005276888190821402,0,1
-0.009371178357923208,-0.0036946974630763557,0,1
-0.006325862189033494,-0.0018575746917523245,0,1
-0.008297059697107124,-0.003713183028546224,0,1
-0.010961458609981666,-0.005453425975887935,0,1
-0.007003510287728442,-0.005331457123068958,0,1
-0.010035486642391967,-0.004426166539989845,0,1
-0.009060935874571166,-0.004486624559735226,0,1
-0.008818999007166293,-0.003791792385140078,0,1
-0.009389303744860378,-0.004558645445985456,0,1
-0.007195824586566905,-0.0044066278648280865,0,1
-0.007400014703943959,-0.00465954640908354,0,1
-0.007448332986425329,-0.0038794627396279034,0,1
-0.009617398008215173,-0.004595818497899793,0,1
-0.008103543277621363,-0.004239978612896787,0,1
-0.009752430173860746,-0.005205876031114984,0,1
-0.0072523159391000794,-0.004208589023710435,0,1
-0.007650077211830054,-0.004369106288258632,0,1
-0.008934186911121104,-0.003473174529371751,0,1
-0.009446784927769451,-0.004538676644668194,0,1
-0.008583505276900875,-0.0045086627436258546,0,1
-0.010915716026812062,-0.003096607797134665,0,1
-0.009279569978091639,-0.004596729303836318,0,1
-0.007095652955917897,-0.004374469043097022,0,1
-0.008207869488819687,-0.004066104196222481,0,1
-0.00786705808263672,-0.004514830389393064,0,1
-0.006185940129010337,-0.003555698368164592,0,1
-0.00817449068419175,-0.004416058413282963,0,1
-0.007094612024758896,-0.005139420128866036,0,1
-0.008833265777035837,-0.004635695129430421,0,1
-0.009038832768377959,-0.0044030829947502405,0,1
-0.008394870439283398,-0.005797091016129245,0,1
-0.010092567648313656,-0.004496504209433781,0,1
-0.00878350502368007,-0.004899805491548357,0,1
-0.00998093308670043,-0.004780203920001706,0,1
-0.007378581388862842,-0.004252129307035903,0,1
-0.007294669545416167,-0.00513730969166826,0,1
-0.007959550670529097,-0.004941448964243883,0,1
-0.007654094109946399,-0.004821086392455904,0,1
-0.007349113568109223,-0.005276378591917651,0,1
-0.007608043102191441,-0.004292798270380004,0,1
-0.008820366730558906,-0.004487361865516509,0,1
-0.00950514741690057,-0.003791226460179077,0,1
-0.009301241794873388,-0.001974824296245492,0,1
-0.008918068305979968,-0.005140559048730362,0,1
-0.00671220200427624,-0.0040156789765316316,0,1
-0.008963489450608104,-0.004188606950956838,0,1
-0.008057562539910064,-0.0038555358627025593,0,1
-0.007173268199730054,-0.0037917151416748617,0,1
-0.006955164634451806,-0.004446384004971524,0,1
-0.00708659262729691,-0.003869139199879848,0,1
-0.007865746860209754,-0.0044283624496580885,0,1
-0.009991146950684933,-0.003891661991579241,0,1
-0.01018380923483805,-0.0055833147874643834,0,1
-0.00966467052386847,-0.006522230117823897,0,1
-0.008990122495764297,-0.004325477956114026,0,1
-0.011559237127880642,-0.0020782901125129616,0,1
-0.010373190695118774,-0.004521053242886761,0,1
-0.007646949928119874,-0.004562335612580906,0,1
-0.00820416482878583,-0.004231832878553676,0,1
-0.006388679064627746,-0.0035048725829375654,0,1
-0.008104897283780835,-0.003907526325028291,0,1
-0.009285369649723001,-0.0053550126302870215,0,1
-0.00764024417447125,-0.0037680616831080437,0,1
-0.009971185311237961,-0.003371971646197524,0,1
-0.007872890562537508,-0.005243064501891916,0,1
-0.008720609365823898,-0.004213380964316316,0,1
-0.010203960287813651,-0.004311752544349838,0,1
-0.010650515042285948,-0.003450703027050698,0,1
-0.007021453863551981,-0.0035126516700213868,0,1
-0.007977451375804237,-0.003403039657907771,0,1
-0.007991063686388902,-0.0036346946263938738,0,1
-0.006329017347228339,-0.004117784159345029,0,1
-0.008254193804241501,-0.004583068097659516,0,1
-0.008354554602575658,-0.005429371360819759,0,1
-0.008000740254116682,-0.004352448961751305,0,1
-0.009152898092627626,-0.005602473308791282,0,1
-0.009174987598678021,-0.003004635209503764,0,1
-0.011065344597038002,-0.005465616156120834,0,1
-0.009211474747286046,-0.004000667239811114,0,1
-0.00796081937375521,-0.004818731296621178,0,1
-0.008113393198237477,-0.0036837851273105195,0,1
-0.006856839193470438,-0.004799196507293409,0,1
-0.008661003742867017,-0.003305134103895898,0,1
-0.008705079348041142,-0.004113761865527553,0,1
-0.007920949390293742,-0.0019772635533767866,0,1
-0.008960327466902555,-0.0018266981713395685,0,1
-0.008849675316199925,-0.0039170195582424044,0,1
-0.009478950893474145,-0.002768054016548789,0,1
-0.007300308092489948,-0.004147311427411394,0,1
-0.008503698283785444,-0.00454784808951989,0,1
-0.00823175800255855,-0.0031019471114788837,0,1
-0.009336248664473605,-0.004501507937080574,0,1
-0.008188489864246614,-0.0038743775793535075,0,1
-0.009368420642781624,-0.0048660848792992034,0,1
-0.009749681735440994,-0.005270248885012829,0,1
-0.00809123297979642,-0.00636653981682836,0,1
-0.008997874477339868,-0.0077046631079077015,0,1
-0.009792223664063956,-0.004138914544097616,0,1
-0.008053267848096944,-0.0024409734431123766,0,1
-0.007207170159069129,-0.005019183199096384,0,1
-0.009189963950312822,-0.003778090239603773,0,1
-0.00782450953021162,-0.0041504126281862765,0,1
-0.007920582902964313,-0.007107227055937067,0,1
-0.008671279448549606,-0.0036166585740691638,0,1
-0.00906594319428822,-0.004138704029513417,0,1
-0.00999531357357644,-0.0028400428732386937,0,1
-0.00924240375820946,-0.003847548258470838,0,1
-0.006899777746295987,-0.004638904520610863,0,1
-0.007919878622866167,-0.004573954044297778,0,1
-0.005238923512336832,-0.003735782800942467,0,1
-0.008467746586104602,-0.0034606790154489923,0,1
-0.00742555307469532,-0.0037796411180823796,0,1
-0.00869973305741951,-0.0035472114590407123,0,1
-0.009008818002763439,-0.00369080546393222,0,1
-0.00804924315737215,-0.004275859028718043,0,1
-0.008750451094345931,-0.004313090175871116,0,1
-0.007646081043939302,-0.0034607893678589153,0,1
-0.0076652436679980705,-0.004505203466684076,0,1
-0.007907916647339192,-0.0040643422659130506,0,1
-0.008641792846492434,-0.003668508374393481,0,1
-0.00802934687275351,-0.006344668194358804,0,1
-0.008546126448046358,-0.0024151293712526044,0,1
-0.010370950861502968,-0.001255360236090198,0,1
-0.009699112382292487,-0.0024306316629518123,0,1
-0.006596365652086826,-0.004074744618756192,0,1
-0.008318287526819007,-0.0024196741954608664,0,1
-0.008055598589689699,-0.0028400316807130734,0,1
-0.010084940826662227,-0.003577022692143068,0,1
-0.008823495017161084,-0.003670761850995371,0,1
-0.009639567214472008,-0.0032045674304266836,0,1
-0.007257092485567068,-0.003930551857489413,0,1
-0.007080646201620449,-0.0028045474759547874,0,1
-0.008120126141612657,-0.003474381235599278,0,1
-0.008152029719004401,-0.00335148625595348,0,1
-0.00903884540280538,-0.004207438684209477,0,1
-0.009689426144346638,-0.0033812070016587606,0,1
-0.008763330499595988,-0.0036827992848682666,0,1
-0.008609417083407647,2.922198314842558E-4,0,1
-0.006339324174219856,-0.0030829583278249033,0,1
-0.008030339269348047,-0.005931460132203176,0,1
-0.008663331598103832,-0.004357694504598659,0,1
-0.005340255029628746,-0.0032688192769431508,0,1
-0.007860868051543051,-0.002033611445410893,0,1
-0.007641832575828197,-0.002080091970727931,0,1
-0.007703276384377541,-0.0047010433724102565,0,1
-0.009409609793075828,-0.0037251251040904517,0,1
-0.008320840812185298,-0.00325039918456485,0,1
-0.00864945522200851,-0.003524025704718194,0,1
-0.009168416348192255,-0.0033516137555230203,0,1
-0.010663912622434832,-0.00403079759014388,0,1
-0.012274728757543178,-0.0027436389208855285,0,1
-0.00944523335056107,-0.004261784935760639,0,1
-0.008002590296104626,-0.005987028689233164,0,1
-0.008756284401659984,-0.003396172225517119,0,1
-0.00930552683568927,-0.0031557693618292663,0,1
-0.007851523405184553,-0.0029999525915760973,0,1
-0.008322811694177016,-0.0024927069604423124,0,1
-0.008088028966571865,-0.0029077607622729185,0,1
-0.008958883379660075,-0.003792719585109985,0,1
-0.007495522732345503,-0.004376442097165562,0,1
-0.006771716649449284,-0.003534662747401785,0,1
-0.008552489747795586,4.508285142336939E-4,0,1
-0.009063527040298067,-0.0029674785128910976,0,1
-0.009147735607360982,-0.002340507141831878,0,1
-0.007775427991876616,-0.004582088036766099,0,1
-0.00792349844200019,-0.0029040632012332828,0,1
-0.008954903164468649,-0.003358330123511766,0,1
-0.008683024350443703,-0.003132360819849856,0,1
-0.007960155885024153,-0.001401521249629079,0,1
-0.008209478311719505,-0.004178827098531399,0,1
-0.008319423562050851,-0.0032942500287982146,0,1
-0.008473702221106221,-0.0027086164245871906,0,1
-0.0090602032857098,-5.989544491761534E-4,0,1
-0.00804208567813877,-0.0030303598325905315,0,1
-0.007753005259145144,-0.002406317740226742,0,1
-0.00816524500977729,-0.0026597048247177187,0,1
-0.005599294158729888,-0.0037907448263119837,0,1
-0.00830445332877382,-0.0038190373378832166,0,1
-0.010187865201612084,-0.005359798895612434,0,1
-0.008461133684678731,-0.002816413775555165,0,1
-0.007186732350931882,-0.001798054590351935,0,1
-0.0047675828461973425,-0.0037272914079029716,0,1
-0.008787053024205549,-0.001714160820692855,0,1
-0.01399373090422262,-0.007227237120623069,0,1
-0.010776642721780017,-0.006021873677682792,0,1
-0.01401174269463311,-0.0075143171471982895,0,1
-0.012519169899970192,-0.010341152850717428,0,1
-0.013422254219602808,-0.008594506413904484,0,1
-0.013813312426289836,-0.008265189623136838,0,1
-0.011740420196381007,-0.009016387910593142,0,1
-0.013001015592416332,-0.008400502786156918,0,1
-0.01414889464603076,-0.00800550816346909,0,1
-0.0130122598542411,-0.007949301450983739,0,1
-0.012678926114808666,-0.008508104824923896,0,1
-0.012714275797536026,-0.008079173635133077,0,1
-0.011983193794304311,-0.010637910255677369,0,1
-0.010747643408739576,-0.008590983933392223,0,1
-0.013920815020187046,-0.006524609759158516,0,1
-0.013908503546958571,-0.008295598453234238,0,1
-0.013318526617822115,-0.007826169634260333,0,1
-0.013105068608165682,-0.007283102657321932,0,1
-0.013169148926761201,-0.008821837015485324,0,1
-0.012546014245336773,-0.00903703670667349,0,1
-0.014049855229945047,-0.007610470419785695,0,1
-0.012748425085365368,-0.008238388808468796,0,1
-0.013649532355065734,-0.008739392276906713,0,1
-0.012865084106538107,-0.00825348278521266,0,1
-0.010602808341079009,-0.009065043971632037,0,1
-0.011969199900712758,-0.008792507227591787,0,1
-0.014178646990900259,-0.00712582621553959,0,1
-0.012506342585990819,-0.007964577755341422,0,1
-0.015873013109445392,-0.008264931994071493,0,1
-0.013558843831847746,-0.00797044697026404,0,1
-0.0138448744409467,-0.007066071789720248,0,1
-0.012291759992539527,-0.008060663577031219,0,1
-0.014897655305325674,-0.00702015373632675,0,1
-0.013308671201331713,-0.008058994963030286,0,1
-0.01259508234667199,-0.008661893370869455,0,1
-0.01242140394564343,-0.00839567228027844,0,1
-0.012802429818993856,-0.008266516842027028,0,1
-0.011876330656015678,-0.008271632983175299,0,1
-0.01167829710253749,-0.009627079543129672,0,1
-0.013957731889387568,-0.009743918260737996,0,1
-0.01264791513453552,-0.007015245583396259,0,1
-0.013185694163809995,-0.00965601198265002,0,1
-0.013625380282344151,-0.007895740491728172,0,1
-0.014504499637051648,-0.007934894994149873,0,1
-0.01267584321296414,-0.008228851134070687,0,1
-0.013929305631513384,-0.008368291167058622,0,1
-0.009102341315861523,-0.008778430080868592,0,1
-0.0136753829134432,-0.008903937637507004,0,1
-0.009898067290769036,-0.008257031136988746,0,1
-0.01207495499188311,-0.010435486487204682,0,1
-0.013700287116973582,-0.011522098475030931,0,1
-0.011125190883244873,-0.00740010566354087,0,1
-0.0140566880151229,-0.007585522606396428,0,1
-0.014053173982207462,-0.007609662729956601,0,1
-0.015473696695317127,-0.00815065194327435,0,1
-0.013403239240062051,-0.006937518760823133,0,1
-0.013396624209595623,-0.012099456201895585,0,1
-0.011354133885219725,-0.008162267508519826,0,1
-0.008772224858111896,-0.009170018184850165,0,1
-0.013502878991610446,-0.008717800383879148,0,1
-0.012227830252003028,-0.009006635367522579,0,1
-0.014422465056026576,-0.007664269180711142,0,1
-0.012576649584572263,-0.009323011670857913,0,1
-0.011098912908760021,-0.00887175648600909,0,1
-0.013971201436437779,-0.00771287930141843,0,1
-0.01413198213715403,-0.007163931617122284,0,1
-0.013720408776787343,-0.0068971071412156255,0,1
-0.015013143339616153,-0.0067294308368694095,0,1
-0.01357854115266265,-0.00810328957906614,0,1
-0.01624454844611256,-0.010029159527545945,0,1
-0.012620044663466837,-0.00789769423756183,0,1
-0.011044288406948835,-0.007543761573548167,0,1
-0.010964121857238213,-0.010023967211592866,0,1
-0.012096791727186368,-0.00910647037506567,0,1
-0.012544499233726953,-0.00902988559596602,0,1
-0.012871035694535786,-0.007927594330431238,0,1
-0.013279008929171743,-0.007975334825378577,0,1
-0.011342993525780068,-0.007473055585878802,0,1
-0.011664116738309974,-0.007155899579591038,0,1
-0.01580610445308518,-0.00943562324133727,0,1
-0.013479944625732076,-0.00891945283770248,0,1
-0.012886974202305404,-0.008839447477987311,0,1
-0.015267823154319458,-0.009094439346985471,0,1
-0.01618446027939426,-0.009193964540646271,0,1
-0.012411704533571162,-0.009155113949272544,0,1
-0.010810247524220773,-0.009070385405084293,0,1
-0.013031648545847303,-0.0077209403826651625,0,1
-0.011507330515793973,-0.00903190483175917,0,1
-0.013710615007998802,-0.008537724399403335,0,1
-0.014335120779334388,-0.009537937386882306,0,1
-0.012856600004654353,-0.00856148523358243,0,1
-0.011512877820826708,-0.008775823933131217,0,1
-0.01419725981151374,-0.009076650913219159,0,1
-0.012834009746721055,-0.008981441639799475,0,1
-0.010784742309576552,-0.00871007030165513,0,1
-0.01224494190585915,-0.010550730777571307,0,1
-0.014931840801049779,-0.008821084899810355,0,1
-0.015076617354848958,-0.01162500901886433,0,1
-0.01038594713420475,-0.0100322527894477,0,1
-0.014059434576479188,-0.009526205527746414,0,1
-0.012286813332730392,-0.0082811203974344,0,1
-0.013251526073872644,-0.010127111745452146,0,1
-0.012260938731240205,-0.010254001178302786,0,1
-0.013075953866294704,-0.008697925533808484,0,1
-0.012989280562285517,-0.00898378054246254,0,1
-0.010944763848105693,-0.008433919778606375,0,1
-0.014395528713760514,-0.009136419347336073,0,1
-0.01516759904084232,-0.008619114320297085,0,1
-0.013744045534203858,-0.008051050308060446,0,1
-0.01678387827915317,-0.008416777603142668,0,1
-0.013712701353815948,-0.00875911323665535,0,1
-0.013632465492835717,-0.009315634681473235,0,1
-0.013476046172853461,-0.008490495609901227,0,1
-0.013239670589291742,-0.00905433886668239,0,1
-0.016677081427836925,-0.0077689979139185,0,1
-0.013016165383955496,-0.00877411994052939,0,1
-0.014150024122424025,-0.009531122259795266,0,1
-0.016347014851200787,-0.009482036758944733,0,1
-0.013788815733681715,-0.008988718029600903,0,1
-0.01661081037998876,-0.009548238201573045,0,1
-0.012860549595510338,-0.009454321017457705,0,1
-0.012804981682970945,-0.009040457557201743,0,1
-0.01072635849036136,-0.008586346966839522,0,1
-0.012059873440512917,-0.007369142325172803,0,1
-0.010107771961180899,-0.007517609329703934,0,1
-0.015025517084341314,-0.009932566530560278,0,1
-0.014591078467339745,-0.008776968504506932,0,1
-0.01355350306050323,-0.008653278968748386,0,1
-0.015070716349222878,-0.008473472021619258,0,1
-0.01246162424437778,-0.009138905423340483,0,1
-0.014277530330640833,-0.009242900434989767,0,1
-0.013258637644484947,-0.009487436943035886,0,1
-0.013700837647239558,-0.00972657694800702,0,1
-0.015154920637121348,-0.00842234978016774,0,1
-0.014172642454562817,-0.00798710393180575,0,1
-0.012924195765922193,-0.009603729217480733,0,1
-0.013523543955867414,-0.009275402512656633,0,1
-0.01515716867747677,-0.005410089355020848,0,1
-0.013334259045792938,-0.009301966699725236,0,1
-0.016543668112324123,-0.008800810207370923,0,1
-0.0129887463973281,-0.008852456050113942,0,1
-0.013772411894583612,-0.0077025157195699835,0,1
-0.014638938170133566,-0.008647200987171023,0,1
-0.013312634018247966,-0.008428512142308149,0,1
-0.012646132026845126,-0.008947462715787008,0,1
-0.01246817718958575,-0.010031983979948068,0,1
-0.013788950562657715,-0.008231921608288843,0,1
-0.013803884152372574,-0.00961790277002903,0,1
-0.016243245205141605,-0.0112320944199711,0,1
-0.01723197100770047,-0.008042510796036056,0,1
-0.014456062191021732,-0.0076349502463459095,0,1
-0.01392619772457316,-0.009228483786462648,0,1
-0.013881619575636758,-0.006605681014669113,0,1
-0.013762797090674692,-0.009350352202067215,0,1
-0.014778457414777249,-0.008653527295403377,0,1
-0.014112405511451306,-0.009868720046993601,0,1
-0.015603967136634003,-0.010921418032105733,0,1
-0.013211687773181472,-0.007783512584323408,0,1
-0.014145201265331383,-0.009946022473731476,0,1
-0.013554831858286836,-0.009284895290977714,0,1
-0.014123636415494734,-0.009579217844240267,0,1
-0.015475670039388647,-0.007804945173169316,0,1
-0.014729282678365862,-0.006876717025953394,0,1
-0.012987205756714238,-0.011258094217455925,0,1
-0.010668002620935473,-0.01037134527483036,0,1
-0.015020354281546975,-0.009970672450362754,0,1
-0.012796490014420327,-0.010815966453511176,0,1
-0.014023920344418718,-0.009449589336484885,0,1
-0.013594010404678364,-0.009638396515024043,0,1
-0.01472585297515501,-0.008632953191374727,0,1
-0.015566935869148162,-0.009406993530934136,0,1
-0.014288318488302169,-0.00967875139977513,0,1
-0.015635241029486217,-0.010638508088070547,0,1
-0.013364664205024319,-0.008799346481605103,0,1
-0.014600376392905998,-0.008879837596330096,0,1
-0.013988478791704995,-0.009692629700258085,0,1
-0.010676664042808457,-0.010087968495237253,0,1
-0.014638484580923095,-0.009038163168757437,0,1
-0.013446056715557151,-0.009181360937103327,0,1
-0.013826259693284779,-0.009365268932794598,0,1
-0.0142681482315654,-0.00907642056715223,0,1
-0.012870792844680049,-0.008905899537362311,0,1
-0.014655024247077708,-0.009009144730006817,0,1
-0.014134576828565334,-0.010677384538572601,0,1
-0.01410936764056637,-0.009224156213434625,0,1
-0.01453136694820043,-0.009226602421119284,0,1
-0.014415756418254648,-0.009448630330267712,0,1
-0.014148552585418916,-0.009920815156381827,0,1
-0.013752400776648594,-0.0094401180372977,0,1
-0.013577952027978294,-0.010204005484609417,0,1
-0.015051618490940884,-0.009730264482266557,0,1
-0.014494170597461047,-0.009362164316983033,0,1
-0.01417286537380245,-0.009974257962680136,0,1
-0.014177138220954625,-0.007744690085492661,0,1
-0.013451392328625784,-0.009892699168510747,0,1
-0.014280856804856877,-0.01081507284424326,0,1
-0.014450460796621134,-0.008729714146288078,0,1
-0.011924043572054087,-0.009110918732614808,0,1
-0.011379102774291536,-0.007754752424343228,0,1
-0.014127773895145109,-0.010001704342208016,0,1
-0.014995425834733135,-0.00992046030029599,0,1
-0.013786621705178196,-0.009587868041554442,0,1
-0.015175103203968006,-0.010118695414132024,0,1
-0.014559645250538732,-0.009943396709844685,0,1
-0.013565027205878214,-0.00937177639996809,0,1
-0.013664724870828258,-0.008966641475261463,0,1
-0.014454449316301096,-0.00987959420476907,0,1
-0.013289135534059268,-0.006659085097404873,0,1
-0.013325421414900406,-0.007194913695095651,0,1
-0.01327733756775264,-0.007108136221113231,0,1
-0.013897316480429798,-0.006431278757228045,0,1
-0.014750159006182852,-0.005616196422490846,0,1
-0.013138386592854693,-0.007253378237405323,0,1
-0.011748955091008012,-0.006556492140843992,0,1
-0.009949413424757999,-0.005623526317429226,0,1
-0.011971253495643394,-0.006062478070393524,0,1
-0.011287434206253034,-0.0029942910932602923,0,1
-0.01162139820634385,-0.0059853798211885675,0,1
-0.010402599659617151,-0.006444405693688799,0,1
-0.011262545894274882,-0.006089538201340997,0,1
-0.011369844744329463,-0.005491128589646741,0,1
-0.010901342984740865,-0.0057421719654845455,0,1
-0.01070555203891045,-0.005567496667360587,0,1
-0.011761610987491098,-0.005533646774116628,0,1
-0.01444390788527151,-0.0070491053922352095,0,1
-0.013204108452784481,-0.00627868881530856,0,1
-0.012562618498486602,-0.008297684933466411,0,1
-0.011580422437371528,-0.004244216323540466,0,1
-0.013479134518218756,-0.006780616632980964,0,1
-0.01238281479122679,-0.006091190719873448,0,1
-0.012460274036667003,-0.006988878957125927,0,1
-0.01298258048758491,-0.00395705467711302,0,1
-0.014467672849404721,-0.004915169390604062,0,1
-0.011786188948412008,-0.005749956355085398,0,1
-0.010128354760719339,-0.003969139185595572,0,1
-0.01045072613259029,-0.005696097600030361,0,1
-0.009320417533231437,-0.005595027525701187,0,1
-0.010791212731164207,-0.005485839184387442,0,1
-0.009344624074273378,-0.0055754333625111846,0,1
-0.013860341708547393,-0.006765685135934845,0,1
-0.01376360558576981,-0.007275888152439203,0,1
-0.013616984861685338,-0.007017764262414696,0,1
-0.013419461426097942,-0.006601408099326341,0,1
-0.01373601165290191,-0.007777638200588551,0,1
-0.012134145684135877,-0.007030478947539707,0,1
-0.012205404640500505,-0.006224909265448448,0,1
-0.012228747330776066,-0.006644688979276928,0,1
-0.011970273430148018,-0.005886207196316383,0,1
-0.01090255777774743,-0.007249015562961581,0,1
-0.009473412167840298,-0.006253142104109395,0,1
-0.011719777619073108,-0.006165193078516656,0,1
-0.010227886483024924,-0.007055402616907212,0,1
-0.010198129165277927,-0.004442624747248407,0,1
-0.008119654765076891,-0.008136087709458298,0,1
-0.014730639372052252,-0.006996525804693212,0,1
-0.01559418991865293,-0.007844564420179286,0,1
-0.013079274636196103,-0.007169904236759732,0,1
-0.0104273154024017,-0.008333510940955852,0,1
-0.012304558679961133,-0.006872746568915077,0,1
-0.015216992387999397,-0.009105398129654163,0,1
-0.011897938971540782,-0.008352764046992362,0,1
-0.012259956281997681,-0.007362578333610632,0,1
-0.010065783951974537,-0.0029029519619409023,0,1
-0.013419128505014102,-0.007894316928754327,0,1
-0.011572617959116476,-0.00619917456834687,0,1
-0.010426697720777568,-0.005792396259933604,0,1
-0.013436778750998479,-0.004849050041144034,0,1
-0.011650600163452901,-0.0035840501568892924,0,1
-0.014352251959040198,-0.006745091833174381,0,1
-0.009958773690778733,-0.008068291010200629,0,1
-0.011402740803311771,-0.0073364073556963115,0,1
-0.013836767500109119,-0.007269719606645829,0,1
-0.01292354781881832,-0.006600029952098629,0,1
-0.011705463675704658,-0.009375245603702814,0,1
-0.011672308541495462,-0.007343909407534017,0,1
-0.011648348674121374,-0.00585552739262159,0,1
-0.011104866843522201,-0.0062321619008909755,0,1
-0.010402646802498883,-0.00715468306024026,0,1
-0.010382769863190597,-0.005842335955269003,0,1
-0.014400419546026156,-0.0042273696755178005,0,1
-0.013748700583869403,-0.006323070520034138,0,1
-0.011005602505847797,-0.0062430486898400455,0,1
-0.01054913504275786,-0.005964164154202834,0,1
-0.012655364402916616,-0.004646676326088822,0,1
-0.013664369207946687,-0.0071642464235060505,0,1
-0.012766187753324196,-0.007483928925631268,0,1
-0.01232374865432065,-0.007117770615067428,0,1
-0.011907482870200613,-0.0059921168119190914,0,1
-0.011240162080413951,-0.007848036958449945,0,1
-0.010613284371420008,-0.006110534154098707,0,1
-0.012470512187105359,-0.007441889793721002,0,1
-0.011778513715696323,-0.007693348085011006,0,1
-0.012281468567933308,-0.009641448735444709,0,1
-0.010703916094352816,-0.005633323843406115,0,1
-0.01047978863665679,-0.005796038720806318,0,1
-0.010733294657145847,-0.0058902049815493735,0,1
-0.013118287069547362,-0.008709035768249327,0,1
-0.012572812662873573,-0.00829102931342425,0,1
-0.012360089258188626,-0.006789114474496221,0,1
-0.012423759197032284,-0.008425611042554952,0,1
-0.01184554036033699,-0.007982883308548367,0,1
-0.015088284727302118,-0.007332051768491879,0,1
-0.012655723874421746,-0.0070587549128110555,0,1
-0.01181285849462883,-0.006777634187565395,0,1
-0.009929958980372642,-0.0038945852623712774,0,1
-0.013171141349483622,-0.008334143989952135,0,1
-0.010620918466645582,-0.0044831029617194715,0,1
-0.009625197314949216,-0.0061595385431180314,0,1
-0.011628269722590406,-0.006118057892354198,0,1
-0.0114743880060128,-0.00758060841236227,0,1
-0.012371599435802261,-0.007615710509332967,0,1
-0.012916785846045317,-0.008358039798713987,0,1
-0.013264556724571924,-0.006919535767698826,0,1
-0.012019379160414158,-0.006949474277697269,0,1
-0.01146450034999635,-0.008056510645620399,0,1
-0.014276915561625457,-0.009956385895854156,0,1
-0.011581399965002192,-0.007135351520952224,0,1
-0.011503945848901138,-0.006678147490270231,0,1
-0.012467079831695307,-0.005477831359723009,0,1
-0.01116816489088327,-0.007687555704483654,0,1
-0.012514570742270425,-0.006302615326341967,0,1
-0.011029329436969217,-0.003388679523422626,0,1
-0.013114359571678126,-0.0077936095631959265,0,1
-0.013950335538624356,-0.006625327835444362,0,1
-0.01267379898381451,-0.0072627124683935645,0,1
-0.014167027503640624,-0.006144984052398462,0,1
-0.009112897279759894,-0.008571653269716288,0,1
-0.01167447851354572,-0.00798269588499807,0,1
-0.012702241455534264,-0.007546124077347566,0,1
-0.011088675487493453,-0.005574688883607811,0,1
-0.012341574050865929,-0.006019583114177394,0,1
-0.011776262428667795,-0.00677918487440377,0,1
-0.013512897642213072,-0.0070018625599306845,0,1
-0.00779826454891997,-0.004717101674990973,0,1
-0.013581077927140332,-0.007517048311313367,0,1
-0.01261685476692785,-0.0076988431055770214,0,1
-0.014273535684443249,-0.007200623729742456,0,1
-0.013684281598767667,-0.00785337923049824,0,1
-0.013823186080376882,-0.008332831767845229,0,1
-0.011893683769889984,-0.007131076943895719,0,1
-0.011370599922636558,-0.0069044730429289386,0,1
-0.008758013373985714,-0.00882963358368373,0,1
-0.01047927278665809,-0.007679330745604893,0,1
-0.012587778372327926,-0.0033561071018590044,0,1
-0.01091567922031817,-0.006115607350734987,0,1
-0.01309052362969707,-0.008371500210898938,0,1
-0.012994277040551004,-0.009944435230125736,0,1
-0.013736474949625016,-0.006389595235309805,0,1
-0.012842998389574898,-0.007699054459602869,0,1
-0.012699386066120298,-0.008050154204428422,0,1
-0.01350778446509464,-0.007115712733577574,0,1
-0.011880846278080403,-0.00704158617188028,0,1
-0.00955299944930181,-0.006285209361577388,0,1
-0.01123933759407309,-0.0067815586977584405,0,1
-0.011244348013738342,-0.006778759863544984,0,1
-0.011078171138288656,-0.006743983382697859,0,1
-0.011564730140934166,-0.005485428050521852,0,1
-0.013571754200632957,-0.00909329734597366,0,1
-0.013342966090672646,-0.0051620186539583866,0,1
-0.012802816525277538,-0.0072332422696755275,0,1
-0.008983130902068,-0.0089948675887802,0,1
-0.014991886978780209,-0.008069975230753918,0,1
-0.011924296424250752,-0.0066655896606668714,0,1
-0.010093777665110684,-0.00795518565500753,0,1
-0.011675827951245766,-0.007143795080999312,0,1
-0.011099024356681274,-0.006832053421660918,0,1
-0.01110858005654259,-0.004842835674054067,0,1
-0.012915220766588425,-0.00768731513046199,0,1
-0.010355122516157946,-0.004731021625639662,0,1
-0.01277706242609589,-0.009671054551613066,0,1
-0.012122363725341001,-0.006895698419046548,0,1
-0.011719518670583854,-0.006933950266803006,0,1
-0.011628419608552053,-0.00866322288034524,0,1
-0.01171100688273757,-0.0063367252036143585,0,1
-0.011273483389825539,-0.007856463916510181,0,1
-0.011892745640242385,-0.0059945951786456245,0,1
-0.009470829047674406,-0.006034417080379361,0,1
-0.01082245926758171,-0.0069112309515426025,0,1
-0.012721070722641009,-0.006800842940779808,0,1
-0.011401458825288676,-0.00876214101336268,0,1
-0.012106079519273599,-0.00828251857134539,0,1
-0.010185253326591467,-0.00710688862300467,0,1
-0.01209991745535566,-0.00747073603419822,0,1
-0.011452605397020062,-0.007363081974027415,0,1
-0.011631079510258335,-0.007486497588868958,0,1
-0.010990137085673216,-0.006981975089431882,0,1
-0.011445057839041232,-0.00831245968708674,0,1
-0.013647534134832159,-0.008729250904716305,0,1
-0.013913949772993693,-0.007446571024209429,0,1
-0.012268007889191124,-0.007850264498844258,0,1
-0.012829446583104503,-0.0068928455007537005,0,1
-0.009699767654186595,-0.006736120984169433,0,1
-0.011906468754985482,-0.007042088065194083,0,1
-0.011864965461101572,-0.008112236658296199,0,1
-0.011604886044788416,-0.006709386749722702,0,1
-0.013488042013212439,-0.0077579090238083254,0,1
-0.01257206912907644,-0.006900783322323388,0,1
-0.013042841228635364,-0.008940163530401219,0,1
-0.012918932250366251,-0.006474512510581439,0,1
-0.012321140536802402,-0.008806335677720723,0,1
-0.012137573077442875,-0.008464119172296149,0,1
-0.01200810669400791,-0.007706526601743975,0,1
-0.011636554368715808,-0.007542166883870257,0,1
-0.010753233385129669,-0.007380147068003974,0,1
-0.010961182186571397,-0.007068191957481306,0,1
-0.014144657666980661,-0.009560388728600357,0,1
-0.013123291997243576,-0.008160190839649651,0,1
-0.010794060482327021,-0.00807996557816426,0,1
-0.012113224686462198,-0.007455272624455961,0,1
-0.012868669751627324,-0.0059730769478274015,0,1
-0.011686313873428215,-0.0072490187556979325,0,1
-0.012820788628096684,-0.00897226808785273,0,1
-0.014236226105968558,-0.005983179836709145,0,1
-0.01111469291609892,-0.00610177366063577,0,1
-0.012274231368454272,-0.009174640592506531,0,1
-0.011781153090288805,-0.008046279544770668,0,1
-0.012189302919310793,-0.007851263853612726,0,1
-0.007981894159454904,-0.006276527993746211,0,1
-0.009747878072019,-0.00871655753269091,0,1
-0.012379466016448203,-0.008003007451978485,0,1
-0.01163613627082741,-0.007593607361994802,0,1
-0.011103015108547415,-0.007928073546491637,0,1
-0.012295819623576568,-0.008508772026748025,0,1
-0.013848205218691659,-0.008984015895617037,0,1
-0.012012375608959923,-0.007200507276336363,0,1
-0.01176710701124036,-0.008228873789641407,0,1
-0.011710537878583406,-0.007798766174636582,0,1
-0.011785650698063484,-0.0065370974595601,0,1
-0.009615001725376616,-0.007637122623231242,0,1
-0.010226542909955652,-0.0062721326612043575,0,1
-0.01177665134485673,-0.0077378995891930645,0,1
-0.011724877179161064,-0.008186084600885605,0,1
-0.012831627050680037,-0.008235776341546212,0,1
-0.010275566578700691,-0.007336013499532355,0,1
-0.012018133125166102,-0.008097431045165344,0,1
-0.010280306133787312,-0.008008641378029643,0,1
-0.011181450313864718,-0.00847490158917034,0,1
-0.011579160688818577,-0.008668883518329555,0,1
-0.012178206988593739,-0.0092470965526935,0,1
-0.011006430100956905,-0.007022542535376773,0,1
-0.010771820645565805,-0.007784041024213069,0,1
-0.012644725477854418,-0.005710434131585868,0,1
-0.011319890044803622,-0.007369983208644005,0,1
-0.010714766900131989,-0.008512335780170483,0,1
-0.011826743036506207,-0.00841194083157429,0,1
-0.011546758227200526,-0.006682688309197262,0,1
-0.009114527039086304,-0.008645891962517556,0,1
-0.011048089238456923,-0.007689786649268347,0,1
-0.011307013461573827,-0.00878195607544719,0,1
-0.011961765929150487,-0.00780667149301933,0,1
-0.011100245794495768,-0.008836380319097356,0,1
-0.012093938584127628,-0.009069933093818957,0,1
-0.012321100060629949,-0.009159120776648096,0,1
-0.011823139307002656,-0.008365394006196049,0,1
-0.011707959020046477,-0.008165085412609652,0,1
-0.011531146520772424,-0.006956462513044563,0,1
-0.012975864979899205,-0.008510034171627203,0,1
-0.012014749904872276,-0.008694887007345728,0,1
-0.011316804746238768,-0.008781115721271238,0,1
-0.01084988494292407,-0.008734360731672806,0,1
-0.01224679060427349,-0.008251068618558576,0,1
-0.010544895119126296,-0.006329142068696103,0,1
-0.011802813302851855,-0.008188911491351876,0,1
-0.012940433321924896,-0.008295344633274882,0,1
-0.012214342922118943,-0.006882875026567409,0,1
-0.010486692032867503,-0.008080214365057481,0,1
-0.0115353706798137,-0.00814267381322782,0,1
-0.01171194025071883,-0.008553262718418247,0,1
-0.012200510188695888,-0.008251664533467082,0,1
-0.009256478701734802,-0.009762020909498436,0,1
-0.012023659191017397,-0.008233206603185375,0,1
-0.012327328206422808,-0.0075419919541605,0,1
-0.01420958930552684,-0.007960878824918973,0,1
-0.011366756538900903,-0.009423253185402292,0,1
-0.012458906443190414,-0.0067402653729863584,0,1
-0.011634414356476736,-0.008842480896305597,0,1
-0.013006439524619084,-0.007418928997028742,0,1
-0.012721716197945128,-0.008865398153150976,0,1
-0.011585030289549063,-0.010108003156433312,0,1
-0.012409059846022872,-0.008966346828993456,0,1
-0.011692773070110794,-0.008323215751082892,0,1
-0.011583320007850012,-0.008974903696068707,0,1
-0.011813457609158478,-0.008713203945810702,0,1
-0.010252010708856344,-0.007400708806195902,0,1
-0.011551006404137582,-0.008940140527328189,0,1
-0.01022616824804676,-0.009996883451087964,0,1
-0.010914627287642566,-0.009015637989746321,0,1
-0.010706113143318298,-0.008271827827988852,0,1
-0.010684058132209384,-0.00788060390022952,0,1
-0.012047321426392405,-0.007297336220039392,0,1
-0.00977512718866021,-0.007395514053857152,0,1
-0.008667487683230465,-0.00671435942051338,0,1
-0.010840701528474987,-0.007147263994221584,0,1
-0.010214079030310753,-0.007180851863355753,0,1
-0.011429590214122206,-0.006194235312356818,0,1
-0.01167862540478772,-0.006593950059375655,0,1
-0.011143604164659347,-0.005546804371697247,0,1
-0.010489079245981177,-0.006491502291095989,0,1
-0.010907621884818017,-0.004952030074290201,0,1
-0.011152317451019206,-0.005265426524289466,0,1
-0.010405706504595545,-0.0056596915444719845,0,1
-0.01174792403914615,-0.009231361059604558,0,1
-0.011273169944794267,-0.009643329068129668,0,1
-0.01079345271601072,-0.01046515912061372,0,1
-0.011172088990952053,-0.00808559238400692,0,1
-0.01104041823863008,-0.008381464449630166,0,1
-0.01017557605539602,-0.007510437328454952,0,1
-0.011851776605122022,-0.007409651563473274,0,1
-0.01055173735026247,-0.007742919633030589,0,1
-0.011224844002720212,-0.007294183016756317,0,1
-0.010920554607538015,-0.007135678344941616,0,1
-0.010528664024793398,-0.006675816635803508,0,1
-0.008999694175427222,-0.006873139072032077,0,1
-0.010848246278191528,-0.005950705597231634,0,1
-0.009962333130542766,-0.0059272810872889594,0,1
-0.010492972726521265,-0.005902848473148479,0,1
-0.01134323358902177,-0.005889705711418734,0,1
-0.009761691383586148,-0.004344979092770977,0,1
-0.010873961103311637,-0.0062814776404823665,0,1
-0.010702014288468321,-0.00987499377094614,0,1
-0.010855267252095093,-0.008924767070163915,0,1
-0.011401906581582313,-0.007118315276048147,0,1
-0.010743782255024995,-0.008614096340293132,0,1
-0.010959715810785212,-0.009058275611097092,0,1
-0.011617243952308705,-0.008148327014353883,0,1
-0.01080600322124773,-0.007867351526225778,0,1
-0.010298537904962506,-0.006392735266508792,0,1
-0.010377732856812906,-0.007911607140766016,0,1
-0.008854023032397728,-0.006929200963363501,0,1
-0.01078521300668996,-0.007815140888017153,0,1
-0.010994931629784255,-0.005915623490047067,0,1
-0.010258163639887977,-0.00559530491176976,0,1
-0.010954364398207754,-0.005071792402614081,0,1
-0.010381822146322432,-0.00718243089031182,0,1
-0.009498215193248826,-0.0055591848897335915,0,1
-0.009969330198125738,-0.005670430393301306,0,1
-0.0097044067765889,-0.0039849256261577405,0,1
-0.012232805598835104,-0.007829600154607066,0,1
-0.012258803036497923,-0.010221639655412541,0,1
-0.010521605542886432,-0.008998041929206689,0,1
-0.010454330502138967,-0.009517281353174633,0,1
-0.012019101409385268,-0.00934557927451283,0,1
-0.010530049121806533,-0.006757139364858144,0,1
-0.01096612713530746,-0.0071710962063866335,0,1
-0.009625157475036878,-0.006832442828694455,0,1
-0.0108414912447055,-0.007522105359486232,0,1
-0.009585382959535309,-0.007463306092308414,0,1
-0.010350480861528658,-0.005319670160151041,0,1
-0.009342560113765863,-0.006541062398481917,0,1
-0.009724717258869576,-0.00677414729534079,0,1
-0.011121764055762845,-0.0055824116179487545,0,1
-0.008871873251911834,-0.0024754020748565505,0,1
-0.010300479979897782,-0.004982634600000774,0,1
-0.010412326502632074,-0.005681451004427618,0,1
-0.009880292400346675,-0.008907666623321932,0,1
-0.010842583527391486,-0.008979705394248468,0,1
-0.010571450319172246,-0.008279027023491587,0,1
-0.011022182857345646,-0.008096158599142795,0,1
-0.00990473344598385,-0.00956206485826674,0,1
-0.009695929711911867,-0.009097734895462636,0,1
-0.010831490487388247,-0.007739345200173377,0,1
-0.011280755983165339,-0.008564365995793211,0,1
-0.01190290858056041,-0.008693330003930331,0,1
-0.010495205628715996,-0.007369182506057037,0,1
-0.009775875823282229,-0.007061686286132504,0,1
-0.012675544786135806,-0.0063517205483814235,0,1
-0.011266255737093596,-0.005862028553330286,0,1
-0.010423032107263126,-0.006327471494143974,0,1
-0.009996172413515948,-0.00634985132685469,0,1
-0.010636329434829181,-0.007667166546034208,0,1
-0.009953052879528135,-0.006089073208035177,0,1
-0.01128730689195446,-0.009310304164024695,0,1
-0.010961442439522491,-0.007922759921445267,0,1
-0.010921493344111287,-0.008668432082229338,0,1
-0.011082766431332536,-0.008014626664823452,0,1
-0.01084798953751051,-0.008171610629317838,0,1
-0.01035423795048324,-0.0075904749040249546,0,1
-0.012460489981543438,-0.005511575431808161,0,1
-0.01118203550253947,-0.006941778423952347,0,1
-0.01105476823793928,-0.009473895927283097,0,1
-0.010857450735493364,-0.008248339185009166,0,1
-0.01022351889513638,-0.006548625428005147,0,1
-0.010255417853152378,-0.0067631676135865675,0,1
-0.006704762598721803,-0.007089373166709545,0,1
-0.010358046674723164,-0.0064157417684396825,0,1
-0.010198944560121402,-0.006129788141533246,0,1
-0.011698286361807064,-0.004557415880544262,0,1
-0.01309591326982614,-0.009796716484478003,0,1
-0.012072366353806574,-0.011168191808867863,0,1
-0.010619282245187815,-0.008661486646286074,0,1
-0.010795640553434186,-0.006597432394104748,0,1
-0.010477285101983624,-0.008179789016234906,0,1
-0.009729495656207026,-0.008338839834308692,0,1
-0.011245704096040213,-0.007953130181391346,0,1
-0.00880392369035036,-0.007562037581915274,0,1
-0.009147803724089642,-0.00525232516915361,0,1
-0.010863115860019501,-0.008132945249067134,0,1
-0.009867731321363081,-0.007789547606465509,0,1
-0.009722095952241364,-0.008166031863980308,0,1
-0.009880836947904644,-0.00652257959437716,0,1
-0.009875045336094521,-0.006333424183985583,0,1
-0.009793503749986871,-0.005788820845128794,0,1
-0.007741216928620169,-0.005752467192071911,0,1
-0.010996196321898744,-0.008921554903866386,0,1
-0.010388190379510661,-0.010488121551687024,0,1
-0.010301110604562496,-0.00964360743805224,0,1
-0.01113080345588032,-0.009704120824267066,0,1
-0.010992446307653043,-0.008672025799013876,0,1
-0.011912090475499982,-0.004830932863271964,0,1
-0.010478831754665656,-0.009845654156073766,0,1
-0.00891273217478354,-0.010010677179411705,0,1
-0.009302465376792647,-0.008389317090038212,0,1
-0.010167942808869923,-0.0075651497255033295,0,1
-0.007556884298427936,-0.007527444194241115,0,1
-0.010460653625939205,-0.005840002407088333,0,1
-0.010150691569583318,-0.006400327338052597,0,1
-0.010358117596497745,-0.003001735267951116,0,1
-0.010077460125218613,-0.0069462511685942354,0,1
-0.010669595119237608,-0.008939592746020701,0,1
-0.011425061054607564,-0.00885216179985876,0,1
-0.010867419478539041,-0.009974400427364201,0,1
-0.010167815650072902,-0.008569558990105836,0,1
-0.008937831561025794,-0.00849526662439847,0,1
-0.009212764875068892,-0.008589315777352141,0,1
-0.010605276971151304,-0.0072990822652685364,0,1
-0.011178056215840797,-0.008865497713179961,0,1
-0.010037654168443858,-0.007629948113814245,0,1
-0.01204780004871124,-0.006947731295696548,0,1
-0.009373996420499745,-0.00715567109050261,0,1
-0.010882111348403872,-0.006693574427861069,0,1
-0.009090844447464233,-0.007337850204772844,0,1
-0.01295790703840857,-0.005492028738775327,0,1
-0.010234832890599272,-0.005603781900280493,0,1
-0.006504064451117083,-0.008993913100524447,0,1
-0.009894642481322963,-0.008822516761743579,0,1
-0.009659214337731514,-0.008888534640611446,0,1
-0.01056251068727209,-0.008849742672598646,0,1
-0.011174243176725763,-0.00950330608755392,0,1
-0.009678769495127314,-0.008115741943482264,0,1
-0.01112412731075616,-0.007617875019000571,0,1
-0.009650751124625023,-0.007438067359722574,0,1
-0.010321284494042588,-0.007194133395832533,0,1
-0.008585775013595838,-0.008933923705203206,0,1
-0.00984903843354161,-0.007294619870542149,0,1
-0.01045392087534153,-0.005686456223042342,0,1
-0.00921350402651924,-0.006666873847576345,0,1
-0.006416886188304994,-0.006464423007141672,0,1
-0.009861381959304989,-0.008217870721347467,0,1
-0.011819266051002805,-0.008632765010081379,0,1
-0.009039598682762308,-0.009127021695663358,0,1
-0.010682221504230597,-0.010673200118992164,0,1
-0.010758080938660925,-0.0063304183975393885,0,1
-0.009004003849843695,-0.008109215548362095,0,1
-0.01101306582122042,-0.0072956888075844835,0,1
-0.009840934905330731,-0.009057240713053968,0,1
-0.009543461865610855,-0.0068787425732559394,0,1
-0.011144377300766003,-0.005796820992276715,0,1
-0.008680881304596988,-0.0062996579767557685,0,1
-0.010001782549954083,-0.007412668484373716,0,1
-0.009561035421288604,-0.006269483214043407,0,1
-0.010808524317093601,-0.0050533107020189864,0,1
-0.010404908144050061,-0.008976785100151374,0,1
-0.010979891297710705,-0.008824272942480895,0,1
-0.010288106476994846,-0.008271306859302824,0,1
-0.00955546283146728,-0.007420753573840067,0,1
-0.011690947561894292,-0.006272231425613111,0,1
-0.010122868844672783,-0.008414371142817715,0,1
-0.008944724797874577,-0.007451839777190112,0,1
-0.010999481390647763,-0.008324032536379773,0,1
-0.010006440375547014,-0.0069489819578283365,0,1
-0.01096994076265117,-0.005227917745253598,0,1
-0.007512536031441276,-0.005972114568480291,0,1
-0.01085447803828003,-0.009236216275714327,0,1
-0.010813319930861931,-0.008814010600148308,0,1
-0.011919890910299961,-0.010706975716287372,0,1
-0.01046847806721953,-0.008623352462269371,0,1
-0.01006697822319836,-0.008440646856592626,0,1
-0.010445659320993873,-0.00812689494432011,0,1
-0.009278082044011635,-0.006040964467050164,0,1
-0.00974724827229466,-0.007808006211982398,0,1
-0.009818792794294661,-0.007058930463353452,0,1
-0.009757775126014254,-0.007326344014344445,0,1
-0.007965396594708303,-0.006212547384883142,0,1
-0.009715166639785125,-0.006953463461796551,0,1
-0.00964101768750894,-0.007054276430912236,0,1
-0.01165699720127986,-0.009612641204420475,0,1
-0.01055037935750573,-0.009290824372155924,0,1
-0.011423007168721529,-0.008251474794308088,0,1
-0.008541292414462808,-0.009117980014244648,0,1
-0.010198101810411699,-0.008322523367525782,0,1
-0.008749193611047423,-0.007405791611745442,0,1
-0.009578598796957756,-0.007829838480903448,0,1
-0.009313080341997227,-0.007730003732821407,0,1
-0.010089411375178537,-0.006776751094142285,0,1
-0.009571335347119599,-0.007292066097740518,0,1
-0.008751558993705024,-0.007852091965865055,0,1
-0.009200216532147799,-0.00673938654192274,0,1
-0.00986980529066996,-0.008048494750216661,0,1
-0.01068434552221521,-0.009747894171567828,0,1
-0.010080549919959452,-0.008505935218283583,0,1
-0.010080877574169157,-0.009413361923503132,0,1
-0.010695250970185251,-0.007031393146683049,0,1
-0.009289645763986162,-0.008413878902064683,0,1
-0.009031504185151747,-0.008684768525918745,0,1
-0.009590964386648774,-0.007479278257640701,0,1
-0.009385564745715478,-0.008005423777471482,0,1
-0.008307801699008962,-0.007311541515875236,0,1
-0.009934934626178275,-0.00860759700517206,0,1
-0.011045716933522517,-0.007409690570102126,0,1
-0.009887786845242268,-0.006488531634443221,0,1
-0.00869987157580908,-0.01128052159002086,0,1
-0.010041448965467556,-0.008899445326515607,0,1
-0.01026227930957118,-0.00877792674454441,0,1
-0.011119355830729157,-0.009175266210293473,0,1
-0.00958918268634729,-0.00969931262112756,0,1
-0.009798618422801924,-0.008219030912318301,0,1
-0.009571989558190396,-0.006944907270255648,0,1
-0.009575603125047181,-0.005871959803874975,0,1
-0.008812052823863718,-0.0057585029118790414,0,1
-0.009247580608220252,-0.006931326069527692,0,1
-0.010319432711920382,-0.006439359199464123,0,1
-0.008500685908776744,-0.00905206585378646,0,1
-0.010227453390045453,-0.009732575323844318,0,1
-0.008005763042534536,-0.010658700360536946,0,1
-0.008484695970020233,-0.008378584740661948,0,1
-0.00984537334584819,-0.008645319825684922,0,1
-0.008598389081006174,-0.008239246800156115,0,1
-0.008175474920049027,-0.007809149818579221,0,1
-0.00944577535403442,-0.008485002463634815,0,1
-0.010548169391251467,-0.007009892807737554,0,1
-0.009032966174083305,-0.005965694949234231,0,1
-0.011521231392078429,-0.010117515780425024,0,1
-0.009516804853735673,-0.008111473620795437,0,1
-0.013152057066443798,-0.009471358213333269,0,1
-0.010297943492564167,-0.011635056536474378,0,1
-0.009492319074394105,-0.007261849438096585,0,1
-0.00974033194619485,-0.00822468946608488,0,1
-0.007240810955760363,-0.007650303464889542,0,1
-0.007050854136033604,-0.008865857737692355,0,1
-0.009394557857311721,-0.007976940151962295,0,1
-0.009655585397818325,-0.007179777751500911,0,1
-0.011672921361116912,-0.006913204543748649,0,1
-0.009983027433990118,-0.006679478219695005,0,1
-0.010545213657390027,-0.009588506726707639,0,1
-0.010114622648477815,-0.008991228046816345,0,1
-0.009015632424852862,-0.006825337405744411,0,1
-0.008801869636476303,-0.007965535127500888,0,1
-0.009783683656723774,-0.008241015580785188,0,1
-0.012673103460600979,-0.009342744995112232,0,1
-0.009558889866481297,-0.006616951405244358,0,1
-0.009226694963341983,-0.006543672517294251,0,1
-0.00825676939488082,-0.009844120623576381,0,1
-0.00959431208120532,-0.008865598995438652,0,1
-0.008907420160305246,-0.008929184387847374,0,1
-0.009815008751106155,-0.007816066839196018,0,1
-0.009930697050167725,-0.007018305947181264,0,1
-0.008957805943346768,-0.009911068739766615,0,1
-0.009160927159024045,-0.007410957034183749,0,1
-0.008993877259897453,-0.009027107834250675,0,1
-0.010079211373947048,-0.008625815515979799,0,1
-0.008816657153438797,-0.0072182480776258546,0,1
-0.009034025811934014,-0.01150740717674831,0,1
-0.009090289697368845,-0.00977438907525728,0,1
-0.00940958119275229,-0.008290874059920272,0,1
-0.010434433105947155,-0.008800788212258144,0,1
-0.009938972882467296,-0.008444652476033328,0,1
-0.009476596444696466,-0.007559775095227298,0,1
-0.0078856611553978,-0.0070667056211971835,0,1
-0.008728898632775777,-0.008208328687497142,0,1
-0.010290382717202408,-0.007167049465229318,0,1
-0.009258223830857986,-0.009236637363986893,0,1
-0.009362367343813868,-0.008564771978081127,0,1
-0.008230756930609068,-0.006220256358212303,0,1
-0.006790979386865857,-0.007154472450571824,0,1
-0.008821627002904868,-0.008494545575981644,0,1
-0.009203716966171773,-0.00801114717179464,0,1
-0.009953398068473418,-0.00804645153283959,0,1
-0.010238645725891823,-0.006522142786147476,0,1
-0.009300376225836432,-0.009006813749382569,0,1
-0.00858011593412997,-0.0073665879099862885,0,1
-0.009180915266547619,-0.00837610533806336,0,1
-0.009315715191849889,-0.011444132929107672,0,1
-0.01004312240582543,-0.008376033989776321,0,1
-0.010149331130016582,-0.007020717850763135,0,1
-0.008026003979822907,-0.008933324528890127,0,1
-0.008884653891513949,-0.007419170814005804,0,1
-0.008354420709870377,-0.008820173913386076,0,1
-0.009975085148590718,-0.007359375641620889,0,1
-0.009469973609947608,-0.006884516027342842,0,1
-0.008130124424801119,-0.008034607691577949,0,1
-0.008934574190031413,-0.007840234236097855,0,1
-0.00827644793337983,-0.007983212859992638,0,1
-0.007099801243693609,-0.007432532288777398,0,1
-0.008103485714100092,-0.009356602830287605,0,1
-0.009734498146436878,-0.008488979271532639,0,1
-0.00882421488118498,-0.006739803424978309,0,1
-0.010952455391399264,-0.008205053965460396,0,1
-0.009809401458289565,-0.00746575687348087,0,1
-0.010890288939698794,-0.009771864658462656,0,1
-0.0080035525778054,-0.006777291367364742,0,1
-0.006027173579755265,-0.010391269001412896,0,1
-0.009449520434217358,-0.0076990951765580325,0,1
-0.008987121273370428,-0.008664382371018962,0,1
-0.00892656124264842,-0.008276290038134458,0,1
-0.008780795752679057,-0.007964981236587038,0,1
-0.007444315894546668,-0.00868538492016964,0,1
-0.008333548443161016,-0.008752334517262641,0,1
-0.007045211547612236,-0.008457525277376924,0,1
-0.008951068455442837,-0.007494905823988642,0,1
-0.009110555346461878,-0.008559000470356971,0,1
-0.009227533855112834,-0.007743625741982809,0,1
-0.009093264410499857,-0.007320489587740154,0,1
-0.009070423747336234,-0.009382090010155004,0,1
-0.008758915607232711,-0.008494227943083027,0,1
-0.010863203095917017,-0.009370715377551159,0,1
-0.008937244934534795,-0.009790395403548376,0,1
-0.007084607736228864,-0.00895741729569024,0,1
-0.009488779483578522,-0.009114435761472311,0,1
-0.007424143128301255,-0.007960239049352034,0,1
-0.009943621341669689,-0.009445640594780244,0,1
-0.008633102248723448,-0.008343477919962332,0,1
-0.008295099752398106,-0.007139250717275244,0,1
-0.009353862033921636,-0.007735535266835928,0,1
-0.00881320836725878,-0.008600775554828206,0,1
-0.008449134402314384,-0.008310108887347116,0,1
-0.008631711879767285,-0.007965873414975585,0,1
-0.008591522730767433,-0.009495819786579787,0,1
-0.008343585545317266,-0.008851327192793725,0,1
-0.009001747650845672,-0.00932515257190162,0,1
-0.008910391636313809,-0.007645545113162178,0,1
-0.00805953442548526,-0.00787703516710197,0,1
-0.006615751083135451,-0.010094455920468972,0,1
-0.007370191128898444,-0.008368448362218025,0,1
-0.008621549106341964,-0.009186098280461769,0,1
-0.007414653354181421,-0.007721770762861818,0,1
-0.009203694664121267,-0.008143593944402385,0,1
-0.008139521884558545,-0.009000220063693753,0,1
-0.00880536529642573,-0.00815701238217962,0,1
-0.008584523568959473,-0.010400059313918705,0,1
-0.0070388473017560915,-0.008963816317860923,0,1
-0.007335855542352363,-0.009998205189091844,0,1
-0.009735788376643482,-0.012150863663825118,0,1
-0.009269530673205753,-0.010715499957627881,0,1
-0.010979761362424664,-0.010819423311160583,0,1
-0.010737377077416992,-0.012065426190976747,0,1
-0.010546894224109548,-0.012619265508224937,0,1
-0.010295960129084193,-0.012983573812298024,0,1
-0.013067725062393192,-0.013664163505891391,0,1
-0.011483050206140077,-0.012347316273795723,0,1
-0.012526759343202798,-0.011670175140199654,0,1
-0.011750588811613278,-0.012217417102582706,0,1
-0.011529004111545895,-0.009233173203273149,0,1
-0.013200134999813347,-0.014180538826080401,0,1
-0.010869737435497363,-0.012959348988802737,0,1
-0.01153216289852492,-0.01312492498897909,0,1
-0.012995884380771117,-0.012915100333896971,0,1
-0.01044740449822437,-0.01136624720423002,0,1
-0.010881009378287352,-0.012151940300194026,0,1
-0.009792396437435588,-0.012056262954271198,0,1
-0.007819839065960224,-0.01142560803060815,0,1
-0.011106124253035716,-0.012023733400231778,0,1
-0.011733110360440755,-0.01252892896484922,0,1
-0.010752942300396843,-0.012310457116240849,0,1
-0.011759848865246754,-0.012342509568041051,0,1
-0.012648191163901685,-0.012948936317907323,0,1
-0.009907482143583526,-0.013034192921292343,0,1
-0.013692232936820434,-0.011891666912574496,0,1
-0.010852307317295166,-0.013081304315542178,0,1
-0.011546748080179565,-0.011701195326849323,0,1
-0.014737786243131233,-0.011407198158631409,0,1
-0.01024963053841025,-0.011677058417064378,0,1
-0.009598495164592399,-0.012588706012276019,0,1
-0.010750501089479239,-0.013292624160897347,0,1
-0.007580227691171344,-0.009603546247748132,0,1
-0.012059909546571155,-0.01185805398561712,0,1
-0.009455687033444982,-0.012072546603909268,0,1
-0.01183822774857358,-0.01199448214433105,0,1
-0.011231686364391725,-0.012249459324493207,0,1
-0.008915999541178039,-0.010462881695933745,0,1
-0.012363470632637076,-0.009162951791741564,0,1
-0.011747570359315203,-0.012354527874219328,0,1
-0.010943654065265922,-0.012037094788483556,0,1
-0.012659068093137006,-0.012551170495349866,0,1
-0.012248344903906782,-0.010992479855210223,0,1
-0.010478479212049743,-0.010179728152532349,0,1
-0.010579963756130434,-0.012439976057236927,0,1
-0.01175325896850297,-0.011297323987869968,0,1
-0.01306499189943415,-0.011398061732425434,0,1
-0.0108704071690971,-0.013391107857715506,0,1
-0.01212210587845355,-0.012386607529622663,0,1
-0.012113047710458168,-0.012069057258856953,0,1
-0.011486829902165012,-0.012507764271296537,0,1
-0.013036155780809407,-0.011381143451535599,0,1
-0.011849907854999026,-0.012972435396347255,0,1
-0.012624227620128912,-0.012921374018930998,0,1
-0.012564262674718987,-0.012217952083018473,0,1
-0.011252626217689786,-0.011612122840575279,0,1
-0.011655383858351158,-0.01185094192047454,0,1
-0.009472373944266275,-0.012406300408714691,0,1
-0.010575059853758347,-0.011196553833280887,0,1
-0.009810569848707977,-0.013426797448556287,0,1
-0.010852146578914037,-0.01179741037952639,0,1
-0.010273087714397095,-0.009799454033516295,0,1
-0.01130060523896531,-0.01201954266364459,0,1
-0.011087744594074198,-0.011529993964073169,0,1
-0.010598569947905673,-0.011503203905642015,0,1
-0.011169793831941183,-0.012993447640022618,0,1
-0.012715285271337773,-0.012338695737754592,0,1
-0.013839367156905402,-0.012013928421064168,0,1
-0.013447197227384706,-0.01210805273063064,0,1
-0.011140660448696944,-0.011868564973976687,0,1
-0.010140609292118699,-0.011573518531574371,0,1
-0.009916085963631567,-0.011399746151597445,0,1
-0.011513543092446062,-0.01158526310043468,0,1
-0.009524807182298596,-0.01294503823201241,0,1
-0.01087703869035169,-0.012732913697661857,0,1
-0.009700347293318187,-0.009131856581094227,0,1
-0.01166825643161269,-0.011810498457751825,0,1
-0.011914972620275157,-0.011481614346608137,0,1
-0.011701513253552714,-0.011608337403947433,0,1
-0.012627721575554293,-0.012954582283650073,0,1
-0.01264778211804518,-0.011952658816487934,0,1
-0.012129677026117738,-0.011115673685891671,0,1
-0.0096872259206233,-0.01250553191962629,0,1
-0.011596386081706475,-0.010346201417490906,0,1
-0.012167237166563259,-0.010580135999040497,0,1
-0.011300396379226337,-0.010240120296268326,0,1
-0.010755060176462678,-0.011790104145225815,0,1
-0.011963145557097155,-0.011503267373474143,0,1
-0.012920038107801344,-0.01200992877330576,0,1
-0.008767595498342058,-0.010465442317026862,0,1
-0.013051932393672649,-0.012247177707033863,0,1
-0.012183714414873065,-0.011849602581357744,0,1
-0.013573102853667472,-0.011640743384261697,0,1
-0.011382269904165198,-0.011802635441814664,0,1
-0.010691214633281461,-0.010856731318499622,0,1
-0.010739417933811607,-0.011398791599605138,0,1
-0.012251744728654581,-0.010726776940457884,0,1
-0.010681433206419922,-0.011599387408056138,0,1
-0.010562038817151845,-0.014584486695335215,0,1
-0.011372965947894458,-0.011769287176398996,0,1
-0.011373049267004732,-0.012856156505300819,0,1
-0.011556192335974016,-0.011511879768660476,0,1
-0.012192726457225269,-0.011053866693448579,0,1
-0.009635765310954432,-0.011782308379552563,0,1
-0.011042243416988203,-0.012047099750447557,0,1
-0.011307283997107113,-0.011303435077926971,0,1
-0.0124252691641291,-0.010660612947214248,0,1
-0.011495697278415564,-0.01122047825894029,0,1
-0.011242746397428347,-0.011585483096758704,0,1
-0.012596735401061527,-0.012886742834260355,0,1
-0.011205429823951243,-0.012744597151939655,0,1
-0.01261285440283646,-0.013465236822918215,0,1
-0.012198942928781362,-0.011405547907729472,0,1
-0.01197386557075835,-0.01090026526485777,0,1
-0.010252837705855508,-0.010745192630217077,0,1
-0.010129834191275711,-0.011255674307220102,0,1
-0.01086390004789513,-0.012114769145961428,0,1
-0.01110484792280621,-0.013051170238273358,0,1
-0.010774430790458938,-0.011913789490950417,0,1
-0.013415442160782248,-0.012252155712175488,0,1
-0.012748785689381325,-0.01074947639597651,0,1
-0.012360033180384164,-0.012536206130844666,0,1
-0.012036129400778757,-0.0116102889600546,0,1
-0.011558213512139358,-0.012170370103752317,0,1
-0.010507766382296033,-0.010314436842239509,0,1
-0.011696061168591862,-0.011876349471376531,0,1
-0.013072185694504987,-0.011547847462988394,0,1
-0.00989554758691771,-0.011049727519702237,0,1
-0.011127874374149561,-0.011214062116830546,0,1
-0.010223049485825858,-0.010267035898877787,0,1
-0.010177513425649782,-0.009536105801666571,0,1
-0.011338715791927363,-0.011717581596010008,0,1
-0.012005576468994989,-0.011283743710865967,0,1
-0.01093120569896509,-0.012033674580310337,0,1
-0.010680622289975314,-0.011654165954031443,0,1
-0.011310255497359886,-0.010898517050361076,0,1
-0.010058432616336323,-0.010110943670779375,0,1
-0.012266234030859592,-0.010353726927603817,0,1
-0.01101393379055748,-0.01081583185774966,0,1
-0.01091867405735962,-0.010967502654939364,0,1
-0.012189323672083426,-0.013757102313581755,0,1
-0.011962710039044904,-0.011072551686049138,0,1
-0.01158937683144873,-0.011044525831580977,0,1
-0.009397710463643912,-0.008935296543876352,0,1
-0.010503570304386757,-0.011994068552271626,0,1
-0.011571820320333048,-0.01104242976556311,0,1
-0.011211484544851219,-0.010671282187434735,0,1
-0.010836587319768777,-0.010626497502428419,0,1
-0.011150637750423936,-0.011474827102002889,0,1
-0.01284958952144412,-0.010783244013112368,0,1
-0.011051001197889123,-0.011472230340685207,0,1
-0.012112534287577968,-0.008733946927777082,0,1
-0.01344990303188363,-0.007950190972257704,0,1
-0.01106527357090157,-0.010835887491918947,0,1
-0.010550460523972906,-0.011129264486479294,0,1
-0.011420804872996924,-0.011020612087034096,0,1
-0.010914152351476115,-0.012259012210266467,0,1
-0.011735101320366568,-0.010997645511801761,0,1
-0.012298432619049803,-0.011939876744133658,0,1
-0.013154391631862248,-0.010340165622527162,0,1
-0.008319736458538238,-0.007560977446877788,0,1
-0.010865958500854676,-0.011280837389788632,0,1
-0.011199571446102329,-0.010631423249516266,0,1
-0.011947504115281872,-0.00820763099093318,0,1
-0.012488252350435824,-0.009487621468546358,0,1
-0.011470472805665412,-0.010734174824140389,0,1
-0.012705370293094634,-0.01139891973176218,0,1
-0.012960225974932892,-0.010211425155240659,0,1
-0.011053736347610506,-0.010414360567196163,0,1
-0.007321955334474224,-0.011581769809714416,0,1
-0.011060225477673396,-0.010455376853018958,0,1
-0.012015002526729985,-0.013184283431198582,0,1
-0.012075217865412383,-0.012340044669579706,0,1
-0.012153784144772488,-0.011417222631665428,0,1
-0.012699183010014364,-0.011277037974253501,0,1
-0.01177644954440537,-0.011369497166462687,0,1
-0.011389553766443565,-0.010532353078334541,0,1
-0.011232880124235976,-0.01033592297728919,0,1
-0.01159060389048034,-0.009982242137039934,0,1
-0.010348635157405821,-0.010701279781092332,0,1
-0.01224006168810021,-0.012034793023005967,0,1
-0.01415221467929948,-0.010474792144300658,0,1
-0.011131307933754336,-0.010734312107599108,0,1
-0.013809171900340315,-0.010652240604553784,0,1
-0.011915675534484678,-0.010388839709606999,0,1
-0.012717322211623177,-0.010901456976453859,0,1
-0.011326595297627928,-0.00976068361368193,0,1
-0.011990459530948652,-0.01043012368332777,0,1
-0.011324733863888232,-0.009315182668733346,0,1
-0.01139437907210302,-0.009889316259150585,0,1
-0.011724618900106221,-0.010433197492428015,0,1
-0.014477899711893439,-0.01165636739609871,0,1
-0.011288823204754174,-0.012273391587904253,0,1
-0.01311529533683565,-0.009510165326509975,0,1
-0.01176215529963578,-0.011875426033193621,0,1
-0.01140131344191572,-0.009915363849458956,0,1
-0.011390362281402298,-0.012532296342756016,0,1
-0.011891192484903064,-0.010174091462436776,0,1
-0.01170981525944067,-0.010697443720488704,0,1
-0.009859052875308747,-0.008844603219568776,0,1
-0.011736217841584093,-0.00928629682561329,0,1
-0.01133200871397577,-0.010166570825090551,0,1
-0.011837639607261283,-0.009849737532071034,0,1
-0.011604474679764202,-0.009371423263920996,0,1
-0.011167305408324708,-0.010025479036722252,0,1
-0.010670577730485674,-0.009981366295081326,0,1
-0.01098596657850913,-0.010657224637023599,0,1
-0.011964791063707913,-0.010947650219105685,0,1
-0.010482895433397948,-0.011292472408331606,0,1
-0.01275445350620671,-0.009102461652478683,0,1
-0.01107754114473397,-0.009187925572181562,0,1
-0.011808451911952117,-0.010396257765544302,0,1
-0.013176540777666682,-0.010041013520518425,0,1
-0.012086228861797381,-0.009416516001261992,0,1
-0.01207024955311718,-0.010160189423986811,0,1
-0.010017801441550067,-0.01021224074454787,0,1
-0.01042323457016921,-0.009607169221238682,0,1
-0.01206272565239698,-0.009642591736602658,0,1
-0.011616089111978995,-0.010354899401973528,0,1
-0.012068344469234465,-0.01045165027036753,0,1
-0.011957527973879813,-0.009937034044371367,0,1
-0.011626761848811925,-0.00968637956820273,0,1
-0.01028306273090707,-0.006222104176514032,0,1
-0.011915384192076557,-0.014933087470712954,0,1
-0.009615479699853243,-0.012302179755249266,0,1
-0.009597173496411595,-0.012220497327052453,0,1
-0.010890555019686669,-0.015214726924158171,0,1
-0.010610266809560497,-0.013300022322532587,0,1
-0.007850361735803354,-0.011627255009556383,0,1
-0.00965963558238418,-0.010741752520641372,0,1
-0.007829436340873576,-0.012568930786617596,0,1
-0.00837631626904027,-0.012214776250592833,0,1
-0.009038141834616535,-0.013622672106683867,0,1
-0.007406147504768707,-0.013020138452796646,0,1
-0.007901358420456576,-0.012769465237715922,0,1
-0.0075938217253935115,-0.012052320801553147,0,1
-0.004802080328212701,-0.01441397896341762,0,1
-0.007775826160296628,-0.0146263808661864,0,1
-0.009998534696950211,-0.012848170046645907,0,1
-0.009432050964616476,-0.012251725226736943,0,1
-0.009612771570869923,-0.01302579946342438,0,1
-0.008628438542902066,-0.01288178958747502,0,1
-0.009182416272945517,-0.016213357392063494,0,1
-0.008885769597979903,-0.011072098890390562,0,1
-0.008529305141663633,-0.013494456871977804,0,1
-0.008509013882778613,-0.012047214021606016,0,1
-0.008239665378465788,-0.01231365020620447,0,1
-0.00769117963853316,-0.013572390494868107,0,1
-0.009003309693322038,-0.011822891073372076,0,1
-0.0075752823665435854,-0.013017961696517914,0,1
-0.0071532534019330815,-0.013341819182504964,0,1
-0.009863585843814459,-0.012486180725043816,0,1
-0.010409024082968517,-0.011775974736720325,0,1
-0.009121974175604959,-0.010933864816289239,0,1
-0.00699035645576559,-0.012471769047198576,0,1
-0.00924026286707771,-0.013188103772126477,0,1
-0.009038814756956356,-0.012704614489785594,0,1
-0.0091580016304899,-0.013117059319971473,0,1
-0.006287810044475213,-0.011642510276477468,0,1
-0.008326031334833405,-0.013435912159822871,0,1
-0.008203994463243797,-0.012921586880119159,0,1
-0.0067999624773637185,-0.015205161096232449,0,1
-0.00808118663282441,-0.013630117140148338,0,1
-0.008919631950409476,-0.012498995418801276,0,1
-0.007017382890069325,-0.012376001417350787,0,1
-0.01056890547767531,-0.011182001047899478,0,1
-0.009151645296943758,-0.01272449437813313,0,1
-0.009659307894405705,-0.012952068073283508,0,1
-0.00894942346918388,-0.012495396018537544,0,1
-0.007933375539702185,-0.013705179384017305,0,1
-0.010236720606368729,-0.012629039063952564,0,1
-0.009125998733533749,-0.013172970644987176,0,1
-0.008193833331058699,-0.014062636917392799,0,1
-0.010434408066227068,-0.014194831076709193,0,1
-0.006463853189842067,-0.012123658099733484,0,1
-0.008283831795782208,-0.012706706974827769,0,1
-0.007731038411179677,-0.014497588067227165,0,1
-0.009994812159275918,-0.01268805779282224,0,1
-0.010342921369363389,-0.011679429832002044,0,1
-0.01009420889177197,-0.01133601571926263,0,1
-0.00948866066124624,-0.012376200480079865,0,1
-0.010227866638240714,-0.012754173719247286,0,1
-0.010319785536832802,-0.010462826555420959,0,1
-0.00995929204577792,-0.012040406909057205,0,1
-0.008149547118740389,-0.013219981299115596,0,1
-0.007501970110831185,-0.013446353310183661,0,1
-0.007476259253394289,-0.01246891464827132,0,1
-0.009820946381902007,-0.013705088893680597,0,1
-0.007126672570668962,-0.014264747947548643,0,1
-0.010086568235540447,-0.012328309219202502,0,1
-0.009544205929812161,-0.015332061117799027,0,1
-0.009206916148605707,-0.012726408856553526,0,1
-0.010448027223377909,-0.01193595196949127,0,1
-0.010804375713753731,-0.015190303174476016,0,1
-0.009584132488445455,-0.011632996573239865,0,1
-0.008149847721334601,-0.013281109990830445,0,1
-0.005533889877470809,-0.013396576766836948,0,1
-0.008053292544632199,-0.013363793849376037,0,1
-0.008098424984056428,-0.013209681826715454,0,1
-0.007975861828672189,-0.01343186642227518,0,1
-0.00810252608802869,-0.013345039757786977,0,1
-0.007415560372107312,-0.011264655402866967,0,1
-0.009455918367088822,-0.013619159811299584,0,1
-0.009772664053026504,-0.012313647332924817,0,1
-0.009511853519856714,-0.01425033363446227,0,1
-0.008807126133096584,-0.013910677478394324,0,1
-0.008537164421711242,-0.013668045101667615,0,1
-0.008757829738918048,-0.011229881222073128,0,1
-0.007760482852296085,-0.014027301327243967,0,1
-0.007221784031545842,-0.01126450603140122,0,1
-0.007856596700655671,-0.013465867734243341,0,1
-0.007569176099475556,-0.012086272673224655,0,1
-0.009052411284386096,-0.012676922330351167,0,1
-0.009538184133599824,-0.013557315149829288,0,1
-0.009619890198819706,-0.012268033728721789,0,1
-0.009307420990580509,-0.012938166808665951,0,1
-0.008069942047321808,-0.013416158227648137,0,1
-0.010370483354133743,-0.014727927935136538,0,1
-0.008578724831837936,-0.013174736702474016,0,1
-0.008697057672903201,-0.012841257293125772,0,1
-0.008800459024603063,-0.012921681254620489,0,1
-0.007693151825643556,-0.012558754944007957,0,1
-0.008220540562673557,-0.014515488347612756,0,1
-0.007872727306790877,-0.015932007674078243,0,1
-0.01003092181076901,-0.013120043657722954,0,1
-0.009240741701401373,-0.012143041998283645,0,1
-0.009176408872676324,-0.012503763423193886,0,1
-0.009948127133783395,-0.012492904903124403,0,1
-0.011474676829229234,-0.014635550728059317,0,1
-0.008772277727488006,-0.013083820206466834,0,1
-0.008479094585390567,-0.00980856019146071,0,1
-0.007794781131768536,-0.01106815598310606,0,1
-0.00890765287976532,-0.013451269094112603,0,1
-0.00980526966673989,-0.013117840054989645,0,1
-0.009998245743574144,-0.013793823168770241,0,1
-0.010644739861578273,-0.014030482831841842,0,1
-0.009615694519583079,-0.01270870370500536,0,1
-0.009633965963017077,-0.013940419460984559,0,1
-0.009231107280710015,-0.01555474194941384,0,1
-0.008637594214379976,-0.014587130372248448,0,1
-0.008190544644788592,-0.012730707360598415,0,1
-0.008478862309142519,-0.013750566756143496,0,1
-0.008097716518594993,-0.013500916147753925,0,1
-0.012495964267428435,-0.010400165677939105,0,1
-0.007550663177915442,-0.012911014148785463,0,1
-0.009414603814219795,-0.015093905819536024,0,1
-0.008394911615096501,-0.013654806799515275,0,1
-0.012751978085874556,-0.014404614314788818,0,1
-0.007858463364608888,-0.014664076709797049,0,1
-0.010093510989267713,-0.013395121627731073,0,1
-0.008254334012817659,-0.013096222536901148,0,1
-0.007823872152475618,-0.013451472959263184,0,1
-0.009960580722616016,-0.012986971904167657,0,1
-0.00937303140140143,-0.013293725735758589,0,1
-0.012006913943929736,-0.01656112789014428,0,1
-0.00918627615078398,-0.013519054552100406,0,1
-0.008464364247366327,-0.013047649563961598,0,1
-0.00762743525854444,-0.014595273977948407,0,1
-0.010371579730652367,-0.013336632617047098,0,1
-0.00951837875289947,-0.01462713956338013,0,1
-0.007785481096773267,-0.01409092374097625,0,1
-0.01023005405393779,-0.01279452546064133,0,1
-0.009829037667053692,-0.013458231634645624,0,1
-0.010124596981667826,-0.012494521143114258,0,1
-0.009841495981605712,-0.01432699531704549,0,1
-0.009641121527672079,-0.012990564693800602,0,1
-0.007501529138616252,-0.014571853302689682,0,1
-0.008578677876995133,-0.013219131590151204,0,1
-0.00880955885402166,-0.012727534356574269,0,1
-0.00990057615771471,-0.013383026398748648,0,1
-0.012776838373451565,-0.013887155984853497,0,1
-0.009578300413064296,-0.013323325154824758,0,1
-0.009613245580338608,-0.014282469911753566,0,1
-0.009577130379821929,-0.013770106300079691,0,1
-0.009165950937819675,-0.013879607933561628,0,1
-0.0072828559261876435,-0.013780563306909934,0,1
-0.008464258420332313,-0.0132448219969096,0,1
-0.007898923484159055,-0.013721502785398798,0,1
-0.010718923363631528,-0.01342895357946668,0,1
-0.0077178559853163485,-0.01366731852476666,0,1
-0.01323278037543443,-0.014900399848833321,0,1
-0.008264405121822138,-0.013436699201627817,0,1
-0.007918495351428597,-0.014128171409017213,0,1
-0.00910628513335222,-0.01429992932460259,0,1
-0.00898854980984704,-0.013927946974644279,0,1
-0.010432970921303075,-0.013181400601834616,0,1
-0.00973959449262066,-0.013788773782419394,0,1
-0.008902535409596376,-0.011251860676459884,0,1
-0.009987720469460544,-0.01440707645723118,0,1
-0.00945077103582335,-0.014282480992514472,0,1
-0.01074820979745509,-0.01564413367112817,0,1
-0.008354689400970852,-0.01654168269260494,0,1
-0.0079469160746388,-0.01244318467748839,0,1
-0.009790645552284654,-0.013955207871407962,0,1
-0.008589572387040197,-0.014177126952038686,0,1
-0.010404807532722604,-0.013175081352157971,0,1
-0.009268442756353424,-0.01409420721264853,0,1
-0.008983734124226846,-0.01343943264636464,0,1
-0.009677975597407441,-0.01324071362971202,0,1
-0.009993363904643192,-0.013423741445245456,0,1
-0.009703917795483467,-0.014319073885322437,0,1
-0.01001214067516521,-0.012716766846404997,0,1
-0.008734730506531249,-0.013191169710927047,0,1
-0.009680444796523201,-0.013463079408741842,0,1
-0.009814191097377996,-0.013829264010600365,0,1
-0.010015349717372035,-0.014100938914328953,0,1
-0.0096082943606935,-0.013853174567675871,0,1
-0.009220850308537991,-0.013944700276103466,0,1
-0.008187190308252112,-0.014061408181976185,0,1
-0.008932496920961234,-0.013952445936905951,0,1
-0.010385837153563313,-0.013962044863399695,0,1
-0.010296090002509164,-0.01418861584790221,0,1
-0.009519487550914075,-0.014013818760688107,0,1
-0.011416954404445418,-0.01311811859713024,0,1
-0.011517843603984272,-0.015935321061792167,0,1
-0.007938147117190169,-0.015339248067582295,0,1
-0.010407968604888324,-0.013449418460080539,0,1
-0.01023061836400448,-0.012284186840729237,0,1
-0.009512941192513879,-0.015683970386559214,0,1
-0.010901481317802948,-0.014011289864617188,0,1
-0.01164055736566575,-0.016400110217987464,0,1
-0.00990836313912055,-0.0148322550025461,0,1
-0.009000451729724086,-0.01364145793014199,0,1
-0.008979048240146045,-0.01354980977517543,0,1
-0.00963338485878149,-0.01625599443510451,0,1
-0.008237975643550955,-0.015305012293465597,0,1
-0.00939779038968196,-0.014521597416210886,0,1
-0.008671747125973166,-0.014876801010949592,0,1
-0.009449514788670356,-0.011420835176248326,0,1
-0.00879599019546274,-0.014206100125143095,0,1
-0.010257008692162154,-0.010706754963022392,0,1
-0.01107520173374772,-0.011172809953558599,0,1
-0.00937739882431129,-0.014688590527394118,0,1
-0.00875301380626663,-0.013488322660074364,0,1
-0.010812587066571655,-0.014414948871199458,0,1
-0.009986685983397199,-0.014572672881469607,0,1
-0.008970860010993386,-0.013841383268213844,0,1
-0.010162493236285377,-0.01569980345260663,0,1
-0.011555560127565454,-0.009324078418541316,0,1
-0.011618177033637123,-0.007755452060474196,0,1
-0.011054286454324332,-0.009235828449681236,0,1
-0.011252133480059996,-0.011365929905213205,0,1
-0.013459530456230152,-0.008147754706608773,0,1
-0.010370161861230243,-0.009526081529557084,0,1
-0.009364598530636094,-0.007959542841465415,0,1
-0.009187161203252293,-0.00975708463340005,0,1
-0.009358887738083382,-0.009189779312793,0,1
-0.009523157891705943,-0.008911131663421841,0,1
-0.00928199950279982,-0.009160039814782516,0,1
-0.008416476193577728,-0.008434693449072871,0,1
-0.006931421570070799,-0.01145517339433525,0,1
-0.007913012412779146,-0.009713828602518926,0,1
-0.0073566787940388895,-0.010832157751052314,0,1
-0.007684981066117638,-0.00909282629663323,0,1
-0.006467558692034041,-0.008845492333240489,0,1
-0.012421543839111295,-0.012128008850085477,0,1
-0.011624093726529608,-0.008151701753342105,0,1
-0.010938129571373837,-0.008266419691224948,0,1
-0.010534025934270256,-0.009349155835472855,0,1
-0.009461289790043506,-0.009689404560556142,0,1
-0.010194845791114971,-0.012306752399906496,0,1
-0.009761296387134326,-0.009007645467374606,0,1
-0.010109102544578011,-0.00920781733474651,0,1
-0.008271507552520192,-0.009474008375786535,0,1
-0.009514753179192368,-0.009960658685077398,0,1
-0.008322468978927071,-0.009053314836124746,0,1
-0.00757785137476922,-0.010985734591951986,0,1
-0.008657430875078947,-0.009306367794591866,0,1
-0.007801489532697732,-0.009992861464833053,0,1
-0.008138714675380628,-0.009367912410426914,0,1
-0.007934662111438234,-0.008862029292880396,0,1
-0.011423182324532256,-0.01006315884553009,0,1
-0.009201331789853412,-0.007488344133198063,0,1
-0.010743454078118237,-0.009459257660870466,0,1
-0.010470121835487116,-0.009385739446691918,0,1
-0.011026585841352812,-0.011201081644723906,0,1
-0.010583815746405878,-0.009427651506068299,0,1
-0.008956249242472968,-0.01012528085046246,0,1
-0.009512057865879735,-0.009258622569096578,0,1
-0.010848542890000415,-0.009439260988309023,0,1
-0.00942813555136789,-0.012368911234537835,0,1
-0.00846710004907662,-0.009263880382764364,0,1
-0.008820884746339703,-0.008468638522854182,0,1
-0.009073532844916918,-0.009498619670385667,0,1
-0.009340668686783292,-0.007548221545500163,0,1
-0.009535927254034092,-0.010105156361655801,0,1
-0.00919522282426165,-0.010214911483272974,0,1
-0.010507370139840268,-0.010147682642251691,0,1
-0.013320435317602197,-0.01065023940514234,0,1
-0.01024454324645501,-0.00940568831832481,0,1
-0.01037526218842668,-0.009508309196215122,0,1
-0.011140081967546405,-0.009073274754703339,0,1
-0.009229428638511344,-0.010391647441432568,0,1
-0.010035125569224685,-0.009283127711676255,0,1
-0.010421627625214773,-0.009221865309062861,0,1
-0.008827951499255244,-0.010340581160010243,0,1
-0.011177627739066446,-0.009766290128719475,0,1
-0.009399378973615168,-0.009282930158253546,0,1
-0.008789416407667488,-0.009895176091942041,0,1
-0.008078940882693408,-0.009330424952887668,0,1
-0.00846257027411805,-0.00929347202971213,0,1
-0.006499113963259281,-0.00913734627133758,0,1
-0.010989082872070479,-0.011103994542154797,0,1
-0.01233713446147411,-0.008353625416296404,0,1
-0.011339515106334573,-0.010441999759153393,0,1
-0.010032899433409981,-0.00970325213297123,0,1
-0.012891576152974614,-0.00794806664983644,0,1
-0.011659291903290115,-0.009689250745068234,0,1
-0.010867587950015245,-0.009865847204218764,0,1
-0.009605528143657673,-0.009417439924931995,0,1
-0.009246204305078382,-0.009455487399307638,0,1
-0.009014802122754248,-0.00919881985271102,0,1
-0.0089203394196718,-0.009456782793142982,0,1
-0.007225822414854727,-0.009141145356607483,0,1
-0.008901664126951479,-0.008914062348686415,0,1
-0.007532205601389478,-0.00920939539911546,0,1
-0.010933606555251999,-0.009918141036682118,0,1
-0.011649175536223001,-0.009762936567666478,0,1
-0.010760394899979332,-0.00954497894795724,0,1
-0.01079596114647959,-0.008702167639579754,0,1
-0.009777710357400562,-0.009543324659053644,0,1
-0.011177815397080708,-0.010919820029993688,0,1
-0.008933228039151963,-0.009821709501849287,0,1
-0.009441967161421006,-0.009339980212430366,0,1
-0.007558493443421681,-0.011724319352430772,0,1
-0.008771176536064006,-0.01058412031709034,0,1
-0.008954317803206538,-0.009310531595709805,0,1
-0.00838813764661746,-0.009500118557337818,0,1
-0.008253458551655154,-0.009369585460123045,0,1
-0.008164438002036945,-0.008589486795582009,0,1
-0.012389932254659654,-0.010284370076397462,0,1
-0.010513662952546477,-0.00947339580759206,0,1
-0.011746205680628277,-0.00963985619675455,0,1
-0.010596442585048809,-0.00931789925146163,0,1
-0.0076513546990214475,-0.010359335772653603,0,1
-0.009044330938817681,-0.008960635206699208,0,1
-0.008711265502752202,-0.008823848519207448,0,1
-0.009453968565685367,-0.008809771002546127,0,1
-0.009232007786397949,-0.00842813834663398,0,1
-0.01025767327869101,-0.01023980977582353,0,1
-0.010135927798076962,-0.008766566737593321,0,1
-0.007892737358072206,-0.01090440073517425,0,1
-0.0060252362979168065,-0.009769707373236342,0,1
-0.008436046096809624,-0.010024074982890034,0,1
-0.012354196506253858,-0.010793504507088726,0,1
-0.010859098693449315,-0.007255118016708034,0,1
-0.009073989753909198,-0.0097977599845698,0,1
-0.010900367324667704,-0.009658448474274413,0,1
-0.011523227715135203,-0.006432106072444801,0,1
-0.010148456137715457,-0.010507148234245837,0,1
-0.008936049652450945,-0.010062431768493528,0,1
-0.009547488254980138,-0.009572088516468902,0,1
-0.008989184304871462,-0.010398093679248398,0,1
-0.008730340630382857,-0.009117313687814757,0,1
-0.009123099232499661,-0.009198243070614244,0,1
-0.008072357693022206,-0.01091112994216829,0,1
-0.006960061999644725,-0.00998698261408191,0,1
-0.010675881151578269,-0.01034939369079329,0,1
-0.00880509401035611,-0.011860585680386655,0,1
-0.010625379994671365,-0.009708775271541322,0,1
-0.010002389468641818,-0.010535882901285872,0,1
-0.009709666676719061,-0.00986801071076005,0,1
-0.010722463107435338,-0.009204845834638958,0,1
-0.010097942613946139,-0.010908599213427586,0,1
-0.01027292984355182,-0.009531734196341193,0,1
-0.010748643014773143,-0.013437173395648106,0,1
-0.008433362825072975,-0.010152581587768649,0,1
-0.008842194952003935,-0.009559270289248613,0,1
-0.009560983578547507,-0.009067782736757119,0,1
-0.0075460710078059275,-0.00805960429993473,0,1
-0.01093273022724788,-0.009902940724558718,0,1
-0.012153621568981515,-0.01076209094800463,0,1
-0.011291333749795912,-0.011405049177951525,0,1
-0.008701500753703543,-0.009930340988301355,0,1
-0.009571509170763109,-0.00945368720015562,0,1
-0.010582234054023908,-0.009714323666671623,0,1
-0.01102867378292837,-0.00879433038748646,0,1
-0.00914545510999592,-0.009664346373717558,0,1
-0.0082415022462812,-0.010285837313777276,0,1
-0.010303475832691405,-0.010158788053562687,0,1
-0.00817086905312834,-0.009317347120707208,0,1
-0.011227123076674199,-0.010732389717929808,0,1
-0.011652635163262938,-0.011577630567193038,0,1
-0.010220522047356163,-0.011815177488758297,0,1
-0.010258454712729634,-0.01003443762108313,0,1
-0.012016326322617423,-0.006920490534231433,0,1
-0.00904774095241824,-0.010006600536559126,0,1
-0.010785530119926568,-0.009751248909385444,0,1
-0.00986919934526981,-0.010258009066265476,0,1
-0.008950725471630904,-0.009725902995674215,0,1
-0.009686572174482155,-0.008429129465728295,0,1
-0.008660285406689752,-0.009578613489930804,0,1
-0.008731307271676628,-0.010149929198163836,0,1
-0.010901631703370504,-0.010004902279292996,0,1
-0.010733970747254127,-0.01015930160789689,0,1
-0.011717987406876967,-0.010086603093513669,0,1
-0.01027706892114852,-0.01005727000513695,0,1
-0.009868885781477469,-0.010379435915237285,0,1
-0.008850133540499744,-0.00965113249632183,0,1
-0.010779459241237483,-0.009991918625597417,0,1
-0.010910749025559037,-0.010465274198327533,0,1
-0.008663370826114073,-0.009025822310080832,0,1
-0.008785302023261596,-0.008849046116595947,0,1
-0.0074581668113258524,-0.009979345947256784,0,1
-0.010829291189188168,-0.010280180781561291,0,1
-0.010329226659676697,-0.010337482742203594,0,1
-0.009616475047232646,-0.009557559695756238,0,1
-0.008874671274312575,-0.011049765099252234,0,1
-0.010561145635983833,-0.01062283854336131,0,1
-0.009366562838746779,-0.00978043657811456,0,1
-0.010496410452076377,-0.0114790918468706,0,1
-0.009271624347904427,-0.01037424613698713,0,1
-0.01063706058398256,-0.011639727306604142,0,1
-0.010355832288359013,-0.010347384525502469,0,1
-0.008329340088490607,-0.009610692752853691,0,1
-0.008503188715310634,-0.010231367860096015,0,1
-0.011350648610656398,-0.011696179772020816,0,1
-0.01046010400208474,-0.009377297587899337,0,1
-0.010302581787547874,-0.010155474142693596,0,1
-0.009236988204232006,-0.009932145757073926,0,1
-0.009349573004489525,-0.010930445872858272,0,1
-0.008432819085678679,-0.009241232647582923,0,1
-0.009397852186644764,-0.009134756361467678,0,1
-0.008199561449492906,-0.010902264795537218,0,1
-0.010340478199276977,-0.01041712898873974,0,1
-0.009823470440116546,-0.011330428882674123,0,1
-0.010447532185155584,-0.010882000035364214,0,1
-0.009930013327935406,-0.010479426296447382,0,1
-0.008737868997828515,-0.010923910057727396,0,1
-0.011476394771845653,-0.009986684851919538,0,1
-0.009248953682708288,-0.010363529187402276,0,1
-0.010444557919240736,-0.010111196722420305,0,1
-0.009493429254862067,-0.010532094051642479,0,1
-0.008217008616904598,-0.009263555460390375,0,1
-0.00835010917551872,-0.008836694227374304,0,1
-0.010107249850031601,-0.010194891395975913,0,1
-0.010414476201605004,-0.010595452371180274,0,1
-0.010104287173266056,-0.009450999811898227,0,1
-0.009466840796559711,-0.009844038466790911,0,1
-0.00995066729700151,-0.00888982337263977,0,1
-0.009298779981464151,-0.009579056218701273,0,1
-0.009624991355829822,-0.010675565705878229,0,1
-0.008522902865512536,-0.011164681548221563,0,1
-0.009258820848725195,-0.010146090597511967,0,1
-0.010673429505144,-0.011663257276905209,0,1
-0.010575675627844778,-0.010619906289105816,0,1
-0.010734726465502055,-0.010818431727939575,0,1
-0.006927834409929944,-0.010648967612314722,0,1
-0.01025651864617129,-0.010534904122122858,0,1
-0.01136231288998269,-0.01007345339045392,0,1
-0.007018299451275301,-0.011211782914893427,0,1
-0.007914418783177972,-0.00932524005110114,0,1
-0.01204012206330931,-0.011446882055338031,0,1
-0.010501724686314776,-0.01026791890407669,0,1
-0.009044244694279231,-0.009837054180029496,0,1
-0.008095066907093001,-0.010128204377068076,0,1
-0.009493246049383864,-0.011561137097639456,0,1
-0.008935655561150205,-0.010136037260833527,0,1
-0.008242711661781733,-0.009844059153171929,0,1
-0.009977302602782526,-0.012703576325981214,0,1
-0.009814105248049633,-0.01050700700674155,0,1
-0.010386546571861026,-0.010708116979627308,0,1
-0.010149589176228952,-0.010859828573812924,0,1
-0.0093816422108533,-0.009912364255662574,0,1
-0.010024292547428218,-0.008956151728620194,0,1
-0.010659480739003125,-0.010977059276177162,0,1
-0.009212297543201773,-0.010157345927570548,0,1
-0.009364408998068528,-0.01332736532362476,0,1
-0.012443632006714044,-0.009935082348946252,0,1
-0.01095177218472459,-0.01077320803393375,0,1
-0.009753911292845087,-0.010069230033548654,0,1
-0.008935465712959533,-0.010563677471481722,0,1
-0.010678517555646036,-0.0106199101740392,0,1
-0.008724840220436613,-0.010646726404681514,0,1
-0.00951451022041275,-0.011250006003447447,0,1
-0.01178810245414519,-0.011678651714643872,0,1
-0.010123182730023602,-0.010981527248295599,0,1
-0.009679093306308475,-0.010142119446572926,0,1
-0.008894381114112155,-0.01137650072329289,0,1
-0.00890939468067139,-0.010756351393080229,0,1
-0.01078522994648941,-0.009879367427276024,0,1
-0.008246698009952546,-0.009266679818607874,0,1
-0.011450687371062775,-0.013389913445337845,0,1
-0.010467580325134423,-0.010326976817080067,0,1
-0.010090238468595093,-0.01027787434137685,0,1
-0.009985838362957553,-0.011035932542061477,0,1
-0.009101461170265642,-0.010175814130572204,0,1
-0.009841732297283471,-0.012069657707387242,0,1
-0.010436752335644525,-0.011682840221342935,0,1
-0.010785885351709781,-0.011652559182720346,0,1
-0.011343510475636285,-0.011046407648509534,0,1
-0.009454926678773304,-0.01079179921207247,0,1
-0.009104867706850426,-0.01037456382187405,0,1
-0.008913617301668586,-0.010634604108225268,0,1
-0.010136105612616643,-0.011355172573417673,0,1
-0.011889034304070142,-0.008278249498624,0,1
-0.009898572056211417,-0.011074391994698738,0,1
-0.009760554435600782,-0.011024421459177156,0,1
-0.010683772944464057,-0.011403920960016996,0,1
-0.011059334117724168,-0.009550891682730748,0,1
-0.009956326071253019,-0.010796527268177529,0,1
-0.007792172171500294,-0.008712585453614861,0,1
-0.010923795366517556,-0.011796877383712096,0,1
-0.00889669935945684,-0.013562378641831564,0,1
-0.009682027084805547,-0.011033105369905448,0,1
-0.011217722580003718,-0.01285846987401956,0,1
-0.00938182690826866,-0.010419887793975494,0,1
-0.00969482634845198,-0.011399688750206435,0,1
-0.009391191652703836,-0.009284338340744921,0,1
-0.009395200355303689,-0.010003064376608493,0,1
-0.01132320791698499,-0.01380421638302623,0,1
-0.009484693178615855,-0.012302812567706708,0,1
-0.010601921388176559,-0.012053051669764916,0,1
-0.009731169675653259,-0.011368560276742072,0,1
-0.010395521876955117,-0.010004672600162608,0,1
-0.009716912332432135,-0.009153837043676184,0,1
-0.009658721684036508,-0.012263559385611675,0,1
-0.010152283205535635,-0.01144180250830679,0,1
-0.010702932273021451,-0.013248825372600078,0,1
-0.0097547709700718,-0.011620798312605646,0,1
-0.010117555562341798,-0.013415837537981637,0,1
-0.01014833850088902,-0.01130117399965454,0,1
-0.009879940526331423,-0.011989237720251091,0,1
-0.012947364020270774,-0.014227791067223376,0,1
-0.0099146571056269,-0.009931602468743568,0,1
-0.010415269493355866,-0.011640138883912611,0,1
-0.009349795217157203,-0.011223775343164565,0,1
-0.009630412135222716,-0.011654991915758452,0,1
-0.009210122589989355,-0.010947637114816437,0,1
-0.007726153143717296,-0.00809060305470636,0,1
-0.009758015785601358,-0.010717739145092912,0,1
-0.008537569221682527,-0.01144384440918683,0,1
-0.006681343610206293,-0.010115527672491806,0,1
-0.00982556383830296,-0.009339944861646176,0,1
-0.008768813578568093,-0.010300066958050854,0,1
-0.007490775064508736,-0.009427153647215978,0,1
-0.007843400648675865,-0.009376356116849505,0,1
-0.006653839895441309,-0.009052614078533628,0,1
-0.007791033567183189,-0.008987000796076672,0,1
-0.007832055988799458,-0.008496799709216138,0,1
-0.010058662084624736,-0.012804018787933592,0,1
-0.009152899879772414,-0.009856326536372948,0,1
-0.009695418252171734,-0.011467030624279008,0,1
-0.008063988320000583,-0.012143350419494566,0,1
-0.009704028531077062,-0.010859686774319383,0,1
-0.008909593982837919,-0.010756854870219672,0,1
-0.010202073189607083,-0.009338045070564628,0,1
-0.009529034784334114,-0.011191603711720994,0,1
-0.007149633548347439,-0.011110770300262257,0,1
-0.008130365502735217,-0.010857755573520901,0,1
-0.008139042986924203,-0.00995561077169264,0,1
-0.008013823975550212,-0.007986293321736478,0,1
-0.009345907207887963,-0.009581356620033834,0,1
-0.006844003017788785,-0.009727082704205059,0,1
-0.00796394799922103,-0.009477810203524716,0,1
-0.00998049544689525,-0.011811840806413733,0,1
-0.009587541474352902,-0.011211278752704253,0,1
-0.00814388713419855,-0.013580690686379232,0,1
-0.008762762613296733,-0.011189719174275069,0,1
-0.008734859395022143,-0.009431274434838734,0,1
-0.008962965729261854,-0.011158377400648064,0,1
-0.00837605003978218,-0.01097957656436856,0,1
-0.008189476541272972,-0.010661520886995438,0,1
-0.009160558561545459,-0.01074401645575118,0,1
-0.009190920555362308,-0.010529930428940473,0,1
-0.008125848306018944,-0.009177344444562537,0,1
-0.010701672637175835,-0.00876384335429814,0,1
-0.008011765372740894,-0.008309163580677445,0,1
-0.007927437663701497,-0.009591460924861269,0,1
-0.00917466452844061,-0.009642799099275816,0,1
-0.010136791473965082,-0.013923986589153257,0,1
-0.009049538209838847,-0.011604136691282312,0,1
-0.01114248547213873,-0.010683752740008974,0,1
-0.007957128729734773,-0.01053593391437215,0,1
-0.009108730914445027,-0.011364042634446323,0,1
-0.009291845556297671,-0.010958338442704626,0,1
-0.009119729091968704,-0.009614838699520177,0,1
-0.009132328867196471,-0.010582618038562724,0,1
-0.008788434703967654,-0.009054497648345003,0,1
-0.008537110416926516,-0.010560029742830457,0,1
-0.007514712302577866,-0.011179085169281575,0,1
-0.007391139792203129,-0.00967497576995739,0,1
-0.00937159135170117,-0.01050714411491876,0,1
-0.0084542884402179,-0.009448870990913289,0,1
-0.010864876484913173,-0.009998109696435392,0,1
-0.01008903281807253,-0.012050303312831726,0,1
-0.009394083279711373,-0.011893908977168677,0,1
-0.010045995680399438,-0.011788698512124338,0,1
-0.010164599961474298,-0.012861299406891699,0,1
-0.008821500471350004,-0.011308757881258121,0,1
-0.007422986624290146,-0.013251678982211659,0,1
-0.00736847448721548,-0.011722124268428447,0,1
-0.0073984999828313755,-0.011828149817382142,0,1
-0.007673817839031743,-0.010521726568967427,0,1
-0.009465315795477963,-0.007497164042237286,0,1
-0.007898260874147717,-0.009813434887796641,0,1
-0.008517248806795335,-0.011380734421109175,0,1
-0.008965164257134037,-0.009828402271578463,0,1
-0.008152656735176173,-0.011347040620614273,0,1
-0.009689142659454008,-0.011044099409713537,0,1
-0.009323063053580749,-0.011752935849137008,0,1
-0.009774625707578187,-0.012140732809695793,0,1
-0.009843927923303176,-0.011835202208008894,0,1
-0.00906344518590935,-0.010836534728191259,0,1
-0.00721180472419723,-0.012143026725757063,0,1
-0.007708205673992144,-0.012337539021711115,0,1
-0.009613039380967503,-0.010875999193033373,0,1
-0.009356804227742117,-0.011663340399641555,0,1
-0.005772011345018124,-0.010462837193106372,0,1
-0.009138806658763834,-0.008184544480177634,0,1
-0.008098341109045126,-0.009052782955211443,0,1
-0.008472512392470002,-0.010571584203101917,0,1
-0.008595387083991336,-0.011473389126972116,0,1
-0.00994883651519286,-0.013027214961298347,0,1
-0.010036927127876814,-0.011284721241301051,0,1
-0.01010177721058365,-0.011070116068126528,0,1
-0.00828522198691794,-0.01130047359819559,0,1
-0.008650375124951074,-0.01223996113581278,0,1
-0.00848683574899471,-0.010725220434272004,0,1
-0.008399547284960705,-0.010959778579911955,0,1
-0.009776213315875089,-0.01156098041397312,0,1
-0.008171806840963412,-0.010579889212692891,0,1
-0.00877944358716634,-0.010756809374708545,0,1
-0.00923841075778146,-0.011131963812418435,0,1
-0.007652515484694646,-0.00972796905493504,0,1
-0.008287378727958167,-0.00920572223076474,0,1
-0.010003325963765507,-0.012714268037755687,0,1
-0.009204399956435015,-0.01194921113538203,0,1
-0.008895289550030234,-0.010649601479542305,0,1
-0.008545716680382558,-0.011451148913310045,0,1
-0.007570641793121775,-0.010258784110349205,0,1
-0.008984840165375528,-0.010827022451260358,0,1
-0.009484914741809488,-0.008266518687496801,0,1
-0.009456998538382366,-0.010851560382330507,0,1
-0.008956544803835707,-0.010783634617698096,0,1
-0.006306722271835975,-0.010461007353165333,0,1
-0.00765387876920189,-0.011060372350108367,0,1
-0.008802743970618962,-0.010700905190157196,0,1
-0.009019861543388304,-0.011441072774200249,0,1
-0.0075192017055259325,-0.01142763314772008,0,1
-0.00923940191577425,-0.01180519081897722,0,1
-0.008703102824146691,-0.011557889583442766,0,1
-0.008581619443197531,-0.011748344985823668,0,1
-0.008465397227536453,-0.011416019425302055,0,1
-0.009950507957549815,-0.008700374488015018,0,1
-0.007637317099639734,-0.011387482490623066,0,1
-0.008201211181737209,-0.010600311390174985,0,1
-0.008078150603918269,-0.01076991419601348,0,1
-0.009547117620761344,-0.013261174980781039,0,1
-0.00743159091128427,-0.010179222686560224,0,1
-0.00838661644700647,-0.010162577688231877,0,1
-0.00900915381776112,-0.012215130332378426,0,1
-0.008871749225389783,-0.012308946411522902,0,1
-0.004904144105418986,-0.012647861675311884,0,1
-0.011470910182451385,-0.01100210991948936,0,1
-0.0068319348493802905,-0.011431801239671904,0,1
-0.008124599818484388,-0.009530076606981056,0,1
-0.006742984536084232,-0.011399220735071219,0,1
-0.00763205295655793,-0.010421525269559355,0,1
-0.007149208077352699,-0.010657431952106505,0,1
-0.00829230654081322,-0.010207406343720004,0,1
-0.0077045781575393445,-0.01019993143095151,0,1
-0.009181298846492145,-0.010900728161169946,0,1
-0.008954702446927804,-0.013758786000354394,0,1
-0.00909921949357901,-0.011441019050606302,0,1
-0.00868147733511123,-0.012989480445935874,0,1
-0.008473366168573129,-0.011926277048012052,0,1
-0.010613218902219817,-0.012850687714937256,0,1
-0.0061848952863687405,-0.010581903213654754,0,1
-0.008841109946441498,-0.011984410062056016,0,1
-0.004856547330506138,-0.01034172591497831,0,1
-0.0076223703585849,-0.010513786866319338,0,1
-0.008108078415065773,-0.010795544572031886,0,1
-0.008697688493286178,-0.009178339384858432,0,1
-0.009114817147191956,-0.012421623997127342,0,1
-0.005880453287494949,-0.01371194891162067,0,1
-0.008474459982090328,-0.012026760408955905,0,1
-0.007196919094908801,-0.011119886247880852,0,1
-0.009605274994060815,-0.013151068192953405,0,1
-0.007462668511520631,-0.01278728460709835,0,1
-0.008566282075432877,-0.011274194166580999,0,1
-0.007654047096214165,-0.011429687698131167,0,1
-0.007438011574905106,-0.010550249128240038,0,1
-0.007533059289120679,-0.010937595579770823,0,1
-0.0075068404124545764,-0.0111273669309747,0,1
-0.008991733503918957,-0.011914102470441185,0,1
-0.008745358974497462,-0.012143792406745022,0,1
-0.0072446264710257805,-0.011763756942960434,0,1
-0.008523691887680058,-0.011760858162828888,0,1
-0.008398733383643268,-0.011231587126296157,0,1
-0.008571953754290677,-0.010663709959057148,0,1
-0.008108470681253602,-0.014279767705863762,0,1
-0.007682370991171528,-0.01028826685859429,0,1
-0.007027522861455336,-0.011307665986860345,0,1
-0.008357726213355848,-0.010555371038825664,0,1
-0.007426950980435754,-0.010346628974066603,0,1
-0.00799783503711709,-0.013170925455540479,0,1
-0.01069493836581726,-0.009978477903833367,0,1
-0.008176252726585412,-0.012408373742992038,0,1
-0.008770837563784564,-0.010233295078555797,0,1
-0.00783283830518353,-0.011428101714264803,0,1
-0.00976499967434523,-0.009354887231148143,0,1
-0.008334164484218885,-0.012197091856789636,0,1
-0.005208184409901469,-0.010882288976739901,0,1
-0.008061733195479617,-0.010538480444837689,0,1
-0.007582192335471018,-0.012130322506436995,0,1
-0.009340625644298845,-0.013326779594303811,0,1
-0.009698372486965652,-0.012437222539136542,0,1
-0.008741366570799118,-0.012159877764091536,0,1
-0.008518735849339562,-0.011955034255570944,0,1
-0.0062977276523507025,-0.010089575614090615,0,1
-0.007678529204891138,-0.010826228826976723,0,1
-0.00838879988293939,-0.0125070166141808,0,1
-0.008379207611120876,-0.011580872729504735,0,1
-0.006979260543821733,-0.012108920685947324,0,1
-0.007088469128967773,-0.01059661976953866,0,1
-0.0073135127271696755,-0.013034855447780137,0,1
-0.008440920724598115,-0.011824059655761256,0,1
-0.008156660322226984,-0.01194632855204879,0,1
-0.008698465120115817,-0.011715062615915083,0,1
-0.008731451549046483,-0.01192452413674216,0,1
-0.007159126401058861,-0.012822175581460043,0,1
-0.006907185131212216,-0.011794643223746383,0,1
-0.007192266201366946,-0.011277572918622705,0,1
-0.005832685575081373,-0.012612803041540128,0,1
-0.008375936329557899,-0.013167752741656342,0,1
-0.00841715417573709,-0.012057431943468817,0,1
-0.008656424382121188,-0.011970602722625547,0,1
-0.007704371592806071,-0.01183416051033476,0,1
-0.008160219609627772,-0.011188267862470368,0,1
-0.008481004969871694,-0.012850185350614973,0,1
-0.0073780803502991885,-0.010074151051336674,0,1
-0.007501883377869247,-0.011005205302791575,0,1
-0.007898629628973154,-0.010232724890288291,0,1
-0.008388081994292005,-0.01172593262306796,0,1
-0.00830830430795318,-0.012543603972889752,0,1
-0.008627640073566579,-0.011096878730595477,0,1
-0.006485778436396488,-0.015274996811620032,0,1
-0.007866629184996608,-0.011523741479884143,0,1
-0.008863828246772275,-0.01107501003100959,0,1
-0.008091427121600027,-0.011283247756628262,0,1
-0.005737844020888828,-0.010884718869168752,0,1
-0.009274112379098916,-0.01295496574626325,0,1
-0.007370389638794564,-0.01245807492047268,0,1
-0.008596280903548267,-0.01189890327455376,0,1
-0.008916896953494924,-0.012251539162353293,0,1
-0.005710345986942652,-0.011910899185308393,0,1
-0.0082753229560825,-0.012837887622396134,0,1
-0.009016874253804189,-0.009583704001173456,0,1
-0.006219712837634575,-0.011084968518825747,0,1
-0.00859298720006621,-0.012999132981113203,0,1
-0.008992657071475063,-0.011390723208697186,0,1
-0.008678636255799111,-0.013267384550113552,0,1
-0.007094721127096916,-0.011569670976183577,0,1
-0.007852827852626868,-0.011929655046766338,0,1
-0.0074331356156601735,-0.011179504474169941,0,1
-0.008150527981543367,-0.011134691240911784,0,1
-0.008621151184553998,-0.012866001198739289,0,1
-0.008762098055326607,-0.010175095193762173,0,1
-0.008051686224616765,-0.012220105779429027,0,1
-0.008657957150459347,-0.011752308547999052,0,1
-0.007610493229173315,-0.011933751658773745,0,1
-0.0076665339418849525,-0.011074911221801731,0,1
-0.006427407399485446,-0.011247736167792847,0,1
-0.007222457780813735,-0.013523935218214066,0,1
-0.006855739644747404,-0.008902049510563899,0,1
-0.007846074809567876,-0.012703204116212024,0,1
-0.007485376717658963,-0.012212754842192232,0,1
-0.00803078577181133,-0.013201992477075045,0,1
-0.007985899750225204,-0.011792446429434658,0,1
-0.008554053636350645,-0.012767741303420337,0,1
-0.005954773185958257,-0.012960921062106435,0,1
-0.007450147426615269,-0.01211412022571556,0,1
-0.008220862185148304,-0.012359656780256061,0,1
-0.007349678591187672,-0.013015345724993709,0,1
-0.007978408498206569,-0.010820985970436604,0,1
-0.00785402820502704,-0.01332881928517457,0,1
-0.007595423383728393,-0.012189411899043774,0,1
-0.007870911678214139,-0.015612966654204948,0,1
-0.008164247321108055,-0.01059549576953108,0,1
-0.007255898830076888,-0.012359610480478306,0,1
-0.007091650904572029,-0.01215040533559079,0,1
-0.007492119833690898,-0.013842846163977893,0,1
-0.007021412099925532,-0.013092400843001204,0,1
-0.008118237372069952,-0.010690079106069577,0,1
-0.008353818736390349,-0.01307856565270033,0,1
-0.006410814569707211,-0.014331823508112022,0,1
-0.007148617872025313,-0.012354718738261942,0,1
-0.007537049684736986,-0.012288975854575255,0,1
-0.008169357344961683,-0.012370346239597978,0,1
-0.007476347620560805,-0.01287405156964391,0,1
-0.007557346366310071,-0.010927964335427831,0,1
-0.00796885052011378,-0.012237473528711058,0,1
-0.0049254144745667595,-0.014214579448692739,0,1
-0.007929504454938044,-0.01257733756478979,0,1
-0.007417830384257453,-0.010040531256157427,0,1
-0.0053140536427401085,-0.013334858225767281,0,1
-0.00783158505976198,-0.012576000461945463,0,1
-0.007045249840944107,-0.01190035077280706,0,1
-0.008325403834220499,-0.00846732971873714,0,1
-0.008005807705609621,-0.01252421405628235,0,1
-0.006951686314087564,-0.011483740500837905,0,1
-0.007553994678482919,-0.012444765537619727,0,1
-0.007248423871196172,-0.013244540387129652,0,1
-0.006828271061638694,-0.013848427688685782,0,1
-0.007189106454024255,-0.013509632166485836,0,1
-0.0064122913551757045,-0.012081774549709498,0,1
-0.007085154300563279,-0.01297445295284769,0,1
-0.007570724045686012,-0.012182878894131322,0,1
-0.008213035943015647,-0.013225048614092445,0,1
-0.007878134070919297,-0.012328943431395617,0,1
-0.00703718910355487,-0.0122911037381853,0,1
-0.008490416974901995,-0.011372922504251431,0,1
-0.006612066594707578,-0.013863346980717737,0,1
-0.003256543015272408,-0.011472448244201874,0,1
-0.004148913224173464,-0.010390296944607351,0,1
-0.004615352956933401,-0.009501456984463093,0,1
-0.0027842161537720853,-0.009615284163799084,0,1
-0.0031031360598501928,-0.010224290569774605,0,1
-0.0032373227461906214,-0.009921967061633771,0,1
0.0011947481994113841,-0.01044410925528365,0,1
-0.0017718420834050492,-0.00960218576303385,0,1
-9.202328163873553E-4,-0.009333036860161991,0,1
-0.002900103696369852,-0.010104121131881067,0,1
-0.00244982813064823,-0.00965796942373074,0,1
-0.0022654494625458004,-0.008920758517533895,0,1
-0.0029894440432498945,-0.009581493544771122,0,1
-0.002218127651627117,-0.008483436323008896,0,1
-0.0019988185363330087,-0.008274578664748391,0,1
-0.0018870897320609518,-0.00706348346166013,0,1
-7.255913273235998E-4,-0.008009687753220966,0,1
-0.0011458814334190772,-0.01203033908096227,0,1
-0.001080143295315691,-0.006672077995757624,0,1
-0.005080178950559559,-0.00923573014458421,0,1
-0.0012245616943033831,-0.00734070576113257,0,1
-0.003075419401294922,-0.010426578846405734,0,1
-0.002992327711083479,-0.01051769463461148,0,1
-0.00405400753573026,-0.009493946265724935,0,1
-0.0032787054247204405,-0.009867388468836108,0,1
-0.0042979335889657385,-0.009438468570573259,0,1
-0.0035192361361109418,-0.008683389682735711,0,1
-0.004064911495791776,-0.010800102740284768,0,1
-0.002651212201157463,-0.009437101848442734,0,1
-0.0029322415337680215,-0.010556969880984486,0,1
-0.002753337612874322,-0.009500901101907069,0,1
-3.7471420892337735E-4,-0.009155931714846913,0,1
-0.002135687447252954,-0.007341450386129952,0,1
-0.001104419477244409,-0.009041626346868987,0,1
-0.0024856127884133722,-0.008661975365569756,0,1
-0.0021081145109376033,-0.008224897893873916,0,1
-0.0018560986020685938,-0.00822192675121911,0,1
1.3469405164322387E-5,-0.005647017498699298,0,1
-0.0012704479648811657,-0.008589359549571506,0,1
-0.0030190960346159084,-0.008625672143247297,0,1
-0.005054195335833794,-0.011989657817783769,0,1
-0.001595480855251777,-0.01059305234333262,0,1
-0.004397414210533259,-0.011750912645272914,0,1
-0.0034436347774970447,-0.010543044482735476,0,1
-0.0044747830740257365,-0.010176210610488155,0,1
-0.002209141366662316,-0.00985185482504184,0,1
-0.003644579650095358,-0.008711101567811587,0,1
-0.003654305925258432,-0.010001344439654345,0,1
-0.0016243681036512655,-0.00947576413342213,0,1
-0.002533687812069309,-0.009290543455690909,0,1
-0.0018633888336007656,-0.009817166011397862,0,1
-0.0021216327321423394,-0.009261617548605341,0,1
-0.001992800309628573,-0.008715552037553757,0,1
-0.0015082170159605526,-0.0075780060023610514,0,1
-0.001528124140925159,-0.008481366790197635,0,1
-0.002536586885537474,-0.011078150271276205,0,1
-0.003057077544631971,-0.007030990026416716,0,1
-0.0018872464419632522,-0.009179021447692871,0,1
-0.0023501724210068958,-0.007002006041181045,0,1
-8.815305555629631E-4,-0.007385186770546181,0,1
-0.0033748593857580835,-0.010219333853878977,0,1
-0.0031112519989763363,-0.010783682177216631,0,1
-0.002847087246502036,-0.011944870779212833,0,1
-0.0013634201644339902,-0.009339645789702361,0,1
-0.0037896740963066808,-0.009719654068770643,0,1
-0.003006348800827532,-0.011145493695885064,0,1
-0.002275613582730305,-0.010113950142535185,0,1
-0.0018801242852869518,-0.009929127083714562,0,1
-0.002292310761133106,-0.008869235992185866,0,1
-0.002131350160252726,-0.009519281828624703,0,1
-0.0025996732439448394,-0.009100233163167165,0,1
-9.693826102501501E-5,-0.01037224400340401,0,1
-0.0032448727586872977,-0.009252411426145685,0,1
-0.0013300574840779515,-0.008304826980422847,0,1
-7.866577644157109E-4,-0.007885804407376905,0,1
-0.0015246013548639067,-0.008341139056294954,0,1
-0.0018163678708553357,-0.008202603395638781,0,1
-0.0015610763142824588,-0.006963623624632803,0,1
-0.0034495254274096074,-0.0109093337901514,0,1
-0.0027385758405493385,-0.01089449429055747,0,1
-0.002669631647265839,-0.010177682546217426,0,1
-0.0018473093976118776,-0.010668322483430253,0,1
-0.003710347753245784,-0.012034382989462087,0,1
-0.002077414970438005,-0.011065585755558171,0,1
-0.0033630126517959517,-0.010842177947675773,0,1
-7.990780390399749E-4,-0.010694940394855692,0,1
-0.0022265022814257586,-0.009606371036253315,0,1
-0.002234986369867661,-0.009578258105209242,0,1
-0.00483828241711561,-0.01013449928943513,0,1
-0.0017605977445541586,-0.008581352036902811,0,1
-0.0019060656274986856,-0.008255517612304074,0,1
-0.0023588698152161884,-0.009785837114703743,0,1
-0.0025350884466629523,-0.007890289026798822,0,1
-0.002988889406926736,-0.007987839370422698,0,1
-0.0019726244725908997,-0.007342343285223937,0,1
-0.00125643737721165,-0.007852050929448719,0,1
-0.0022956727383531945,-0.006744416925911616,0,1
-0.0033436087514859144,-0.01209212265880649,0,1
-0.0020543687674295635,-0.009881382930083596,0,1
-0.003022965305589949,-0.010310391675915628,0,1
-0.0028156566344942607,-0.01007734759112591,0,1
-0.0028494486204517972,-0.010655784912566104,0,1
-0.0010969934363638828,-0.011134790676029498,0,1
-0.0030530768568683086,-0.0095561301314628,0,1
-0.0022792117353719428,-0.00950292403219658,0,1
-0.0026371972418190795,-0.007094471851920194,0,1
-0.0012497348410753684,-0.008653105255591481,0,1
-0.0027049934558622934,-0.007139388589950547,0,1
-0.0032186348734916225,-0.009807810756571483,0,1
-0.0019281064372615691,-0.007481202141678826,0,1
-0.0014770369415914278,-0.008162058906855027,0,1
-9.116827345362785E-4,-0.0071522001149121215,0,1
-0.00363871516680258,-0.006505822524244829,0,1
-0.0011425143171471224,-0.00924102883529917,0,1
-4.966725130754806E-4,-0.008835368586815828,0,1
-0.002812953095627905,-0.011055474573554394,0,1
-0.0023692419602894025,-0.01113753076028009,0,1
-0.003324364839786481,-0.010126031769830283,0,1
-0.00182389636565819,-0.009672855754410287,0,1
-0.001303469929564206,-0.010814094903936183,0,1
-0.001707082808747999,-0.008826448392871606,0,1
-0.002372735284205989,-0.009742079274339057,0,1
-0.001351607359948597,-0.009317920803700723,0,1
-0.005979106546636719,-0.008774315732698016,0,1
-5.561705339000585E-4,-0.00868586950563052,0,1
-0.0015071822124522504,-0.00839397495158488,0,1
-0.0016809514033463496,-0.010660583176757938,0,1
-0.001683677794226494,-0.00899512283721301,0,1
-0.0016810814969472913,-0.00820627044183214,0,1
-1.8960598647137453E-4,-0.008415924023842544,0,1
-0.0019461236239778246,-0.009167438532313795,0,1
-0.00130046021545758,-0.007871961238862562,0,1
-0.0030162185926572013,-0.011021906475713243,0,1
-0.003086498066234663,-0.01032427212503107,0,1
-0.002660101924968231,-0.010517314562722802,0,1
-0.0027740245141087525,-0.01112989159571764,0,1
-0.0024437082769429965,-0.01028762392500729,0,1
-0.0030824749602599132,-0.011339344700987854,0,1
-0.001864905583972245,-0.010102731267101511,0,1
-0.004262742095989029,-0.007750515515310435,0,1
2.864292844245944E-4,-0.013251193101371031,0,1
-0.002912490730730442,-0.0075122186678030735,0,1
-0.002749444660865126,-0.008356731063803961,0,1
-0.0030609202000958175,-0.010593379807202083,0,1
-0.0011952626522060224,-0.008243933386173857,0,1
-0.0014619616316891113,-0.00874298035688795,0,1
-0.0012992640978128868,-0.007996568316207715,0,1
-9.815629411727464E-4,-0.00797484346905292,0,1
-0.004101468980709283,-0.006189646251553828,0,1
-0.001857198281901311,-0.011803449965128226,0,1
-0.0024711316293408356,-0.010292506414353364,0,1
-0.0018854465993505057,-0.01027191061754405,0,1
-0.003533584253700604,-0.01021382710721946,0,1
-9.051289457102777E-4,-0.01197253136731389,0,1
-0.002507315911622679,-0.008879506695412077,0,1
-0.0026027656831863963,-0.009173446041987792,0,1
-0.002320396317562466,-0.009117735125655524,0,1
-0.001251706292754458,-0.009172477355191942,0,1
-9.703482487185092E-4,-0.007569566811163309,0,1
-0.002012188114074305,-0.009146860367646682,0,1
-0.0029583646955691737,-0.008804019227232913,0,1
-5.196157450056716E-4,-0.008903052509779533,0,1
-0.0017820695330731352,-0.008725955302916626,0,1
-0.0011864451606417303,-0.008392885108697899,0,1
-0.0013154821546486266,-0.008914030797524324,0,1
-0.001286097622921824,-0.00686929886162983,0,1
-0.003539133833367823,-0.010911225598180826,0,1
-0.0037115451788278502,-0.011474763276497539,0,1
-0.0015897001387551964,-0.010374442615309117,0,1
4.2229611462429027E-4,-0.007465076538860674,0,1
-0.002905144416568368,-0.0077886008347421015,0,1
-0.002017665167161548,-0.009244749740367606,0,1
-2.1487562410801194E-4,-0.010509406288769884,0,1
-0.0019105780335710945,-0.011152460575895686,0,1
-0.0032514363376059128,-0.008766873018362339,0,1
-0.0010351232118212832,-0.009273456740553564,0,1
-1.251195637576281E-4,-0.007757690532362652,0,1
-0.0030256739439488804,-0.007240542551153579,0,1
-0.0018322781649221637,-0.007876460483476634,0,1
-7.707179627386767E-4,-0.007914460199922662,0,1
-7.907322768038295E-4,-0.007913094964274973,0,1
-0.0024656185931637596,-0.011002832040352734,0,1
-0.0032299935032688945,-0.01058215524483111,0,1
-0.0020149862880975353,-0.01049602656707047,0,1
-0.0011164051941728462,-0.007242056011038654,0,1
-3.1648052924983147E-4,-0.01086621335756153,0,1
-0.003002313515885919,-0.010995902955408582,0,1
-0.0015510723380729708,-0.010483652562570788,0,1
-0.0028435590665943635,-0.008819469936269834,0,1
-0.0031504162110816943,-0.0076727337730586945,0,1
-0.0014559980346255258,-0.008350485347851383,0,1
4.3255445993690343E-4,-0.010565643698951181,0,1
-0.003453443828655939,-0.008480304748049125,0,1
2.6985126263136712E-5,-0.009470634156985175,0,1
-0.0016795920735919693,-0.009930815407634717,0,1
-7.532344076862718E-4,-0.008545480134702582,0,1
8.613793046437321E-4,-0.009799208191340647,0,1
-0.0024661996731431698,-0.011060559599164946,0,1
-0.0021035439339578505,-0.010512760028597629,0,1
-0.002450525468416201,-0.012175427725988487,0,1
-0.0013855837357728972,-0.010853457500734473,0,1
-0.0019440388249705378,-0.010393911074276663,0,1
-0.0011495811845210681,-0.008671707342862621,0,1
-0.0024016827907941594,-0.009802633249416916,0,1
-0.0010490276909430301,-0.010405037869184551,0,1
-8.151166423201218E-4,-0.009934920555573403,0,1
-0.0022891114303341038,-0.00900185506484124,0,1
-0.001405929844175274,-0.008976856624967314,0,1
-0.0012158461903640217,-0.009770429103447458,0,1
-0.0013140125265224789,-0.009542917923477966,0,1
-5.189538005314924E-4,-0.009149368057938374,0,1
-0.0013429087883040593,-0.010414470988959841,0,1
-0.002078937458000261,-0.0110911612316379,0,1
-0.0029437062906961468,-0.01008649408650517,0,1
-0.0016411666088439467,-0.012025823935570343,0,1
-0.0032006361383466225,-0.009258262870952322,0,1
-0.0028418785483402794,-0.011627730099432165,0,1
-0.0029292182941093375,-0.008967665284468648,0,1
-0.001096000704015713,-0.009799739281704347,0,1
-0.001244671571962652,-0.008718123964040706,0,1
9.594915680134628E-4,-0.009283392460389459,0,1
-9.347270662140298E-4,-0.008770643209516349,0,1
-8.94967642347974E-4,-0.00924574151151108,0,1
2.9395098601921296E-4,-0.008509070500275535,0,1
-0.0012366084997803245,-0.008650002196806051,0,1
-4.373282877821719E-4,-0.008768313612317988,0,1
-0.0012594679141262274,-0.008769987535658596,0,1
-0.00212034026995181,-0.010797853426318482,0,1
-0.0015081466367650104,-0.010816388265638919,0,1
-0.002472788223574171,-0.010086668452498858,0,1
-0.0013049959012818915,-0.01068012123502964,0,1
-0.0021324981323780938,-0.008652046351058441,0,1
-4.6895333986174626E-4,-0.010368867936881044,0,1
-0.001540579155238327,-0.009687651994807383,0,1
-0.001475867295137338,-0.00931341571952703,0,1
-8.009313195960038E-4,-0.008573776107177121,0,1
-0.0016734192265257023,-0.008818700059354697,0,1
-0.0025523720101614535,-0.009268948870012618,0,1
-0.002258615109668024,-0.008384269630618326,0,1
-6.186257757725799E-4,-0.008647658000692435,0,1
9.489483660578015E-5,-0.00801255695294504,0,1
-0.001915141673941864,-0.011139385943042604,0,1
-0.0010673091138595102,-0.012070334063652745,0,1
-0.002497194937965018,-0.011036481132904355,0,1
-3.2151714722159776E-5,-0.01266001020174195,0,1
-0.001609160268807017,-0.008725626262714808,0,1
-0.0019950351823241176,-0.009633065957594895,0,1
-0.0019345738653503259,-0.00998394796593938,0,1
-0.0013409571142705197,-0.0098923317441778,0,1
-2.498786350188349E-4,-0.009448982554720035,0,1
-0.0010013282575820311,-0.00935861510742194,0,1
-8.67495497908176E-4,-0.009306564464564616,0,1
-0.0018001963129907874,-0.008991282059875658,0,1
-7.357189281840073E-4,-0.008757433607251825,0,1
-0.001487519920205194,-0.008164704953558187,0,1
-0.0021879035390615104,-0.0112437648408066,0,1
5.642115955949173E-4,-0.012014816269941149,0,1
-0.002155577398578365,-0.012018056981247334,0,1
-5.570889021720339E-4,-0.009688491595035542,0,1
-0.001962209809318109,-0.009737957279447049,0,1
-0.0010140443752572246,-0.010604794648621225,0,1
8.688292437653987E-5,-0.009779196489655242,0,1
-0.0014959627056280018,-0.011399307910120417,0,1
-0.0028300359746893226,-0.008224987633070073,0,1
-0.0012158050281249081,-0.007929350435848486,0,1
-6.746971822555239E-4,-0.008187194874035828,0,1
-6.728929068736984E-4,-0.007980172634762446,0,1
-3.5645208104340646E-5,-0.007498357770167857,0,1
-9.708721599265393E-4,-0.012037644596206242,0,1
-6.869020209228622E-4,-0.01136447065236277,0,1
-0.0017516452902454323,-0.011098701122374289,0,1
-2.9571758521870906E-5,-0.010160472801080091,0,1
-0.0013823195056968831,-0.009436511843590725,0,1
-0.001068869488047168,-0.010000867073582727,0,1
5.529354554197514E-4,-0.009036331116469397,0,1
-0.0010809999625656529,-0.009806603844420224,0,1
9.78017935631E-4,-0.011148158344076679,0,1
-5.874662513006441E-4,-0.007935138128609714,0,1
-7.435766490819602E-4,-0.009741059371663181,0,1
-7.159566971754313E-4,-0.008907336943598795,0,1
5.0791801294997E-4,-0.010177106997509495,0,1
-0.0029221507606045404,-0.010414866028749262,0,1
-0.002460068669674531,-0.010600360838684464,0,1
-0.0019192479873728007,-0.008967606157414622,0,1
-0.002735685289129628,-0.01020525417663849,0,1
-2.6102944064668014E-4,-0.009502538087412414,0,1
-0.0027615118014977934,-0.009387332135653419,0,1
-0.004109231643869018,-0.010711179307311327,0,1
-5.377410738422093E-4,-0.00989862213688328,0,1
-0.0029400080382470293,-0.009092227214784917,0,1
-2.530080060788385E-4,-0.012152559789123593,0,1
-0.0010950110275374375,-0.008444474973776645,0,1
-8.302011343394883E-4,-0.008200052545787193,0,1
-0.001789741865676275,-0.01176824046991846,0,1
-7.173230884039836E-4,-0.01074340082627582,0,1
-0.0015431152501530247,-0.011166995999028859,0,1
-0.0016716558648069086,-0.01065473896738305,0,1
-0.002375530323351663,-0.01031228927857781,0,1
-5.422957195023328E-4,-0.00999917979769903,0,1
-0.0015784983623259399,-0.009849871471652696,0,1
-1.3770089696257164E-4,-0.009454624237398975,0,1
-1.746173016806368E-4,-0.009930927429129831,0,1
-6.045732290596655E-4,-0.009630027640752735,0,1
-6.979250031294641E-4,-0.00934489053849982,0,1
-4.241674325564992E-4,-0.009222964704426932,0,1
-0.003563576864937179,-0.008076325313220622,0,1
-3.093459363097689E-4,-0.010516533788726955,0,1
-8.028177026832649E-4,-0.010822785673916861,0,1
-0.001234418966991086,-0.010686052246347003,0,1
-0.0017256022324341205,-0.010617436461700063,0,1
0.002055492273001528,-0.009193631937878779,0,1
-0.0021221701803643884,-0.010545080729631858,0,1
-8.59288172884772E-4,-0.008261235172536375,0,1
-7.274294340312046E-4,-0.009162390354908335,0,1
-0.002730627968254401,-0.005755981465124576,0,1
-3.4321757131705404E-4,-0.006283610848602067,0,1
-3.053438751541737E-4,-0.010234636258547142,0,1
-0.001467899291539547,-0.010981021823846413,0,1
-2.400752154731606E-5,-0.010559945612495177,0,1
-0.001936163792628992,-0.011119080976453163,0,1
-3.971643166632882E-4,-0.010613122914390741,0,1
-4.6239672145116396E-4,-0.01000459391837344,0,1
-8.22726778127855E-4,-0.010013012178158762,0,1
-0.0015771224693345803,-0.009832597385834052,0,1
2.5463199448957186E-4,-0.009782305455282634,0,1
-5.422311486739234E-4,-0.009238541239571858,0,1
-7.657416997425614E-4,-0.009563752641893455,0,1
-0.0020323420334743495,-0.011279715812774647,0,1
-0.0024026177948446035,-0.00884414559315497,0,1
-0.0010329659897487195,-0.010833740930803248,0,1
-0.0023450187598148663,-0.010426549127536003,0,1
-0.002177860571525949,-0.009919803155245452,0,1
-0.00119623390486118,-0.00984683666410797,0,1
-6.442611266367675E-4,-0.010322990423659991,0,1
-0.0012062915209353126,-0.008884990656879267,0,1
-0.0024368891573744475,-0.010470347310156542,0,1
-1.7637588890017787E-4,-0.009946641739968684,0,1
-0.004338988897729418,-0.013342248811743543,0,1
-0.002115095499925367,-0.012772872611305193,0,1
-0.0024767351435110124,-0.011760632692892212,0,1
4.0233979062587357E-4,-0.00893576714931703,0,1
-8.6764224935642E-4,-0.010364269851298211,0,1
-0.0013147665153415999,-0.0109007673337851,0,1
-0.0017568635948499868,-0.009819166449092235,0,1
-4.560446383495219E-4,-0.010607916987191756,0,1
-8.314216154446142E-4,-0.010427208437388214,0,1
-8.728420480158275E-4,-0.008082816955707171,0,1
-0.0014958023904964625,-0.012413626092146574,0,1
-9.017058340798081E-4,-0.010415400215641699,0,1
-0.0010726136139060172,-0.010701898811805005,0,1
-7.632365031412506E-4,-0.010650710773670103,0,1
-0.0012847207512914215,-0.0090046343837375,0,1
-7.079291116810383E-4,-0.011046479828145203,0,1
5.294450404305691E-4,-0.010885435090014816,0,1
-0.003351337014005973,-0.011266621687807838,0,1
9.135426956178856E-4,-0.009383172194876738,0,1
2.6348126967752806E-4,-0.010382684780845369,0,1
-0.002220431695601503,-0.010473546246719121,0,1
-0.001272461079772423,-0.010419562245625184,0,1
-6.071754410882445E-4,-0.01075932573177499,0,1
6.487866408970454E-4,-0.010645030426976931,0,1
4.55733506915156E-4,-0.010354848523448801,0,1
-9.672435323164226E-4,-0.009688926444889182,0,1
-3.329685149406092E-4,-0.00980772439485864,0,1
5.097586301818354E-4,-0.009654900639785139,0,1
-3.2488052370157006E-4,-0.009183118426740827,0,1
-0.00368466515987333,-0.00975085693307206,0,1
-4.62519803745535E-4,-0.010763846247343544,0,1
-7.197885709384893E-4,-0.010823350230584384,0,1
-6.044705990596098E-4,-0.009418524492769951,0,1
-4.1372249414014476E-4,-0.010934070320804037,0,1
-5.759169036569659E-4,-0.010229071663808516,0,1
-0.002644121461331126,-0.012000553689079024,0,1
-2.643334602462543E-4,-0.009368780088263048,0,1
-0.001245143175891669,-0.012576175180519355,0,1
-6.943941425125826E-4,-0.011107090007721645,0,1
-4.479945489587551E-4,-0.011477402250965952,0,1
-5.074373277172544E-4,-0.010329077847993723,0,1
-3.802328194112982E-4,-0.011080950352262964,0,1
-0.0010423568730147372,-0.009795092553369987,0,1
4.5847420697548287E-4,-0.010384225974955405,0,1
-0.0012594045727879874,-0.009216412231902579,0,1
5.336027431063927E-4,-0.008816095617478014,0,1
8.650004192645257E-4,-0.011690732814659452,0,1
0.0020620820773387606,-0.010912482758885938,0,1
-7.1588983278099E-4,-0.011852536485392992,0,1
-6.173854207987299E-4,-0.010527694451854235,0,1
-0.0012281190655600023,-0.010206434068636893,0,1
-0.0012447415709791701,-0.009467142867686261,0,1
-6.302339846894951E-4,-0.011044777770585632,0,1
-4.8613985070761E-4,-0.008479565094955734,0,1
-6.572138103251697E-4,-0.011048253604053964,0,1
-1.2385732438024177E-4,-0.012012321091444903,0,1
3.452176329540543E-4,-0.010418049134677084,0,1
-3.223835273793248E-4,-0.01056823964244991,0,1
3.3781021306356627E-4,-0.009764933751689126,0,1
4.91910398499294E-4,-0.010738799068664796,0,1
4.8562242835464603E-4,-0.006777057064652767,0,1
-2.1366128090101133E-4,-0.010873531859373663,0,1
7.681254631387317E-4,-0.01031690859840145,0,1
-0.0010351958426443872,-0.010998625974360325,0,1
2.9700397620172666E-4,-0.009856900063497445,0,1
3.555313985696323E-6,-0.009311768359674035,0,1
9.418978915229562E-5,-0.010058477518083522,0,1
-5.799938212612672E-4,-0.010428542992881597,0,1
-0.00156610453345861,-0.012685336419172771,0,1
1.0353684245220417E-5,-0.010539105973066136,0,1
4.4682970865617377E-4,-0.01112649219785402,0,1
-0.0019256275182748654,-0.009126657521918321,0,1
-5.19556535330871E-5,-0.010243147574605956,0,1
-3.9522510189671256E-4,-0.009722126773587237,0,1
-3.5837817895601197E-4,-0.01161765985358994,0,1
-3.926496613120005E-4,-0.010641714470495832,0,1
-3.05661769494312E-4,-0.011599602382750826,0,1
-0.0014288616163869864,-0.010306892788706133,0,1
8.328772012641281E-4,-0.01087518108623775,0,1
-3.9023590200425553E-4,-0.014203322598690152,0,1
-5.006734787022446E-4,-0.012650357941685023,0,1
7.382540196042942E-4,-0.010452770336164041,0,1
-7.935228604963254E-4,-0.010802174967374718,0,1
3.03982297586042E-4,-0.010598600229538983,0,1
-6.662984171985103E-4,-0.010272162076047286,0,1
-1.5613833855062783E-4,-0.010392826160795472,0,1
-0.0012220497299569662,-0.013003711806609305,0,1
-4.0950301076266563E-4,-0.010557033755753181,0,1
-0.0016659408388620433,-0.011419229880672992,0,1
-0.0013420990638600588,-0.012184232983206542,0,1
0.0024149790474872293,-0.008920283476525223,0,1
-2.420200769863695E-5,-0.00961059621783055,0,1
0.0013211488623544442,-0.01050941786533094,0,1
0.0013488303256897027,-0.013743013292960201,0,1
-7.497000009523038E-4,-0.011565825414744687,0,1
-1.989322317481328E-4,-0.0105154590075958,0,1
6.003042941486954E-4,-0.010635391901722108,0,1
5.4373948096196484E-5,-0.009848148360357462,0,1
-1.2284724131290988E-4,-0.011280361123269947,0,1
0.00140013507893581,-0.011728623628066584,0,1
0.0011844021401208721,-0.011116727364263687,0,1
8.226745225509376E-5,-0.011569872585190944,0,1
4.699874912311714E-4,-0.010562560351393547,0,1
2.3514963542855047E-4,-0.011453653673918325,0,1
8.698188341915808E-4,-0.011085344993104455,0,1
-0.0017270209511174581,-0.009716277818811564,0,1
6.516470662723359E-4,-0.01118797278406349,0,1
-3.533989154426773E-5,-0.010853711543843948,0,1
0.0014029324388574046,-0.010979782058731803,0,1
0.0012221774859286776,-0.012010684950760128,0,1
6.146229279811724E-4,-0.010321024081717053,0,1
0.0021878077309722198,-0.00997345446018108,0,1
-0.0012808275888076851,-0.007984214782080517,0,1
3.38458712723784E-4,-0.007486159680708919,0,1
-9.648639682444902E-4,-0.00732439663316549,0,1
-0.0034806709448614278,-0.005201227344747516,0,1
3.995325021092872E-4,-0.008055119703898448,0,1
3.170059950632097E-4,-0.006024330124648875,0,1
2.8869226575050554E-4,-0.006239909322485485,0,1
7.904472207432038E-4,-0.007158232115445576,0,1
-3.268133393496347E-4,-0.0074435401674311725,0,1
3.9438015756678124E-4,-0.00687944324115696,0,1
-7.966274367153381E-4,-0.006924516484265946,0,1
0.003257168336912258,-0.006977103396133822,0,1
0.0013075464649203064,-0.007408551397004284,0,1
-0.0018794001404933323,-0.0069319114665905655,0,1
6.144838434105871E-4,-0.008027033342251483,0,1
0.0012678287803340926,-0.007111634627226105,0,1
0.0016452263425610729,-0.007285788288572418,0,1
2.4867282852393167E-4,-0.007073994442464828,0,1
0.0016999818333130897,-0.00885215135409868,0,1
-0.0012606034309996783,-0.007525041902418474,0,1
-7.855213445508863E-4,-0.007388976202794723,0,1
-0.004020297258260345,-0.007705962859523365,0,1
-0.0010275523106605983,-0.006929275018339885,0,1
-5.462814324153877E-4,-0.007653175225073593,0,1
-3.754282194947509E-4,-0.0071767827677531645,0,1
-0.0013763930670828714,-0.009082433079134238,0,1
1.0970513758372651E-4,-0.00791007789295777,0,1
1.4926464614135854E-4,-0.007148636079415953,0,1
-2.876418550263235E-4,-0.006381061519690785,0,1
7.45264843622307E-4,-0.0068209890160672694,0,1
0.0028964640326110632,-0.008494348545032034,0,1
-1.7491682915748112E-4,-0.006073349177052961,0,1
8.613864809631723E-4,-0.009354092322512374,0,1
0.0014097736076902582,-0.005716392414089818,0,1
0.0017963807925051106,-0.006190693099289466,0,1
1.77486895220888E-4,-0.0077096239630177225,0,1
0.0016811259526891592,-0.007130794341875307,0,1
-0.0012066169176179868,-0.006872356438833766,0,1
-9.498078516852607E-4,-0.007445171251594101,0,1
-0.0010223020817660838,-0.0066763285375176,0,1
-5.493246720305645E-4,-0.009441988416518327,0,1
-0.0013438164653081577,-0.008450517895642804,0,1
-4.5172942706842907E-4,-0.0053393531883552375,0,1
-8.123097785712106E-4,-0.00842004900860424,0,1
4.18713884824767E-4,-0.006334158290273725,0,1
-0.0010320526551069222,-0.009395030445714964,0,1
0.0012777994894246874,-0.007194982109336452,0,1
8.168699150572687E-4,-0.007079392587247026,0,1
0.0010517478326317782,-0.007238179608311022,0,1
0.002118980484401026,-0.007254042317611723,0,1
2.2750959865058118E-4,-0.008121486458746835,0,1
4.353920490002971E-6,-0.00822416800448913,0,1
0.002158985901432877,-0.007862881730844934,0,1
0.0026934605947470294,-0.007963373464371109,0,1
-0.0017149583186746409,-0.0071113017198750185,0,1
-0.0023232668256892345,-0.007067009583274163,0,1
-8.865072630418801E-4,-0.007419084141202922,0,1
-0.0011314442879616219,-0.006994742788890168,0,1
-3.562124344434763E-4,-0.0079512215629721,0,1
-8.673947364090979E-4,-0.006746792344955896,0,1
-1.5910364105982126E-4,-0.008384869543184516,0,1
1.89660751709558E-6,-0.0075162146363434885,0,1
-0.001885641472744619,-0.007841817020410537,0,1
6.576889422278934E-4,-0.006347340589394262,0,1
0.0016773570095150515,-0.008954872065451265,0,1
0.00295543747029906,-0.007355302196869395,0,1
0.0014596857000553143,-0.00791456153577379,0,1
4.1551694467333126E-4,-0.0070975471427510385,0,1
-9.675608664653041E-5,-0.00749534102804531,0,1
0.0011475811142482918,-0.007016936390560259,0,1
0.0011666975155430039,-0.007773757637464364,0,1
0.002457480692121288,-0.006765514309434654,0,1
0.001236356066037176,-0.00602195475044854,0,1
-0.001908953360457343,-0.008561608979808748,0,1
-8.496151774942626E-4,-0.008159169683705336,0,1
-8.629516458791368E-4,-0.00630831055829901,0,1
-0.0031294992382026364,-0.00845667244441463,0,1
2.0122162520287614E-4,-0.006866766906061465,0,1
-2.7586386480741513E-4,-0.007523430447088875,0,1
5.78123705605707E-4,-0.007101513433314777,0,1
0.002235034588063948,-0.009676413642299564,0,1
-7.404080462107499E-4,-0.00792266054475585,0,1
0.0015058771906866877,-0.009138800265024125,0,1
0.0018177483280580923,-0.008162063395426493,0,1
0.0017792465983445286,-0.007250306004087016,0,1
0.001709492137361743,-0.007711423314315823,0,1
7.240880010170665E-4,-0.00717837416171355,0,1
0.0015640584493130608,-0.0074024149051595475,0,1
0.0028891786276902544,-0.007738010757385825,0,1
0.004195481453749586,-0.009011443919133411,0,1
-8.49682761536057E-4,-0.007930093506865703,0,1
-7.349493294884047E-4,-0.007698266921142382,0,1
-0.0019001376424820967,-0.008075219188281031,0,1
-0.0013122998659372488,-0.008059029241336953,0,1
-5.145839330844367E-4,-0.0077398477935845785,0,1
1.5721191283425877E-5,-0.007546938757400028,0,1
0.002362141988320356,-0.005789079300651279,0,1
-0.0033727609068537447,-0.0067800257650734086,0,1
0.0010886745453566047,-0.007095866279575954,0,1
8.652094706469673E-4,-0.007647284325363262,0,1
0.0015973146409479116,-0.003956522188678033,0,1
0.0010378997282125598,-0.007434390639936398,0,1
0.0019354666932652543,-0.007023144124315011,0,1
-4.933080118417023E-4,-0.005612162024861045,0,1
0.0014318908815117465,-0.007678934539807941,0,1
0.0018687515993472852,-0.007512354417950109,0,1
-3.8971905024491734E-4,-0.007975237373598903,0,1
-7.514896542421281E-4,-0.008513084334518714,0,1
-0.0013028430259394408,-0.006271125221491058,0,1
0.0013153319459620109,-0.00847001910980424,0,1
-0.0014453052103824636,-0.007973711752179459,0,1
-0.0014392681696889999,-0.005462610101171861,0,1
7.533759650888985E-5,-0.0091057658680025,0,1
-8.40756904940673E-4,-0.0070656107779871824,0,1
5.662790650422569E-4,-0.007867880020402238,0,1
0.002620734268951006,-0.008684939128601975,0,1
0.0013613772738345965,-0.008442796371349027,0,1
0.0012048140315101348,-0.007980080810224038,0,1
0.0010100936222165581,-0.007284326658823714,0,1
0.001493357102402549,-0.007967808299564576,0,1
0.0028740288188818463,-0.006662925496514826,0,1
0.002962375009718724,-0.007294441668424003,0,1
-9.71423562673607E-4,-0.007292099278146942,0,1
-0.0026102490801283478,-0.007623100910138361,0,1
0.0012676291188735535,-0.010205919256570935,0,1
0.0016197437911593389,-0.008590177197775817,0,1
-1.7033343792711877E-5,-0.007935481078228506,0,1
0.0011823700335780857,-0.005575567694950268,0,1
0.0018612660692830499,-0.0055831038434193195,0,1
-3.558916972416775E-4,-0.007827576555035689,0,1
-1.9559559591908644E-4,-0.008107675140617302,0,1
0.001771834025117379,-0.008831088515366578,0,1
2.599955803656452E-4,-0.007199505444086418,0,1
0.002710162307120765,-0.004025652386282392,0,1
0.0016110923069750903,-0.006763047137289098,0,1
0.003268929777680288,-0.010178865271514357,0,1
0.0016750945643868075,-0.007416540359072621,0,1
-0.0024111026187243327,-0.007535729753439241,0,1
-4.268417845361632E-5,-0.006657326959661965,0,1
1.102920514714546E-4,-0.00814402063575818,0,1
-8.61703691893893E-4,-0.008201742027579157,0,1
3.812286083100264E-5,-0.008111597230609731,0,1
1.0363736877926133E-4,-0.011721162489341522,0,1
-5.549824586511351E-4,-0.007802330382437009,0,1
6.55151471872666E-4,-0.0078009598953440815,0,1
3.244890614268166E-4,-0.0067996211200127945,0,1
-7.709052399515283E-5,-0.007138189915694633,0,1
1.2417486354005558E-4,-0.0066834715863410945,0,1
0.003242702686368474,-0.0072888423309759144,0,1
0.0013999825449331651,-0.007518872019369149,0,1
0.002467867374140468,-0.009608552253778798,0,1
8.535471475096695E-4,-0.008356797590104707,0,1
-0.0016492620167046378,-0.007471762832472311,0,1
7.66777325295459E-4,-0.005944590864745446,0,1
-6.643864858782406E-4,-0.0076689683906988396,0,1
0.00401714749228139,-0.008879236859773538,0,1
2.1545803792291252E-5,-0.008146681997191827,0,1
-2.222077096371457E-5,-0.006412809827046204,0,1
8.815847662674868E-4,-0.007370116085886571,0,1
4.3005373432229764E-4,-0.008343871126706672,0,1
0.0034158179492128913,-0.005696540494396846,0,1
1.3381158133627721E-5,-0.008016258943780021,0,1
-2.8624332223439947E-4,-0.009464664818849208,0,1
-7.669059413710577E-4,-0.008886552331475199,0,1
0.0014265463723764332,-0.008005705000566387,0,1
0.001852899489183045,-0.007565216165456453,0,1
-0.002262651237236978,-0.010295216816977322,0,1
-6.782044080793026E-4,-0.008614415128155261,0,1
-3.547422584687627E-5,-0.00725009315046706,0,1
8.687004978848576E-4,-0.009176164351626114,0,1
-7.282707920582222E-4,-0.008374238130917295,0,1
3.825544256577187E-5,-0.007886366085946832,0,1
-3.6565242209749286E-4,-0.0108332476742262,0,1
-1.8133025317747443E-4,-0.008648272216861862,0,1
0.0033292919591767626,-0.0055194733581333325,0,1
0.002089763140131804,-0.008302322231165126,0,1
0.0011522348726758253,-0.00837091817446406,0,1
0.0025010090815372147,-0.008453185515565493,0,1
0.0019963337450252154,-0.007416905438517731,0,1
0.0034022283639290832,-0.0066590876410647535,0,1
0.0015557354184776238,-0.0084072519281067,0,1
-5.966810348867875E-4,-0.008533193495898697,0,1
-9.084541046203124E-4,-0.007544817838087059,0,1
0.0028040944271823685,-0.008983458040968948,0,1
-4.893549543467532E-4,-0.008909504003593026,0,1
6.226873940031865E-4,-0.008113952464626909,0,1
4.379763027025847E-4,-0.00892436451599963,0,1
6.55418864654751E-4,-0.007879797856743637,0,1
0.0014089138996761007,-0.007806856213749991,0,1
6.01819867683959E-4,-0.007536649820990489,0,1
-9.450949112077091E-5,-0.011511934736400773,0,1
0.001406363297197062,-0.008740103688792066,0,1
0.004367022184273637,-0.007007046189557294,0,1
0.0022913739836271205,-0.007711794921661963,0,1
-4.923790304148635E-4,-0.011895535814015347,0,1
5.350866698790298E-4,-0.010077305724011372,0,1
-7.276212444740473E-4,-0.008061693277370717,0,1
7.61033181342232E-5,-0.008810090861893436,0,1
3.2958125545337375E-4,-0.008851053994172992,0,1
-6.98988123861268E-5,-0.009028943325189241,0,1
8.367025162628881E-4,-0.008697633675904206,0,1
-4.584668849947313E-4,-0.009882255740489952,0,1
8.48753139644044E-4,-0.008992402761773634,0,1
0.001544713947916327,-0.008064029831380775,0,1
0.0042050007226502005,-0.0064729917846829705,0,1
0.0012196381448563393,-0.00790205715973633,0,1
0.002616935346905709,-0.00934241752519956,0,1
-8.889446127108251E-4,-0.009062897580073255,0,1
-5.232201181322619E-5,-0.009103030733056133,0,1
-0.001354130231597517,-0.00727825196264418,0,1
-0.0020540066667713262,-0.006701613130619087,0,1
-8.802817924842335E-4,-0.009604347359721589,0,1
5.290765702578382E-4,-0.00935493059396732,0,1
3.367424272096834E-4,-0.009223991526872338,0,1
5.283023311619795E-4,-0.007505200889446669,0,1
-0.0017031430366879145,-0.009817960003523266,0,1
0.0010333564818807268,-0.007582903226315278,0,1
6.127563680412109E-4,-0.008640881824137726,0,1
0.0013579652279454388,-0.008316762342414762,0,1
-7.175302899972169E-4,-0.008864407578249703,0,1
-4.969006615680173E-4,-0.009652302187974488,0,1
-1.6427494140261963E-4,-0.008466514481822819,0,1
0.0013074380426957059,-0.009607710075354225,0,1
-8.792149484603764E-6,-0.00971082901243966,0,1
2.4422322260656356E-4,-0.00998206102524717,0,1
0.0028036364293909082,-0.007777542581439783,0,1
-4.1896100252653245E-4,-0.007606597077838259,0,1
4.411519225768487E-4,-0.009015846812944771,0,1
0.0022333480282075687,-0.010286913371999355,0,1
1.5605552660699406E-4,-0.008586569304759572,0,1
0.0011903085840695036,-0.008348528992567134,0,1
0.001196559984462994,-0.006589534290511792,0,1
0.002633993152872562,-0.010275665079266345,0,1
-6.421398151647876E-4,-0.009396493979788376,0,1
-6.53096063534082E-4,-0.007445085129485249,0,1
0.00107078284710825,-0.008921745121619305,0,1
0.0011423924799898687,-0.010233232644338558,0,1
0.001646120010643873,-0.009199192245581392,0,1
0.0017685757301149113,-0.008185577432158222,0,1
0.0012426580668028174,-0.008768971882881024,0,1
8.305477431143249E-4,-0.008635044872915299,0,1
0.0033734393943913358,-0.005851228514865487,0,1
0.0010041460012131206,-0.009537132780609877,0,1
-0.0015342240557040326,-0.008710210008706176,0,1
8.962036258001575E-5,-0.008815325888187828,0,1
-1.4503790873433153E-4,-0.009238218698301609,0,1
-3.291027546700638E-4,-0.008905377840655686,0,1
-3.4513511277714775E-4,-0.00790917178197411,0,1
-3.3213902863149313E-4,-0.009174632799423653,0,1
0.0010458838753976483,-0.008354477655365705,0,1
7.99007448683652E-4,-0.00858337325124118,0,1
9.377752205464647E-4,-0.0089252273267026,0,1
0.0030886292027246932,-0.007993339028689038,0,1
7.828990936684536E-4,-0.008763491123526002,0,1
-5.012256797058342E-4,-0.01153451186103571,0,1
0.0014712833917224022,-0.00995820686227158,0,1
7.530920525758342E-5,-0.009015008293621368,0,1
-5.090479467586156E-4,-0.008331822946575612,0,1
9.008661791306338E-4,-0.00951259960783423,0,1
0.0014092254530812104,-0.008041332210706159,0,1
-1.102744236655003E-4,-0.00947868566943863,0,1
0.0014758619447565356,-0.009640491650183226,0,1
0.001732907083010828,-0.008486192318018039,0,1
0.001141577465783703,-0.008949970371547057,0,1
0.0022481863933368124,-0.010812344066907174,0,1
-5.804678566122794E-4,-0.00942242787310814,0,1
-0.0026979732005627797,-0.007617996158112622,0,1
9.54893994960946E-4,-0.00864902129911119,0,1
-6.1391606343875774E-6,-0.008597814141340818,0,1
-3.3273595332065844E-4,-0.009239730259067594,0,1
6.041407503425851E-4,-0.009418569333821313,0,1
8.52737048089572E-4,-0.008809135251046613,0,1
4.175198565977303E-4,-0.009528004693844195,0,1
-0.0015093423933182609,-0.008819209912520047,0,1
0.005174390366951318,-0.008945219986954855,0,1
-4.6520137628156195E-4,-0.00947590938230495,0,1
-1.67917122815806E-4,-0.009263771538747424,0,1
-5.178005351678427E-4,-0.008220891705863747,0,1
-9.818588242311973E-4,-0.009363170188811658,0,1
4.025325322842858E-4,-0.009419437917385046,0,1
9.873379799748463E-4,-0.009530631778646551,0,1
8.50478556007474E-4,-0.009223826186310657,0,1
9.582410324004333E-4,-0.00915442290519874,0,1
6.307153477858037E-4,-0.00920624033476672,0,1
0.0011540298515556827,-0.007885157882354077,0,1
-3.23436758434379E-4,-0.009197786524708337,0,1
1.1189169400212807E-4,-0.009307888530574602,0,1
-9.40771707482045E-4,-0.009651470059110235,0,1
1.8451427175787563E-4,-0.009077878791142873,0,1
6.700035597717998E-4,-0.008544591499982856,0,1
0.0026184328624561234,-0.009566946513145701,0,1
8.875355740205112E-4,-0.009171933719437668,0,1
0.00407291346286169,-0.011222916359440761,0,1
0.0017345053226510971,-0.009285464577326624,0,1
-0.0012803831547221745,-0.00921307860944845,0,1
1.0588754760824389E-4,-0.008988553361818339,0,1
-4.977618962617256E-4,-0.008537097622979167,0,1
4.156785588007147E-4,-0.008073386505212837,0,1
6.461566216306142E-4,-0.00914889354104161,0,1
6.110852549772508E-4,-0.0083648441050087,0,1
0.0010508134977606563,-0.009037272827229962,0,1
0.0014032929867894522,-0.00982100948280217,0,1
0.002147879874956237,-0.009113947194008256,0,1
0.0025336082599638336,-0.010095070136373225,0,1
-9.555306579087797E-4,-0.008464119030079514,0,1
8.997338760134307E-4,-0.010833929835040312,0,1
-2.391916170000941E-5,-0.009015587224899735,0,1
4.97576308432327E-4,-0.01011439600885674,0,1
4.376652491487916E-4,-0.008969340506019313,0,1
0.0011918194270463514,-0.009309399133467426,0,1
0.0010880826013072494,-0.010381130314045244,0,1
3.087339604594103E-4,-0.009590558586844426,0,1
-8.599629309331808E-4,-0.009377580721960982,0,1
2.507190961250206E-4,-0.009681214733001237,0,1
-0.0015247886600445637,-0.009902332577427321,0,1
-1.8137208090569535E-4,-0.01003212082988599,0,1
0.0011073737437949066,-0.009398183092795954,0,1
6.600702675935942E-4,-0.008779647838360043,0,1
0.00128252312902643,-0.009502622232595166,0,1
3.1784517090495764E-4,-0.009428348784556782,0,1
0.0014291152048464656,-0.010604496958067611,0,1
-6.624597133937292E-4,-0.00891009378157235,0,1
1.9404242275717872E-5,-0.012745554611132942,0,1
0.0014910707778973084,-0.010520789788567323,0,1
0.0013470559308310973,-0.008850832604698699,0,1
0.0015833193187756688,-0.009780883192952778,0,1
3.045535023108219E-4,-0.009459366378175045,0,1
5.914920143559577E-4,-0.009857261467924884,0,1
3.599405471764113E-4,-0.010183315114047449,0,1
2.865267929234051E-4,-0.009182129536820415,0,1
0.001881940381608337,-0.00855276093621681,0,1
0.0021504838345993865,-0.009307765242616861,0,1
0.0014912662803702869,-0.009733586319448742,0,1
0.0014823054274262922,-0.009279144833758078,0,1
0.0015352738502603877,-0.009885485213340475,0,1
9.406777853231355E-4,-0.009762497940409743,0,1
5.349075810790956E-4,-0.008380347296008887,0,1
0.002139511124584071,-0.009313515562560685,0,1
9.413287520013117E-4,-0.008961215161197317,0,1
0.001281659666238134,-0.009934745654064778,0,1
7.48667478814945E-5,-0.009254183354801377,0,1
2.536955642436744E-4,-0.010209667427932674,0,1
0.0014489319424052726,-0.009240834737783478,0,1
0.0010713304985925868,-0.010806726481052372,0,1
9.572291389165431E-4,-0.010084920486923091,0,1
3.858171841475081E-4,-0.010394806010575054,0,1
6.539294418691283E-4,-0.010075637552438677,0,1
7.892405231943951E-4,-0.010401527486945578,0,1
0.0033636281744613594,-0.011706178608821229,0,1
5.353907250342546E-4,-0.00809652268974764,0,1
-5.684998929366788E-4,-0.01122797652853489,0,1
4.455574474756594E-5,-0.01191521642638817,0,1
0.003511242507371432,-0.010978982669887718,0,1
6.117244225241452E-5,-0.009467832722154164,0,1
4.338725883720425E-4,-0.010694909090466453,0,1
0.0018896148431218748,-0.010056731235072707,0,1
2.702254674530054E-4,-0.010149728457852773,0,1
5.55225795788191E-4,-0.010243673825782933,0,1
3.8652530923258434E-4,-0.010964848454340074,0,1
0.0011316692650592155,-0.008841115818266613,0,1
7.412940244986218E-4,-0.010183055196915335,0,1
-0.0013265742319263233,-0.011134365917608314,0,1
-0.0019619840386298337,-0.012699509128880586,0,1
5.199311306132776E-4,-0.009547115787837087,0,1
0.0019125725285914193,-0.010741422483190322,0,1
-4.784425901525538E-4,-0.013461486762864494,0,1
-2.7092383149523075E-4,-0.011706803915057483,0,1
2.438594444423681E-4,-0.011703013840613992,0,1
0.0018444698546904647,-0.011322517848838044,0,1
7.78238064211606E-4,-0.010798002513367851,0,1
7.297729223605207E-4,-0.01329274898885688,0,1
9.7512252151407E-4,-0.012905269344125723,0,1
0.0012029817081841859,-0.011953972208636032,0,1
-2.1671072074654177E-4,-0.010504510389107638,0,1
2.1299730670644066E-4,-0.009860975330635425,0,1
-0.002187665626359126,-0.011066626253186574,0,1
9.32290135813901E-4,-0.010898867063964009,0,1
0.00119232877325341,-0.01140180607564199,0,1
0.0013855460326686942,-0.010315538613872752,0,1
-6.299726755268435E-4,-0.004319642918449443,0,1
-0.0016678217451967625,-0.004465314605656795,0,1
-2.4312735388593357E-5,-0.00493526904757875,0,1
2.585541020315481E-4,-0.00778774702574421,0,1
-1.5687462447956232E-4,-0.005017464655740239,0,1
-1.9249193932214154E-5,-0.00483600542376741,0,1
4.7981106198162303E-4,-0.005217737558629178,0,1
-6.810454322150153E-4,-0.005514974271781063,0,1
0.001439427721139512,-0.004970578734751478,0,1
0.0010685443867101223,-0.006246995937472406,0,1
0.0013347732409522985,-0.00624886172696056,0,1
0.0016844828012588327,-0.007798617817456502,0,1
0.0017611424695239857,-0.0063080577121203095,0,1
0.0033189073918726835,-0.006091467102637859,0,1
0.002201332002426112,-0.006842230424972048,0,1
-2.1413718767971168E-4,-0.004886359477764476,0,1
7.030614699876623E-4,-0.006034338676512434,0,1
4.6252549642419237E-4,-0.004336721795794406,0,1
1.1807833400220235E-4,-0.005386648243124201,0,1
6.201029771699156E-4,-0.005380359814563436,0,1
1.7012624937777612E-4,-0.00442093341084785,0,1
4.1299332334822055E-4,-0.005133727131814245,0,1
0.0019320855795448768,-0.006639368923925688,0,1
0.0011372676128474076,-0.00715794228979985,0,1
0.0014411268684338234,-0.005840585625443389,0,1
0.0015118657908086961,-0.007395140233311878,0,1
0.0025704395120705937,-0.004365621299695996,0,1
0.001907388561871744,-0.009206486283773881,0,1
-0.0031474118128192595,-0.004595589336783736,0,1
-0.0012100085587857827,-0.0024994796974600417,0,1
-6.729681581376846E-4,-0.006331133323017913,0,1
1.303136473809738E-4,-0.00697286230764065,0,1
-0.001256419217690797,-0.007336790181937026,0,1
0.0012218867182552868,-0.00610626328123255,0,1
3.645721675027443E-4,-0.005513981336126332,0,1
7.609845005185918E-4,-0.0072309488214413326,0,1
0.0013249241143303751,-0.006928592600410391,0,1
0.0010102816742183455,-0.005434166817599329,0,1
0.001425363961734876,-0.006054850240447354,0,1
7.801645046525002E-4,-0.006817638647995342,0,1
0.0029343941102110403,-0.006113937125407986,0,1
-1.5400820120474433E-5,-0.005215197082184825,0,1
-0.0036071671985306187,-0.004263532076199304,0,1
0.0012877940875768836,-0.005655784564403818,0,1
-0.0013072352160398545,-0.0023009376354499807,0,1
-0.002100295772684697,-0.005690661984864667,0,1
0.002351536489722923,-0.006411427767506618,0,1
-5.77400137488528E-4,-0.003444858749731457,0,1
8.744125738422687E-4,-0.006454448755898669,0,1
0.0014092582359560744,-0.005507182773223185,0,1
-0.001464303288418731,-0.005241776567115582,0,1
-5.991400405543548E-4,-0.00916083763344383,0,1
3.1466897214788025E-4,-0.005881602738525299,0,1
0.0019846687455074598,-0.0069290457602340805,0,1
2.964473066274614E-4,-0.00470649043976745,0,1
-7.41705877238438E-4,-0.004905661763736322,0,1
-7.396459562530255E-5,-0.0054596810290276,0,1
-3.115725835077445E-4,-0.004943143226793166,0,1
1.5899939550362803E-4,-0.006018188347979947,0,1
-0.0010029368122113538,-0.0052409290222243015,0,1
4.0766838671493603E-4,-0.0056583498814544685,0,1
4.633538777937478E-4,-0.005640104479631899,0,1
5.840072523112653E-4,-0.005968009543247141,0,1
0.0011289014239101564,-0.006641927754064318,0,1
0.003854852985420648,-0.0052074930786600825,0,1
2.1331853489196716E-4,-0.007869568584399056,0,1
-4.248062749474635E-4,-0.005407235128371153,0,1
-5.123701598294435E-4,-0.0049716470918378984,0,1
4.063959097184447E-5,-0.005495155198944469,0,1
1.692327625052619E-4,-0.00540707681426987,0,1
0.0037849331847295774,-0.006482881742758449,0,1
0.0015889630087062528,-0.005001940222773089,0,1
9.982848042076325E-4,-0.004235935455984911,0,1
0.0017936464372659252,-0.007500084050016638,0,1
0.0033084742806415526,-0.007439995019390725,0,1
8.965297775070495E-4,-0.006440051084010496,0,1
9.832779096293517E-4,-0.006957917052195015,0,1
0.0016557339702318093,-0.005338211021144115,0,1
-7.979165715382707E-4,-0.005050623902618767,0,1
0.0010818685500819866,-0.0067064418173603995,0,1
6.802302531137038E-4,-0.0055684467187291095,0,1
0.0020776164601113032,-0.00530283423792902,0,1
-0.0019326460955589864,-0.005119826446406158,0,1
-1.3565325455779038E-4,-0.005654321519895378,0,1
2.3725649396330934E-4,-0.007600524690032603,0,1
6.598386522739992E-4,-0.0066602875467139866,0,1
0.0031145126267577666,-0.006123553473033724,0,1
0.0018259503567181158,-0.005642256360255195,0,1
0.0015799039952575002,-0.007915076247739964,0,1
4.0805180515426974E-4,-0.008269421043983469,0,1
3.7210317573188183E-4,-0.004125822544930198,0,1
-0.0012227918848142889,-0.003655683507386007,0,1
3.013266324571867E-4,-0.005799757685542472,0,1
3.5248218130286914E-4,-0.005806036379292335,0,1
0.0019025090080867421,-0.006823755213820666,0,1
-6.451896825838905E-4,-0.0068326581735753305,0,1
-7.209219148384636E-4,-0.004546607131407552,0,1
0.003287433318843921,-0.007646708794804345,0,1
0.001422532469611933,-0.006590365084497812,0,1
-2.3879021506252279E-4,-0.006117136084114806,0,1
-4.00021209418543E-4,-0.005515941131076371,0,1
-7.191447697549425E-4,-0.006228756586533896,0,1
-0.001084926526781843,-0.006640961111720339,0,1
4.634213672975683E-4,-0.0055854513653353964,0,1
3.3123509396000366E-4,-0.0066081316666483534,0,1
1.3681332195713153E-4,-0.006380755691495704,0,1
1.7639191757027486E-4,-0.007388831325304707,0,1
0.0019934478112387704,-0.008776062968984326,0,1
8.99079370807236E-4,-0.0069324923362040925,0,1
1.7120169558256556E-4,-0.005914224967050989,0,1
-4.261077666821422E-4,-0.0053538139193469595,0,1
-0.0013033472731548018,-0.006342400957487425,0,1
4.613423123187569E-5,-0.0053157564692361435,0,1
3.35458177630533E-4,-0.005930679539990247,0,1
9.43332273056066E-4,-0.007262729592097091,0,1
0.0012509281936232662,-0.008396291271837471,0,1
4.894471068010551E-4,-0.006178096847941337,0,1
0.0026155736244923827,-0.008295971999203186,0,1
0.0013398697144521947,-0.007862427547165169,0,1
1.543214018606264E-5,-0.005193064717628274,0,1
-6.072688473634764E-4,-0.00585243463257087,0,1
-5.524982151482212E-4,-0.006008894703663459,0,1
-7.329915183072489E-5,-0.006029811899259654,0,1
2.7071615392103336E-4,-0.0066935101799998325,0,1
4.6139394971008883E-4,-0.0052309737663265915,0,1
0.0017756279188101362,-0.006280234818661768,0,1
8.34864128240666E-4,-0.006350799255295428,0,1
9.330757364978779E-4,-0.007154504019331726,0,1
-0.001803121553637284,-0.007070403628582304,0,1
-0.002061430625463982,-0.002799881893537552,0,1
-2.0492672305169967E-4,-0.007441596079744643,0,1
-0.002044722450278865,-0.00454595879797264,0,1
0.0019186387559733638,-0.005920902946651957,0,1
0.001083817311964696,-0.005772313474369978,0,1
2.4940597478026206E-4,-0.006143475235291811,0,1
0.0011885238404206826,-0.00677519434144863,0,1
2.9882303459665213E-4,-0.006887615125747922,0,1
-0.0025757154514073426,-0.006680050744854612,0,1
-4.048488751816042E-4,-0.00564116491848465,0,1
3.0194855022601196E-4,-0.00517807005835041,0,1
-4.971658965942751E-4,-0.006473312347919087,0,1
-0.0015616552509173643,-0.006939671096385579,0,1
-9.394241380031597E-5,-0.005628022377638818,0,1
-5.095781951183816E-5,-0.007460620417939108,0,1
0.0011872500107317743,-0.008720762477216948,0,1
7.173544578187798E-4,-0.006447821261656633,0,1
1.8393481832563684E-5,-0.006392020743167077,0,1
-0.003955695406646781,-0.0051863264228441085,0,1
-0.0011104363330875435,-0.006478793680701941,0,1
2.63912943760926E-4,-0.006116395416029374,0,1
-5.2697681388874686E-5,-0.006418803752921078,0,1
0.001117074610593195,-0.007913226597129851,0,1
-0.0023644177691668593,-0.006050150154895013,0,1
8.062464307669215E-5,-0.0063876934016099856,0,1
-0.0012739189647365604,-0.006234131837695012,0,1
-0.0013248959301118944,-0.005503550480145361,0,1
-4.493658283279177E-4,-0.006923157678185407,0,1
-5.613213283735092E-4,-0.005772618730144348,0,1
-5.425366817403757E-4,-0.0068925969761474085,0,1
-3.3118038916166246E-4,-0.006660453999943614,0,1
4.875942872139287E-4,-0.007042460380497865,0,1
-0.0012085380373156476,-0.005940820865346202,0,1
-2.2889643093411735E-4,-0.004263446279112744,0,1
-4.172115712224614E-4,-0.006511466317577439,0,1
-9.88862015522658E-4,-0.006766799657441479,0,1
8.301108034685303E-4,-0.008528989086166084,0,1
-0.002209212016049784,-0.008389186956878797,0,1
-0.0015463902069931454,-0.008420820737949085,0,1
-4.0996542102597475E-4,-0.006395240756381382,0,1
-4.6327139214872654E-4,-0.006147286569808436,0,1
6.939304999227445E-4,-0.005906344806114955,0,1
1.2119596769144147E-4,-0.006450520271876951,0,1
9.668391543540009E-4,-0.005724115123400458,0,1
3.3593495746429483E-4,-0.007695533210362976,0,1
-7.328728400383209E-4,-0.007218054154057735,0,1
-0.0022106253699486892,-0.00620752625295647,0,1
-7.387909159610897E-4,-0.005805578180753305,0,1
-5.859878374060806E-4,-0.0062495464171225335,0,1
-2.667155027815269E-4,-0.00716198826228979,0,1
2.79801196060113E-4,-0.007576708388823617,0,1
-0.001909293317199941,-0.007701379231764389,0,1
-6.597278689732837E-4,-0.006676840610255716,0,1
0.0010136829218562204,-0.008269579753850155,0,1
4.726275493524897E-5,-0.007255279843321099,0,1
7.108505209579608E-5,-0.008470323417613128,0,1
-7.834907173598597E-4,-0.007322398070230506,0,1
-8.978106019489029E-4,-0.006882580090705528,0,1
-0.002285906366769517,-0.004531924789118074,0,1
3.3409002399161994E-4,-0.0059329966959703745,0,1
0.0019251646003107725,-0.0072541417776965655,0,1
9.280307359927113E-4,-0.0080697335317436,0,1
-5.243796415257254E-4,-0.005685734016171862,0,1
-8.978932841050725E-4,-0.005933066278323953,0,1
-0.001366287396969168,-0.0065830354022189804,0,1
-0.0016200729916212105,-0.007079734795942118,0,1
-0.0015170424375609746,-0.0060585708403681085,0,1
-1.546507511172847E-4,-0.006250337636207404,0,1
-7.121900058116421E-4,-0.006570489110968649,0,1
-8.799949732505651E-4,-0.007304048909301079,0,1
-0.0010885469287825861,-0.006323219459116768,0,1
-0.0020841535693509002,-0.007788891135636515,0,1
-0.0016105795065828085,-0.007372647317179396,0,1
0.0017303972452026978,-0.008842420143560919,0,1
-8.397710590666272E-4,-0.007020848356927786,0,1
-0.0011150337856816023,-0.006946111644188653,0,1
-1.0884754737510258E-4,-0.007723641413040921,0,1
-0.003338471251190157,-0.009482958830944025,0,1
-0.0012630705772611074,-0.006870242616789396,0,1
-0.002126421175465229,-0.007617909763598564,0,1
-0.0020948359275423595,-0.006859382890362942,0,1
-1.459247022931221E-4,-0.007913928448183864,0,1
-0.0010062942773942174,-0.006961645664160187,0,1
-0.0010662743748761927,-0.007196575514507688,0,1
3.146697722131266E-4,-0.005370660088998541,0,1
-0.002527857735000938,-0.00469159111164282,0,1
-0.00358032700443869,-0.005454195119599487,0,1
-0.0027171289527804588,-0.005055224953915677,0,1
-0.0019039481559580617,-0.004205250285481914,0,1
-0.002355465963304775,-0.0033109107758074524,0,1
-0.004736345978736126,-0.005112793158032619,0,1
-0.0011752956078695585,-0.005499895261117066,0,1
-0.0016466485584606084,-0.003689695909909479,0,1
-0.0029851623182903545,-0.00376444891749106,0,1
-0.001014049295654512,-0.004357661658166206,0,1
2.6564206220752425E-4,-0.002879044164720605,0,1
-2.4306999625675756E-4,-0.004939932996205844,0,1
-0.0023880215049616313,-0.004887239135343296,0,1
-0.0016147643020798506,-0.005315434472478559,0,1
-0.00198923291887698,-0.004479256978949015,0,1
-0.002247878771271069,-0.005505056849325306,0,1
-5.668960217529082E-4,-0.004850077564228534,0,1
-4.335198043352398E-4,-0.0037602271103856695,0,1
-0.0012006527539459415,-0.004776675047543816,0,1
-6.904841628427172E-4,-0.005198688376630184,0,1
-0.003541128607232853,-0.0037557603080472252,0,1
-5.21153194346365E-4,-0.0048764921199385535,0,1
-0.001624686766060139,-0.0049402127577602385,0,1
-0.0028282899853150772,-0.0037413714096165376,0,1
-0.003073680713045413,-0.004936400633559365,0,1
-0.0010313533752341483,-0.0030449009674881162,0,1
-0.0020291758476799716,-0.0050310024440757255,0,1
-0.0013834084240438723,-0.00493811900686363,0,1
-1.5422902474099878E-4,-0.0028879845443994267,0,1
-0.0011573511845607474,-0.0052335165724816685,0,1
-8.023882007261632E-4,-0.00480786374940195,0,1
6.599837693556913E-5,-0.006206908439854281,0,1
-6.421199228402527E-4,-0.0050379761496989126,0,1
-0.002180210404198798,-0.004978157216805315,0,1
-0.0017241463400411152,-0.004309968491426407,0,1
-0.0019473756395938567,-0.004833748775718541,0,1
-0.0018766805089717017,-0.00635040963343819,0,1
-0.0013864359422510763,-0.005426144064028423,0,1
-0.0017709917296137305,-0.006873088315824589,0,1
-0.0010708658095514888,-0.004647667301280301,0,1
-0.0018638137127438563,-0.002075310048622409,0,1
9.575186739244115E-4,-0.0070030602997645025,0,1
-0.0015345198494957782,-0.0060439680396914995,0,1
-0.001830318127456445,-0.006450669907782709,0,1
-0.002079855138605193,-0.005040718987509467,0,1
-0.0033727895623981044,-0.006397113015099169,0,1
-0.0015682641806868682,-0.004977968293863444,0,1
-4.765931928766507E-4,-0.005936524341099783,0,1
-0.0013192861707088666,-0.0046547919913312395,0,1
-0.0019818406306911277,-0.005053757154796796,0,1
-0.0022843258979971066,-0.0016886275313674629,0,1
-5.160696443247617E-5,-0.0040070954700505345,0,1
-0.002254763556935106,-0.0039948567616877395,0,1
-0.002692438935543091,-0.004963681812755699,0,1
-0.00179594072815077,-0.00487592182363595,0,1
-0.0013589627502015702,-0.005685818541947229,0,1
1.410598754965837E-4,-0.007250838902277372,0,1
-0.0020325208894482233,-0.005334647349167822,0,1
0.0019365549063935956,-0.00440456394378845,0,1
-0.001310196936536302,-0.005231173268529108,0,1
7.896073076433057E-5,-0.005082363072540314,0,1
-0.0016534861571570385,-0.0032216193266836803,0,1
-0.00597776266638108,-0.005325755984836012,0,1
-0.004812827141929902,-0.0035850084521821496,0,1
-0.0024215010776314164,-0.0039147170479309785,0,1
-9.593410190023454E-4,-0.005154217388379494,0,1
-0.0012540439308699578,-0.004650958179929449,0,1
-2.930433940344866E-4,-0.004151995533297049,0,1
-5.081736607796635E-4,-0.004437974031506965,0,1
-6.681967200375973E-4,-0.005299118487301602,0,1
-0.0017617104186539731,-0.0050922700499336305,0,1
-0.0032794798008609883,-0.007846238531702932,0,1
-9.312555935993749E-4,-0.00505336405659721,0,1
-1.309145791966794E-4,-0.004713018977624882,0,1
-0.0036853433391222986,-0.003415696490519836,0,1
-6.892314322076625E-4,-0.005311961261859282,0,1
-0.002624323716659312,-0.005241084362788254,0,1
-8.435999440647718E-4,-0.005711476653117175,0,1
-0.004145988042850039,-0.007469783308893468,0,1
-0.0015951037639938205,-0.00474512744796609,0,1
-3.8006128552506746E-4,-0.005371206250707087,0,1
-0.001229228221351388,-0.004875376795309971,0,1
-9.364203635347459E-4,-0.006967601771541446,0,1
-0.0012919914413889017,-0.004880719817467822,0,1
-0.002105399338087841,-0.005080467175330236,0,1
-0.0027904916061141176,-0.004314809973544031,0,1
-0.002120679356340365,-0.004573029913028522,0,1
-0.004772564919326954,-0.0033891106873521052,0,1
-0.0019020244450004117,-0.006221992507499236,0,1
-0.0012068112404455208,-0.006699141044361563,0,1
-0.0012815562813823676,-0.005133793084770999,0,1
-0.0010466137990831441,-0.005667560874892576,0,1
-0.0026496086981896783,-0.00597730490695599,0,1
-0.005403675928931203,-0.0058922429633390516,0,1
-0.0024125698066600663,-0.004537549925513092,0,1
-0.0015591125285770774,-0.004926284904983223,0,1
-0.0020478071022696043,-0.005320258769338756,0,1
-0.0011587473000582813,-0.006417709129928517,0,1
-5.389875104997503E-5,-0.006130121094016793,0,1
-0.002837316600262582,-0.006221861608079512,0,1
-0.0028905171923216044,-0.006449853557280435,0,1
-0.0013354621881208515,-0.005530584234982687,0,1
-0.0014145866579512477,-0.005823119026858137,0,1
-9.600929161761737E-4,-0.007789219937441147,0,1
-7.755889283841796E-4,-0.007184481010547746,0,1
-3.139413233202985E-4,-0.005303949844887925,0,1
-0.0023418226910276517,-0.006360467387659682,0,1
-0.001878854031625099,-0.0032854254158277306,0,1
-9.412326807070551E-4,-0.005369903524936833,0,1
-2.098229369957401E-4,-0.005680523850360658,0,1
-0.0020098016785810935,-0.007003875881575881,0,1
-8.608187686091943E-4,-0.00594754189782887,0,1
0.0018145392944785392,-0.005847710229427958,0,1
-0.0012320569696010503,-0.006546148462885315,0,1
-0.002322796619322135,-0.004848548963796048,0,1
-0.0016770462848731441,-0.005942571898253706,0,1
-0.0012416246770818608,-0.005122439256846745,0,1
-2.602449219661748E-4,-0.006534950493510351,0,1
-0.002215430282233653,-0.006354380986878283,0,1
-1.214304917153269E-5,-0.0055164400638701835,0,1
-0.0045844400615789125,-0.005555890826970547,0,1
2.1889041765722227E-4,-0.005731653107285453,0,1
-0.0017480275394940801,-0.005415435566077318,0,1
-0.0014574711572604203,-0.006119273014652048,0,1
-0.0016689620966106973,-0.006703301846244012,0,1
-3.7863029179459817E-4,-0.006650287138814923,0,1
-0.001079253247689727,-0.005860685080232528,0,1
-0.0024707129976006856,-0.006746315626232438,0,1
-0.0015132740784586898,-0.0057445185599997554,0,1
5.224427482662201E-4,-0.006470384925570441,0,1
-0.0011147394562032648,-0.0063010925953690755,0,1
-0.0011113267688894783,-0.0071280387947015925,0,1
-0.0012731347294310676,-0.006316399544693994,0,1
-0.0013489037529727788,-0.00697803397621934,0,1
-0.0016166947417781258,-0.005610529836018604,0,1
-0.003162678495441282,-0.009270231438449085,0,1
-0.0012913758894883072,-0.0064529621088419715,0,1
-9.995964058425206E-4,-0.005065791301114706,0,1
-0.001178278368442381,-0.005592183711894092,0,1
-0.0021427408460141253,-0.007975843385694306,0,1
-0.002479500742136787,-0.006586804537444563,0,1
-0.0016677758301538207,-0.00671346266237641,0,1
-0.0011195707169936047,-0.006761998347112223,0,1
2.39100433920928E-4,-0.005586248970748064,0,1
-8.42555651438818E-4,-0.00649352477992931,0,1
-0.0016380912110058499,-0.007101378247356602,0,1
-0.00115878035335609,-0.006229427190563794,0,1
-7.7660860759325E-4,-0.008285333175580755,0,1
-0.007037297310606918,-0.009169118255927157,0,1
-0.008845651708128593,-0.008455583154167882,0,1
-0.0070580881685164245,-0.007919201761900422,0,1
-0.00862655590265315,-0.008711154344087537,0,1
-0.0063806155546594235,-0.007540325491748503,0,1
-0.0073281615517128374,-0.006881895921592392,0,1
-0.006537491219282679,-0.0076536399360580066,0,1
-0.00706243954162574,-0.00831972615900554,0,1
-0.006899691171682491,-0.008218007897900613,0,1
-0.005837827243973466,-0.008535955226886192,0,1
-0.0060639573151814626,-0.008156385905485975,0,1
-0.006750054287968893,-0.00687470997735219,0,1
-0.00561375450115324,-0.007650071346469005,0,1
-0.004941015705378438,-0.0076806423466985255,0,1
-0.008901509517868979,-0.006636129499643943,0,1
-0.00367650336189273,-0.006535089449880512,0,1
-0.0045597099513755585,-0.006648063106107413,0,1
-0.005132502034883754,-0.006864767531912927,0,1
-0.004570713511031754,-0.007000185658415748,0,1
-0.004877501656127981,-0.006796078213547548,0,1
-0.007493202007729875,-0.008568673751572253,0,1
-0.007464101521197602,-0.007456144221791698,0,1
-0.0055115915530984,-0.00807270929293574,0,1
-0.007482624894027027,-0.008879737664524618,0,1
-0.006691169147549693,-0.009184440225812466,0,1
-0.006287198539536239,-0.009191948350612768,0,1
-0.006253560637148717,-0.00686407494497797,0,1
-0.008130624378280944,-0.007146321821736919,0,1
-0.006947712556234422,-0.00709500320517649,0,1
-0.005594859043042916,-0.008229535889240136,0,1
-0.004856284083709942,-0.007578901133893621,0,1
-0.005516781292916198,-0.00574963160248451,0,1
-0.004984709306729887,-0.007539299401408734,0,1
-0.004505851043740773,-0.007310505799162241,0,1
-0.004324033261170032,-0.006156558801179117,0,1
-0.005618558587213819,-0.007530096393447242,0,1
-0.005186559929389111,-0.008081196220234276,0,1
-0.005513832507735254,-0.0065456694415098925,0,1
-0.0062540855973191095,-0.008647129909142648,0,1
-0.007421613907241931,-0.009704813571985186,0,1
-0.007127093482403743,-0.008817366218323582,0,1
-0.007447382127489186,-0.008268579404520283,0,1
-0.006279526790212149,-0.008309571705758939,0,1
-0.006860934318272099,-0.008555855884988672,0,1
-0.005739683254432485,-0.008677433213085662,0,1
-0.006316569295072404,-0.006950779222998914,0,1
-0.006681147516046073,-0.007526033700280569,0,1
-0.004801450184486865,-0.008819915721492643,0,1
-0.0060532086278219654,-0.007837366908290629,0,1
-0.0057551565873777384,-0.008105459484450577,0,1
-0.00547438126008891,-0.007630919411874308,0,1
-0.005008769132339132,-0.007175053881902664,0,1
-0.005136767926492149,-0.007104042296534425,0,1
-0.006191328149678613,-0.006941092407569899,0,1
-0.005705280471808298,-0.007830330585168186,0,1
-0.00459024418988791,-0.005858132352583321,0,1
-0.0070025445860142305,-0.009105660968109995,0,1
-0.0084939553257302,-0.008813603988207472,0,1
-0.008175688794759372,-0.00843814865472322,0,1
-0.006959784003043987,-0.008596616888200572,0,1
-0.004642967559036323,-0.005580702176815929,0,1
-0.00715377909859302,-0.007009231565561517,0,1
-0.004723510500923208,-0.008756575551285065,0,1
-0.0061848163542554185,-0.008091208782564188,0,1
-0.005305331562804234,-0.007987681457546802,0,1
-0.007195559747422503,-0.007137294464088667,0,1
-0.006560083510537477,-0.00799842596522203,0,1
-0.005451064216853483,-0.008044417702234937,0,1
-0.005313311028832351,-0.0063887205459811055,0,1
-0.0055275336654633895,-0.007386925011135744,0,1
-0.004532780748159338,-0.007281283142532405,0,1
-0.005192641749016571,-0.006979849728448984,0,1
-0.0042831339573480955,-0.006046184168125575,0,1
-0.007959426764390265,-0.009413575305652983,0,1
-0.007803458118497005,-0.008981997628900198,0,1
-0.007238818093611696,-0.008885454515699465,0,1
-0.007655178674411545,-0.008353353409826729,0,1
-0.006160090642455987,-0.007886816347294788,0,1
-0.006588893613584476,-0.008133450183935357,0,1
-0.006684555440836948,-0.007899417234939587,0,1
-0.005476597591005045,-0.00905481795740876,0,1
-0.007189466178177925,-0.008673234087338324,0,1
-0.007711364476399282,-0.007047597972179171,0,1
-0.004607992045272519,-0.007357489027297129,0,1
-0.005745479741415256,-0.007848222393701849,0,1
-0.005448005489634461,-0.007157507057597409,0,1
-0.0030422799690697647,-0.006882256772584026,0,1
-0.005886953006194916,-0.006997250376868083,0,1
-0.004241003705037336,-0.007062817327239411,0,1
-0.004969445188055515,-0.007252504687477367,0,1
-0.004977165563116201,-0.006606063421727374,0,1
-0.008298334991746856,-0.009511557934329866,0,1
-0.0075748432630150355,-0.009659575478184915,0,1
-0.00637290954256748,-0.009303049541656954,0,1
-0.010462506167635844,-0.00853847452023283,0,1
-0.007888131846783584,-0.008622674441864417,0,1
-0.005871439285537015,-0.007995478455608426,0,1
-0.0035303865380704913,-0.00594137805296309,0,1
-0.0067514805904185975,-0.0067164543757554165,0,1
-0.006734794691346615,-0.007789964769181948,0,1
-0.005515552751780855,-0.007994559337021366,0,1
-0.005098550022481099,-0.007569265338724659,0,1
-0.0063639282548451056,-0.007022836070507962,0,1
-0.005811484164606095,-0.007709338727365977,0,1
-0.006417819055113438,-0.00703831188453192,0,1
-0.004111374252662618,-0.007477334889257039,0,1
-0.005111574163735419,-0.007375338020190056,0,1
-0.008549899075714275,-0.01018870701250295,0,1
-0.0073834542894682335,-0.008605258768918805,0,1
-0.008180227477710982,-0.009438659653902986,0,1
-0.006684568666341066,-0.00881246229651061,0,1
-0.007021037216644025,-0.008841445103551749,0,1
-0.006673135085068331,-0.009478825185920125,0,1
-0.0062018439648760726,-0.008428745878559843,0,1
-0.006396160964246201,-0.008267079994203532,0,1
-0.005712999253052538,-0.010161631418264492,0,1
-0.0055508551741182055,-0.008292620992389074,0,1
-0.0051440118527434995,-0.007878163029603301,0,1
-0.005137693654603238,-0.008551520082604378,0,1
-0.004678623454247659,-0.007334669886930073,0,1
-0.005301122222573271,-0.008032888216868744,0,1
-0.004224842073227663,-0.008231317588746458,0,1
-0.004720405265166681,-0.007425074203337541,0,1
-0.006613071460054196,-0.007936015521434941,0,1
-0.007273472424339038,-0.011251837954283745,0,1
-0.003320946303772683,-0.009578240976787104,0,1
-0.0065179085082251245,-0.009001508620166649,0,1
-0.007226960614514657,-0.00859044477423873,0,1
-0.006621400940545607,-0.00841666509315972,0,1
-0.0032881147275372535,-0.009186939765814637,0,1
-0.005732234121881259,-0.008249429356912063,0,1
-0.006311123026554754,-0.007324823847389711,0,1
-0.006394502110926035,-0.007684763914466313,0,1
-0.005781778358212234,-0.008912096683320627,0,1
-0.007318482255286002,-0.006496370881633941,0,1
-0.005396028729681564,-0.006742760317063336,0,1
-0.005103003433374074,-0.007395928988445822,0,1
-0.003476802224017673,-0.006238295120100091,0,1
-0.004510890770641982,-0.007778718378688601,0,1
-0.006835259396807078,-0.0088303627267694,0,1
-0.006624854750072852,-0.009411473531694078,0,1
-0.006002295699565425,-0.0075915465255953505,0,1
-0.007062444023171863,-0.008856585583976426,0,1
-0.006200190275323984,-0.009096505983626414,0,1
-0.006529231734378534,-0.00859612245692459,0,1
-0.005910928548827664,-0.008445662662533323,0,1
-0.004523107224340437,-0.00828178792145289,0,1
-0.005785425994531131,-0.007242987913988197,0,1
-0.0055207467597274094,-0.008093719410957847,0,1
-0.005747839848796316,-0.008316485908672245,0,1
-0.005188997463007086,-0.007535438105274257,0,1
-0.004833643707431063,-0.007777356391369881,0,1
-0.0041883140273481076,-0.006747249008718755,0,1
-0.004076247450487542,-0.00799176575813733,0,1
-0.003868489169274214,-0.00661749402816329,0,1
-0.006159895702507375,-0.00870160839646394,0,1
-0.006703381078975713,-0.007307850887502754,0,1
-0.007833211964015289,-0.00880654883726321,0,1
-0.004715465467592795,-0.011303076916363442,0,1
-0.005894772512664385,-0.009220738491956475,0,1
-0.0071947912516188315,-0.009558248003335015,0,1
-0.004840840134516143,-0.007694462375408628,0,1
-0.0053732777463643125,-0.008408959876700815,0,1
-0.0053016198677000165,-0.008104690341883455,0,1
-0.0029822340246566915,-0.008111703923604533,0,1
-0.00510408193301326,-0.007479093840738226,0,1
-0.00509896452354046,-0.00903163599422534,0,1
-0.00491634059982726,-0.008495405183177904,0,1
-0.004165463259278569,-0.007007933524337567,0,1
-0.006168791511955506,-0.010262430695935082,0,1
-0.0062580556151918066,-0.008236066825216997,0,1
-0.006655288561655915,-0.007854562009082855,0,1
-0.008823254513123038,-0.011724964624147835,0,1
-0.006809777393436802,-0.010752528708868433,0,1
-0.005689412211996951,-0.009854622609035451,0,1
-0.006127242081005146,-0.00960102861841436,0,1
-0.005715299313783535,-0.008674772049244002,0,1
-0.005490438769184491,-0.008300722482798676,0,1
-0.005393734255279391,-0.008967886386265545,0,1
-0.005700752094019294,-0.0077831688166017645,0,1
-0.004964900633591341,-0.007669654079812625,0,1
-0.005197520721438077,-0.009398557520533984,0,1
-0.005995911778959832,-0.008013201597632356,0,1
-0.005103195348767013,-0.0076831895702691244,0,1
-0.008137058643249982,-0.010374234098525099,0,1
-0.005946444713167369,-0.008571778334721683,0,1
-0.005974806764971966,-0.00886593645114005,0,1
-0.007418701406423933,-0.011411998198146278,0,1
-0.0063916654189691575,-0.009209211912103285,0,1
-0.005885857004208675,-0.008910142722790188,0,1
-0.004715849583631693,-0.009008419644016264,0,1
-0.0043909890221375866,-0.008219541776656975,0,1
-0.0062871258939249134,-0.0071855559703934615,0,1
-0.003847580353817395,-0.009001325375011896,0,1
-0.00490072427365943,-0.008558977571096669,0,1
-0.0036998679735095203,-0.007875133223483701,0,1
-0.005072904474025853,-0.008214424376907944,0,1
-0.005378648652733749,-0.008643160458039348,0,1
-0.005890160794701979,-0.008924144661085803,0,1
-0.006223688950206489,-0.008729819573691896,0,1
-0.006340074754123669,-0.008585571627769172,0,1
-0.006194236109722316,-0.009038463256145688,0,1
-0.005633474282095488,-0.00873008061755171,0,1
-0.005891927719468726,-0.00880363861187883,0,1
-0.005623346014169853,-0.008183204371211719,0,1
-0.005821667245591851,-0.00919257336221176,0,1
-0.006280091806693593,-0.007464655604287784,0,1
-0.005746162197101571,-0.008368624149407986,0,1
-0.004649450480897782,-0.007776133894833315,0,1
-0.004544345581836462,-0.0070099029752268924,0,1
-0.004324143384961344,-0.007288157574722237,0,1
-0.006070831776515283,-0.007798303962377487,0,1
-0.008089421047943643,-0.008182944157169263,0,1
-0.006032822777315301,-0.008715597296047347,0,1
-0.007372354920577609,-0.010358076176279,0,1
-0.004947351650824817,-0.008899037048321727,0,1
-0.005149921749772264,-0.009658023956630705,0,1
-0.005155182113276146,-0.007879251892053565,0,1
-0.005196580782016814,-0.009959583214787009,0,1
-0.005270938368485301,-0.00814977985567602,0,1
-0.004983668782993048,-0.006663796779113922,0,1
-0.004778463378036267,-0.008086245599711482,0,1
-0.003449335458445343,-0.010445264209382193,0,1
-0.0029880266982215777,-0.009033506990694882,0,1
-0.006007043563185481,-0.009424705677624996,0,1
-0.005860852806726226,-0.009320442799907408,0,1
-0.00598896692823263,-0.011645410333057674,0,1
-0.0030723949931937816,-0.010964416902849963,0,1
-0.006447498575829232,-0.006683592971980643,0,1
-0.005841084397980835,-0.007682188405700394,0,1
-0.006177036613324267,-0.00879899346761318,0,1
-0.005225982282403308,-0.008737170111005171,0,1
-0.0032964623089276764,-0.005272182453858088,0,1
-0.003976118255487589,-0.008127985660988856,0,1
-0.0050444883976831995,-0.0076149623393003485,0,1
-0.003521181853914867,-0.008658717083412421,0,1
-0.005041992705649717,-0.008813976270979353,0,1
-0.004888754798449179,-0.009346708772976893,0,1
-0.006892376769400954,-0.009145978112636354,0,1
-0.005432176110594794,-0.010216167412327124,0,1
-0.004357655603404572,-0.008726545294067663,0,1
-0.00559127470879603,-0.009060756512327312,0,1
-0.005461951175672026,-0.008506026478319315,0,1
-0.0048996221579185985,-0.010059211020655674,0,1
-0.004704061170566497,-0.010831520151483797,0,1
-0.005311553084648175,-0.007843234729282474,0,1
-0.0049765404043193755,-0.008123534963720461,0,1
-0.0046729451842375345,-0.00826493914009543,0,1
-0.004865739446658511,-0.008379047125802603,0,1
-0.005335696254251011,-0.009601427950324242,0,1
-0.008229161362793894,-0.00933134051366205,0,1
-0.00533371966348408,-0.009336379183073718,0,1
-0.004910865609567509,-0.008551430553126734,0,1
-0.005017658569079133,-0.00914279834302762,0,1
-0.006565229069963106,-0.007501018343890292,0,1
-0.005962196322956629,-0.008609114425436527,0,1
-0.004534973724405416,-0.008254212474360088,0,1
-0.00510019620857413,-0.008969061242792096,0,1
-0.003961897751485348,-0.009815541134844553,0,1
-0.004404805084723085,-0.009439850047279718,0,1
-0.00621770616972157,-0.008839040676379627,0,1
-0.005063691502158412,-0.009155481899162803,0,1
-0.004832874384572143,-0.010859429823713755,0,1
-0.006225339275597375,-0.009041930200596968,0,1
-0.004410159536560836,-0.01013618057358091,0,1
-0.0037053192288424826,-0.007216152887922624,0,1
-0.005161728938321066,-0.00888776889439308,0,1
-0.0051389782206250935,-0.009217976584229536,0,1
-0.004798189500514364,-0.008628372002365603,0,1
-0.005045356414132113,-0.011141543115570222,0,1
-0.005005615515457081,-0.00882866177291252,0,1
-0.006013649704626527,-0.0082928853428906,0,1
-0.005468955626167564,-0.009301746446277718,0,1
-0.006249008394865626,-0.009732891352187002,0,1
-0.005489118438750097,-0.008795501450444157,0,1
-0.003984591987909157,-0.008425551560121633,0,1
-0.004982561389004935,-0.009079956074879653,0,1
-0.00479291238945009,-0.009450557079398075,0,1
-0.005532391636172995,-0.009119761807216287,0,1
-0.005652708746405169,-0.008780356424843526,0,1
-0.0048877986232661935,-0.007586804123286955,0,1
-0.002528918206359586,-0.009964192252407507,0,1
-0.004804026597091205,-0.007875437787728957,0,1
-0.005398344283890947,-0.008944941995572664,0,1
-0.005753447746143931,-0.01025923349552116,0,1
-0.0041817990019388344,-0.009808183337748399,0,1
-0.003250222464950398,-0.010372201975124314,0,1
-0.0046855526982586115,-0.008403978476779069,0,1
-0.003790108902657045,-0.009120273112301219,0,1
-0.005010772458162774,-0.010304500278803731,0,1
-0.00496929901045798,-0.007471646916413419,0,1
-0.0038698890053144304,-0.008675555144283862,0,1
-0.00578955238333232,-0.009807563150736942,0,1
-0.00628152223194447,-0.011930346159150366,0,1
-0.006823240585093876,-0.011675467639077982,0,1
-0.00511157645124805,-0.00842174296895623,0,1
-0.006320893300472761,-0.01194058536962294,0,1
-0.006094509199560542,-0.009179574309863256,0,1
-0.0057130526149858155,-0.007903161010000747,0,1
-0.004905567446446178,-0.00948576720187636,0,1
-0.004819081761222941,-0.008823690934363719,0,1
-0.006727897581168745,-0.007901767951179823,0,1
-0.0053043172803698335,-0.010009553239256732,0,1
-0.002534425749163214,-0.010623703605174223,0,1
-0.0037807699060730935,-0.010046949732862449,0,1
-0.005123964260689969,-0.009448865625390188,0,1
-0.00593125889610454,-0.010239291136718696,0,1
-0.004779552057399703,-0.008965542551617234,0,1
-0.0047635551589574705,-0.009149069308297947,0,1
-0.004557418475195107,-0.00873338627046795,0,1
-0.004957000482317842,-0.008156909590668875,0,1
-0.005561035091844975,-0.010125386177414727,0,1
-0.005395736990807631,-0.009972301059541964,0,1
-0.005252714299001547,-0.009811371597644461,0,1
-0.006437063724358837,-0.009502326550443538,0,1
-0.0056942613181125085,-0.011793578981407817,0,1
-0.0043015426345440096,-0.009048688997632068,0,1
-0.0030915943109495283,-0.010691312962857271,0,1
-0.0045439097614061825,-0.009141700786668913,0,1
-0.004240610608246997,-0.009076204759829279,0,1
-0.005923014551051463,-0.009105253425434622,0,1
-0.0061019100592999915,-0.008961311679434402,0,1
-0.004298729628101658,-0.008739221284226922,0,1
-0.0060617669686026,-0.010390897700167954,0,1
-0.006118843782725627,-0.009596344683982279,0,1
-0.0048796261847569656,-0.008477516188905075,0,1
-0.004673472569746763,-0.009602040652077806,0,1
-0.004466135106857649,-0.009261785444771933,0,1
-0.0038659598110134656,-0.008109427599651647,0,1
-0.005083099004265668,-0.009301480079974925,0,1
-0.004079230840738134,-0.010311694040976661,0,1
-0.004201820048905341,-0.009334029432025428,0,1
-0.005140653940346703,-0.009613757686402007,0,1
-0.004699468657669654,-0.009123324000598744,0,1
-0.0054962195021898376,-0.009676660013598294,0,1
-0.0055583724925816185,-0.00837973053319743,0,1
-0.002498678583901825,-0.007785157629834122,0,1
-0.00344693840571303,-0.01178461352130572,0,1
-0.006116946284314051,-0.010128167621151554,0,1
-0.002760619280578666,-0.008848354860172323,0,1
-0.004950730648111279,-0.008976447344468985,0,1
-0.0046184987652278355,-0.009916766675859263,0,1
-0.003960593841921352,-0.009945338428557046,0,1
-0.0034853525050413145,-0.009182502955167792,0,1
-0.0045693974104359224,-0.010210645095503892,0,1
-0.005070696245559281,-0.00912003624299827,0,1
-0.005772340188583835,-0.009644436480277609,0,1
-0.0059672046332953,-0.011043682725395815,0,1
-0.005887242028052892,-0.010447034930928674,0,1
-0.004862731777496858,-0.009121562509313268,0,1
-0.004297192816019168,-0.012551491062736685,0,1
-0.005231901350872727,-0.01038157172400014,0,1
-0.004560693711811632,-0.01019784771350623,0,1
-0.00473982910957915,-0.010118630862691071,0,1
-0.004372757999139036,-0.009935089337995383,0,1
-0.004597505713412205,-0.009759443519448619,0,1
-0.00436460489482149,-0.009951208034924058,0,1
-0.0033836081462364598,-0.00780733671153254,0,1
-0.005016818755202557,-0.010398899915280615,0,1
-0.00386979552254453,-0.010088531361059399,0,1
-0.004369845659136339,-0.01121974185928212,0,1
-0.004642194056093348,-0.009520681809055026,0,1
-0.004336727674573438,-0.009601759330805702,0,1
-0.002523589108096577,-0.011887687747939673,0,1
-0.004832173774021008,-0.010809988952702845,0,1
-0.005803592555466346,-0.008998896626959435,0,1
-0.005411788598736447,-0.013132982166769872,0,1
-0.00476036575281465,-0.009615038713994429,0,1
-0.004174625506176532,-0.009887323830009245,0,1
-0.00352422130559791,-0.007712901409665408,0,1
-0.004967911839437001,-0.011284979057852858,0,1
-0.004846221747334465,-0.010828291302389667,0,1
-0.003144181202189277,-0.010548149911386799,0,1
-0.00391295616296097,-0.011703862027659806,0,1
-0.004008928208192394,-0.009560302895739914,0,1
-0.004751016760309211,-0.010839669986579394,0,1
-0.004779608947927557,-0.010380372482794728,0,1
-0.004512825295254383,-0.008314369166888854,0,1
-0.004910380032986398,-0.009170945810903547,0,1
-0.003195796067624354,-0.010524369995137863,0,1
-0.004818622552133661,-0.008840572254968164,0,1
-0.004349552203961944,-0.008903704939878646,0,1
-0.00470938705400603,-0.008389244853948825,0,1
-0.004535281553744928,-0.009802998414945635,0,1
-0.003818593775707291,-0.009676756714155998,0,1
-0.004723555258688974,-0.011362244285845837,0,1
-0.002645225371782945,-0.010357949061993508,0,1
-0.0046989374558213,-0.010686481999535962,0,1
-0.005301001017815451,-0.009746710129110875,0,1
-0.003922170769043167,-0.010975012998749308,0,1
-0.005624003822468554,-0.01104053014231968,0,1
-0.004091472259837356,-0.00963888056340192,0,1
-0.004027024218685447,-0.010039785135127436,0,1
-0.003550875536743732,-0.00971429576350223,0,1
-0.004854974918424288,-0.011921161699021559,0,1
-0.004094851898934814,-0.010620154716146609,0,1
-0.00297205083077458,-0.010655533602645177,0,1
-0.00405358480852439,-0.009478270100169633,0,1
-0.003772474608761003,-0.012183851088870552,0,1
-0.004186102983481434,-0.01045759141525504,0,1
-0.003938258529575369,-0.010537061581988022,0,1
-0.0034434933417820386,-0.011225504338850636,0,1
-0.004624233824398791,-0.006375155741010152,0,1
-0.0048827178105160084,-0.004315608355383484,0,1
-0.005528595390267766,-0.006768656010381886,0,1
-0.004974031462821397,-0.006939026969793428,0,1
-0.004878857109018162,-0.005390654755172198,0,1
-0.004507711655585939,-0.006174643040638744,0,1
-0.006866354645426271,-0.007538318523914907,0,1
-0.005654881609172849,-0.008143666153268994,0,1
-0.007767467753858004,-0.00974037915274813,0,1
-0.007863109970407876,-0.008252261989760869,0,1
-0.005697666370394479,-0.007010186713493075,0,1
-0.006273836474253724,-0.0075478493197701155,0,1
-0.006855218041103665,-0.008254188756419112,0,1
-0.006756727874945204,-0.007372490688765081,0,1
-0.007900067859451345,-0.007990268554362726,0,1
-0.007526469303973171,-0.010176252112584662,0,1
-0.004744295989400181,-0.006396211559769844,0,1
-0.0026440660649917737,-0.006397243079250103,0,1
-0.00625292653345192,-0.007364216870025324,0,1
-0.0066382201192519905,-0.007721762285512153,0,1
-0.00783389030689312,-0.010088869783885807,0,1
-0.00737711742703364,-0.006947379040242284,0,1
-0.0063786985075110075,-0.007540840085943918,0,1
-0.005954373654350577,-0.006829139279868644,0,1
-0.006971160435931576,-0.006841985539027551,0,1
-0.005554631321288108,-0.007326479858512731,0,1
-0.006911168631241663,-0.008271367812283445,0,1
-0.006828269991621066,-0.008193827158216888,0,1
-0.007008520874504247,-0.008456322715721873,0,1
-0.006922609280950527,-0.008640681254051163,0,1
-0.005645389481975203,-0.005806727639959512,0,1
-0.004633079852257798,-0.006174234271377693,0,1
-0.007308323552459742,-0.00736789580354,0,1
-0.005274893853905095,-0.007981223435963263,0,1
-0.0054127338193350645,-0.007365694719716715,0,1
-0.006277802238700191,-0.006183438365330054,0,1
-0.005512215026474969,-0.00682459391131096,0,1
-0.006456618958749638,-0.007537091194432489,0,1
-0.006540946175920734,-0.007803435647574069,0,1
-0.0066166226974016295,-0.007842895017012375,0,1
-0.00697493432741664,-0.008071168305249751,0,1
-0.008030585576991942,-0.007380900502969903,0,1
-0.008450536921576804,-0.010778156101514393,0,1
-0.008323171447750096,-0.007740033941542953,0,1
-0.0035720315015438154,-0.006271542093930062,0,1
-0.006644575737717079,-0.006606266646761937,0,1
-0.006122196404097174,-0.007206705673264856,0,1
-0.006275983184198961,-0.0060553822477074,0,1
-0.005091500123555744,-0.007294041986685762,0,1
-0.006161701278189975,-0.008020155314143462,0,1
-0.00409053070775629,-0.007296383299793708,0,1
-0.005060010228763424,-0.007134579085623667,0,1
-0.006021120628367724,-0.008801141438825707,0,1
-0.008137402952892416,-0.008198604161396257,0,1
-0.00568797554193371,-0.007731100495347094,0,1
-0.007383786306956972,-0.0078012485133809135,0,1
-0.007182588474869903,-0.006602207900956681,0,1
-0.004891142960153924,-0.006855297796759831,0,1
-0.003652904040002787,-0.008125244654143722,0,1
-0.005840988300204609,-0.006687069821599481,0,1
-0.005204510594189852,-0.005660794003625573,0,1
-0.00557628752040305,-0.007651701699749197,0,1
-0.0073174299833271275,-0.007736283000355474,0,1
-0.008956162525497191,-0.01030561778461569,0,1
-0.006684381695350341,-0.00754380732754606,0,1
-0.008660014561771866,-0.009634710826013968,0,1
-0.0063603866593795605,-0.007707098635057244,0,1
-0.003603550242617593,-0.005754069745093387,0,1
-0.007081373554623779,-0.007999325676980829,0,1
-0.007936196211609145,-0.005531829893988387,0,1
-0.00796052696320929,-0.007492778229560345,0,1
-0.004349200357006032,-0.004806310281154054,0,1
-0.004255606256336271,-0.007865213399587904,0,1
-0.005832936762134033,-0.006278250859079061,0,1
-0.005566719748003178,-0.007994738262516262,0,1
-0.007196665941685101,-0.007124135425139314,0,1
-0.006232667748200582,-0.006725319229735899,0,1
-0.006890460378442779,-0.0077659727846186785,0,1
-0.006177216954053544,-0.008495428855013459,0,1
-0.008189890669341228,-0.008414384010918756,0,1
-0.008390189893279849,-0.006619752135593822,0,1
-0.00831726730631074,-0.008637567368465127,0,1
-0.009886160123930605,-0.00820798230870534,0,1
-0.00451248988814905,-0.005640962719900644,0,1
-0.004804215606564068,-0.00602247283162209,0,1
-0.005362360988655431,-0.002764262158114828,0,1
-0.006560055327699089,-0.007386969679287803,0,1
-0.006457947878336319,-0.0067781474586508135,0,1
-0.008826966319940264,-0.006623941034992608,0,1
-0.005573468356082128,-0.007019015841062906,0,1
-0.006574358141276714,-0.007154343632428077,0,1
-0.007456875026729746,-0.007711454648681215,0,1
-0.007774396382233065,-0.007413508925105675,0,1
-0.006543394219770028,-0.007328977776917302,0,1
-0.006818452860542258,-0.008163460382594478,0,1
-0.006456995462135064,-0.005460010190860524,0,1
-0.0037929334376979856,-0.00825200490806259,0,1
-0.004921769614442827,-0.0072002226663944605,0,1
-0.006578717364499396,-0.007196663604195919,0,1
-0.006112167554888539,-0.006756824328942076,0,1
-0.004365397245654564,-0.008239761937545808,0,1
-0.0054759373426873275,-0.007481450301003468,0,1
-0.005954217732049211,-0.006778037004624949,0,1
-0.007639277220787321,-0.009487876554648684,0,1
-0.006467470172129218,-0.0075699736347701226,0,1
-0.006891401695407484,-0.006884939682547543,0,1
-0.007016199264724774,-0.007527267328656558,0,1
-0.003491540335982434,-0.008412400362815924,0,1
-0.00607663704466366,-0.004143023786141291,0,1
-0.005882806490620035,-0.0062617364630749685,0,1
-0.00560366005603727,-0.006289309703471813,0,1
-0.006493269971818895,-0.006632647460940765,0,1
-0.0063967324442824255,-0.0069242592296068235,0,1
-0.005656828358756662,-0.007192733204193627,0,1
-0.007480565752885171,-0.0070852193704376495,0,1
-0.0074600450196358765,-0.008320450010143686,0,1
-0.007224971708272032,-0.007549159684260596,0,1
-0.008776849782475567,-0.00810666966854873,0,1
-0.007036183729993658,-0.006436333665442889,0,1
-0.005989803630937282,-0.006588029154739762,0,1
-0.006686652450671042,-0.007203016166142238,0,1
-0.006606867473817863,-0.0072578936232514536,0,1
-0.008911956823552974,-0.007322202110078745,0,1
-0.00431543601511986,-0.005418034780835592,0,1
-0.006375120563391018,-0.005924693333504178,0,1
-0.006586131307058285,-0.007471360792953938,0,1
-0.008351977081940942,-0.007178819889311163,0,1
-0.006690721867898098,-0.009073712124769116,0,1
-0.007415234878207872,-0.007736556165069275,0,1
-0.005870331193127374,-0.0059032349034663254,0,1
-0.005862284606086279,-0.006219661848013432,0,1
-0.0069657624868058165,-0.006946611512067223,0,1
-0.003262922848790548,-0.005337981630927346,0,1
-0.006472964194843989,-0.0066458779830502,0,1
-0.006165091642441815,-0.006251967660448537,0,1
-0.007107522455216071,-0.007103359690039399,0,1
-0.006005434452147554,-0.006506231466144224,0,1
-0.008342690630861087,-0.0064838328344364385,0,1
-0.00526877171007226,-0.006171970706224943,0,1
-0.005680158786443116,-0.005060923773763583,0,1
-0.0049240114354744445,-0.005202200660817487,0,1
-0.005057790359559832,-0.005992557890249288,0,1
-0.005151768939409595,-0.00535914905281999,0,1
-0.00541253247243366,-0.007678149598060523,0,1
-0.006719651281337911,-0.006700079497277978,0,1
-0.007460369072658058,-0.007443436056028471,0,1
-0.007536159543402109,-0.005903253619096282,0,1
-0.007209825377511444,-0.007433138629347884,0,1
-0.007286354448519086,-0.0073425939488181895,0,1
-0.005620151437740781,-0.005933761479698716,0,1
-0.005697605029534946,-0.006073397129773362,0,1
-0.005517697590574025,-0.00670802965032576,0,1
-0.007481127978356603,-0.009069750805134566,0,1
-0.006018809652636724,-0.0076843472236392,0,1
-0.005331705491178116,-0.007157731845884088,0,1
-0.006040066020529166,-0.008215477026664744,0,1
-0.008200470141120237,-0.006678159111853014,0,1
-0.0073374110207321645,-0.007321247027008207,0,1
-0.005646642816667824,-0.005976324655614216,0,1
-0.0060447973600446315,-0.006334285165733367,0,1
-0.006227954420978124,-0.0062753932592602805,0,1
-0.005956645000865848,-0.005795980450415643,0,1
-0.006988208859941177,-0.004979201075622334,0,1
-0.005629734731683729,-0.0034643333001841067,0,1
-0.006459658660458212,-0.005716299625002239,0,1
-0.006781474122806875,-0.008027626462298754,0,1
-0.00833607954079774,-0.008197813795598469,0,1
-0.007104019964170386,-0.00524105584750876,0,1
-0.0067250875365041625,-0.005627196237522096,0,1
-0.005494533590893546,-0.0058166962111237085,0,1
-0.006596258716539633,-0.006524895042866602,0,1
-0.005572091755767392,-0.006915305902676136,0,1
-0.007263408026767902,-0.007921403497947593,0,1
-0.006527630013058992,-0.007801721078374982,0,1
-0.007477943259548108,-0.007144416582416685,0,1
-0.006440619163752252,-0.006588824664983047,0,1
-0.006170598428052052,-0.005529510884299882,0,1
-0.005971873180230198,-0.0024971074448169915,0,1
-0.006593125839747149,-0.004741508591315508,0,1
-0.007432244389346115,-0.005636479477755858,0,1
-0.007051423671970359,-0.006555940004841825,0,1
-0.005013339095768859,-0.007799473555290747,0,1
-0.007539333582583305,-0.005475636304190326,0,1
-0.0055324005317585875,-0.009049701880479575,0,1
-0.006146652295071934,-0.006794608428844514,0,1
-0.009156506056597196,-0.007386347789209985,0,1
-0.004898721938824548,-0.008156990118950895,0,1
-0.007704211929064862,-0.005785919353220241,0,1
-0.0070118062278102045,-0.006502614662892073,0,1
-0.008281022748622087,-0.00728845589903666,0,1
-0.0074874515804529175,-0.004730333922715292,0,1
-0.006586358249598609,-0.006353179347925678,0,1
-0.006342061534941994,-0.006277657281129177,0,1
-0.006108168573859571,-0.0061819599149695245,0,1
-0.009127641406576452,-0.004485806875697185,0,1
-0.008789670384115196,-0.008047740986461575,0,1
-0.0075271383487811,-0.00760006487148472,0,1
-0.00591515213995345,-0.008521695075625056,0,1
-0.007246452179690567,-0.004214725957115599,0,1
-0.0070438500992151395,-0.00451552555665586,0,1
-0.007597036657842973,-0.004799709521629774,0,1
-0.006498391315757425,-0.0059133609370873265,0,1
-0.007893870950671771,-0.009300297986627718,0,1
-0.007220017793777994,-0.006606201908516785,0,1
-0.007245706874629655,-0.004519376318748933,0,1
-0.006427888929995659,-0.006260722846091703,0,1
-0.00711828483254953,-0.005863780213608778,0,1
-0.007191314183568534,-0.007076648093490017,0,1
-0.00795072761055395,-0.0073603984824377085,0,1
-0.006252064845992147,-0.008214764106948616,0,1
-0.007264386477836398,-0.0057722484461203375,0,1
-0.006018144661874391,-0.00612924196146734,0,1
-0.006740680830630655,-0.006005174335955546,0,1
-0.006518236807987975,-0.006669900400308833,0,1
-0.007719682038703015,-0.006955293567389391,0,1
-0.007983707240032225,-0.0049788279752065725,0,1
-0.00662822473161117,-0.007342167400279742,0,1
-0.0055798282054811115,-0.0033053897252411004,0,1
-0.009171035762094406,-0.006993281098763372,0,1
-0.004873263929275747,-0.004268197151475755,0,1
-0.00398976707431507,-0.00624705476014253,0,1
-0.007436195548178219,-0.005882656892953118,0,1
-0.006189373242900399,-0.0078089182473567295,0,1
-0.007099523480526938,-0.00618157005900099,0,1
-0.006810370484520887,-0.005651092525987218,0,1
-0.006870749398753549,-0.00505597252024495,0,1
-0.006931747576225533,-0.00590489636001304,0,1
-0.0072620838290067945,-0.003527306080879878,0,1
-0.006691546514291038,-0.0038595617584221286,0,1
-0.005396032549656263,-0.004863366116254123,0,1
-0.008372840066663606,-0.005262035420664107,0,1
-0.0068032240074891335,-0.007263677252901784,0,1
-0.006870637292757181,-0.005229825572961546,0,1
-0.006936599869825153,-0.005252374581495749,0,1
-0.007512612339293984,-0.004051603074629895,0,1
-0.006228706281678107,-0.006256439777977147,0,1
-0.006959834826669967,-0.005462626797962865,0,1
-0.00708292107310218,-0.005887385121499227,0,1
-0.007691020209216404,-0.004570085556515925,0,1
-0.006859172834791827,-0.00564184077835573,0,1
-0.006148916650655768,-0.0053236695518988075,0,1
-0.005808707555437384,-0.004549047130349241,0,1
-0.00791749493786459,-0.005727408591902141,0,1
-0.0015613904962424427,-0.0067747614160213595,0,1
-0.002828222580985384,-0.007317054829287523,0,1
-0.0016193924660587694,-0.007655875227172923,0,1
-0.0023280640824107656,-0.00827747000788579,0,1
-0.0033375996274037432,-0.008770547843886468,0,1
-0.0018222894277599628,-0.008693679247073515,0,1
4.506657605692083E-4,-0.00974307998796153,0,1
-0.0019740155772774762,-0.010183382739588548,0,1
-0.002617951282924986,-0.010160396841271598,0,1
-0.0015895420546665185,-0.009357700272814243,0,1
-0.001998471513511372,-0.008314238667492964,0,1
-0.0018753370581578246,-0.01019840446869983,0,1
-0.0031065043528047146,-0.00649265792456458,0,1
-0.0031288045638866425,-0.011214014566020874,0,1
-0.0026596915056628736,-0.007204425321290316,0,1
-0.003393561103285004,-0.01033539521610563,0,1
-0.0036329744459989667,-0.0114642796939902,0,1
-0.0036920910061753343,-0.01226780328845498,0,1
-0.004310021069620137,-0.011179308594768601,0,1
0.002083524886623946,-0.007693515885290431,0,1
-0.002541417063977087,-0.00780703958833888,0,1
-0.0019871327422648207,-0.00850883176243167,0,1
-0.002717425603948094,-0.008582414750721504,0,1
-0.003583786545699499,-0.007552130670970967,0,1
-0.004715859569873615,-0.008544919881043318,0,1
-0.0020515589215163352,-0.007688820306845696,0,1
-0.0029221298185785776,-0.008752430039876299,0,1
-0.0027731726074041326,-0.0093426106542086,0,1
-0.002752572897310987,-0.009316050972514069,0,1
-0.004101288059279101,-0.006299466791318839,0,1
-0.0028181007552590363,-0.008140186528064117,0,1
-0.0020356945163804547,-0.010105977394628258,0,1
-0.0031166325407347966,-0.008449376923807615,0,1
-0.004233579896590143,-0.007424113919867119,0,1
-0.002626147016006612,-0.011613350420736149,0,1
-0.002931168895001844,-0.010578031742464543,0,1
-0.001551394549135751,-0.008554137593547307,0,1
-0.0019340218009771038,-0.008498402891139633,0,1
-0.00316486265515402,-0.007417843646845935,0,1
-0.00202773527316219,-0.007955213564112728,0,1
-0.00242961147236605,-0.008513089245661304,0,1
-0.0018984977389403393,-0.008081325929984236,0,1
-0.002812584062069968,-0.011449849259849921,0,1
-0.0023331890086069063,-0.008789204915085157,0,1
-0.002582963999879836,-0.008298815089918617,0,1
-0.0027274940112563062,-0.009161773088421211,0,1
-0.003093125763792267,-0.009829141721667675,0,1
-0.00286710069443517,-0.009736445233525539,0,1
-0.00405103081169926,-0.006711433703491734,0,1
-0.003730546342439792,-0.008445285874846912,0,1
-0.003955324210114708,-0.009878976068858332,0,1
-0.0032412819676616257,-0.009956454875193954,0,1
-0.004369802920065101,-0.011289756527135845,0,1
-0.003146696109150172,-0.007993130986612277,0,1
-0.001980049423354966,-0.007513283188061759,0,1
-0.0020110604142009646,-0.007938488928825269,0,1
-7.416372011612089E-4,-0.006420200606426807,0,1
-0.002565461395361158,-0.007030669017550048,0,1
-0.002107360345859205,-0.00833139784959953,0,1
-0.0029842152796454827,-0.006690555545768316,0,1
-0.0022697837987297725,-0.008440025413709518,0,1
-0.002932567848186686,-0.009396620196232665,0,1
-0.0018983323143848486,-0.009749768391183767,0,1
-0.002670548519963458,-0.009033295285955832,0,1
-0.005728758276162782,-0.007328839762062964,0,1
-0.0034368667815399302,-0.009674193446309333,0,1
-0.0034208241126729676,-0.009606242151620308,0,1
-0.0021753288333422587,-0.009949828959506482,0,1
-0.0036597724049891884,-0.009802085482829834,0,1
-0.0010131241654389985,-0.006843132084261225,0,1
-7.384357620995404E-4,-0.006569920444835866,0,1
0.0011727012777623497,-0.006800743648936485,0,1
-0.002980102848101849,-0.0074251243648073935,0,1
-0.0026943750861175533,-0.007609329083339935,0,1
-0.0022000576316042854,-0.008510568899715878,0,1
-0.0018228967622187266,-0.007758648546450255,0,1
-0.002780418240318425,-0.008542260380634957,0,1
-0.0016555696781645397,-0.009596826436835465,0,1
-0.0019170223733533758,-0.009682009324619687,0,1
-0.0038341100231564862,-0.008530003480680073,0,1
-0.0034035219903365416,-0.00995290076270647,0,1
-0.004381706620376897,-0.009571112920720083,0,1
-0.004141590313164307,-0.010958943862648486,0,1
-0.0027774235926837075,-0.011289266577885594,0,1
-0.004402163477121744,-0.01110530096866445,0,1
-0.0028192799649341075,-0.012486528660689639,0,1
-0.002005276908545558,-0.007895252005396881,0,1
5.76396563646972E-4,-0.00601029282219103,0,1
-0.0020174724760642373,-0.007584203684369651,0,1
-0.0016777409683971537,-0.008571490639549866,0,1
-0.0018535024527847502,-0.008432030761781903,0,1
-0.0025295675993140085,-0.008775802104796044,0,1
-0.0020199234764718453,-0.008263030331636218,0,1
-0.002896775687981429,-0.00827379440304977,0,1
-0.0036386806809904806,-0.009116070591126487,0,1
-0.0029166615592490625,-0.008124487987154153,0,1
-0.003540360144150705,-0.008780483455204036,0,1
-0.0036285645387620167,-0.008777228129808587,0,1
-0.003155839867230019,-0.010498142331044989,0,1
-0.0028082749330557767,-0.010121311120320942,0,1
-0.005091697180013884,-0.010018396790228909,0,1
-0.0014188140406800641,-0.008349878130987748,0,1
-0.0015091028941507194,-0.005951530543265116,0,1
-0.0021109442343763387,-0.008061043293735162,0,1
-0.0016822851040703738,-0.008607729319526577,0,1
-0.0013716754409184699,-0.007602846096554967,0,1
-0.0030601171433620095,-0.007511840048431086,0,1
-0.0016995437635281292,-0.009433139813941666,0,1
-0.0022689586873123457,-0.009750569461440895,0,1
-0.002321458030666743,-0.009423378834790205,0,1
-0.003073354532009515,-0.00913294901183158,0,1
-0.0016281130651017391,-0.008987874281868253,0,1
-0.003118637015567555,-0.006696279110177272,0,1
-0.0033969592812953665,-0.009589524149672742,0,1
-0.0035705364323311423,-0.010601208352463707,0,1
-0.006416021624317359,-0.009600419934020133,0,1
-0.0057900178042369285,-0.008616039694538332,0,1
-0.0011402916038314647,-0.006469811731025383,0,1
-0.0047544604301929735,-0.0073415642334953,0,1
-0.003816412513585439,-0.004710365994071384,0,1
-0.0029814609565794784,-0.010628270832895312,0,1
-0.003486570360317391,-0.00898381510399551,0,1
-0.0016184534083291387,-0.008762227804640485,0,1
-0.003448308502920518,-0.008532309187707771,0,1
-0.006740599609076856,-0.008579371058092658,0,1
-0.005708267439483597,-0.008899166505106814,0,1
-0.0019408905707899245,-0.00930179746525559,0,1
-0.0028888199786770634,-0.009415316217628292,0,1
-4.62498689930094E-4,-0.012328295083709742,0,1
-0.0033912135624597183,-0.006215367734558455,0,1
-0.0035133957049791197,-0.008558680101742022,0,1
-0.0018007619020561966,-0.007172034042298722,0,1
-0.0019067060663513092,-0.006924870978478035,0,1
-0.0036595516924919783,-0.007838991366991035,0,1
-0.002698801408045823,-0.007636307492050118,0,1
-0.0021860122016610106,-0.008591100256089246,0,1
-0.0023369193313953914,-0.008032595959896178,0,1
-0.0037960125216628085,-0.00804726488395964,0,1
-0.002865452386696671,-0.008741274792088381,0,1
-8.267264738227391E-4,-0.007240022365515822,0,1
-0.0029037852777301426,-0.010245234111496693,0,1
-0.0037540489029862104,-0.008941798883485572,0,1
-0.004703062298203777,-0.009456379674912077,0,1
-0.0037643580963672113,-0.009568876302671727,0,1
-0.003946606920707059,-0.009347280633990526,0,1
-0.004084467646858015,-0.009935120398681314,0,1
-0.003031299945364594,-0.0071648886646787195,0,1
-0.002218298809162881,-0.007463746625014735,0,1
-0.0013379633460399536,-0.007729208899754471,0,1
-0.0028453239878346087,-0.007911798612287154,0,1
-0.0044407373355450554,-0.0060589070499015045,0,1
-0.0030181741154050247,-0.008600484417001094,0,1
-0.004052794493643992,-0.010324015093934253,0,1
-0.0030759236543783366,-0.008723088343057421,0,1
-0.002728011462505896,-0.009594983815966561,0,1
-0.003135968253128667,-0.009438304297942655,0,1
-0.004289932989248721,-0.008386681804102248,0,1
-0.004356798663475419,-0.009818190188490157,0,1
-0.003956747032684204,-0.009967563373857095,0,1
-0.0012739984277829308,-0.00565067950481143,0,1
-0.001315701336301246,-0.006431716324646794,0,1
-6.666722648073337E-4,-0.006430533436871063,0,1
-1.611095854639516E-4,-0.008053603682719531,0,1
-0.0027952689231426045,-0.007997230228851022,0,1
-0.0023935338116294136,-0.0077727625123171,0,1
-0.00393013257707501,-0.00709091368523108,0,1
-0.002341872805870532,-0.007353206571899534,0,1
-0.001263682970415095,-0.009134672877976629,0,1
-0.00373114072237483,-0.00903631894699688,0,1
-0.002799133308383123,-0.01024628417882552,0,1
-0.003920580629809506,-0.009839435263395471,0,1
-0.003772647517528404,-0.009404137408503198,0,1
-0.0036051527114332803,-0.008880283784853497,0,1
-0.0014201877426295501,-0.007669599677038836,0,1
-0.004339624062202411,-0.006252463376293211,0,1
-0.002251344645757024,-0.007090282895937403,0,1
-0.00126522396329397,-0.008134026784329356,0,1
-0.0024955580255866957,-0.008113370701323851,0,1
-0.006266313902914382,-0.007532005287460323,0,1
-0.002432991016711122,-0.008008635058417663,0,1
-0.003012473641053226,-0.006744844152898413,0,1
-0.0023672790455870852,-0.008245384421446103,0,1
-6.869371003110748E-4,-0.009094549517929562,0,1
-0.003982884044921466,-0.010054268341262345,0,1
-0.005333524640014133,-0.008968382944903599,0,1
-0.004197732620804348,-0.010099070828860317,0,1
-0.0022483319117088153,-0.007202377739205413,0,1
-0.0017941964055393376,-0.00840005200542048,0,1
-0.003874719340545815,-0.008064670294667543,0,1
-0.003703493413747129,-0.007940786739797054,0,1
-0.002465395876117096,-0.008999288484720234,0,1
-0.0027881237676213363,-0.007276150312498183,0,1
-0.004691759074446825,-0.007737064211045457,0,1
-0.0035346273692559754,-0.009224908957558318,0,1
-0.003011465031434235,-0.008699656160969798,0,1
-0.002991531985752685,-0.00877049214908624,0,1
-0.005422966292742477,-0.00905922229891483,0,1
-0.0039892598088663725,-0.009506210901609812,0,1
-0.002396245340844634,-0.007475185467758097,0,1
-0.002527676722057034,-0.0073061762907436064,0,1
-0.0022863853327529183,-0.008727220551350959,0,1
-0.0036405489942955807,-0.006296630384474544,0,1
-0.0031436003731926004,-0.008533020325274051,0,1
-0.003695632100913308,-0.008693441207530357,0,1
-0.0018519530637433976,-0.007850108240713121,0,1
-0.0030267163371372947,-0.009082684231711442,0,1
-0.004296844282809237,-0.007853242338154903,0,1
-0.0046800574766126795,-0.010133735446855797,0,1
-9.910328094736717E-4,-0.009544098412072759,0,1
-9.973092213756477E-4,-0.011162875759491311,0,1
-0.0027051340119658225,-0.006813537082835122,0,1
-0.001881204115585159,-0.005925326106900407,0,1
-0.005174801370624149,-0.007814322103828712,0,1
-0.00575727619055315,-0.0070105503558465215,0,1
-0.00268284103393706,-0.008015806516262452,0,1
-0.004112782421532509,-0.008795009684706482,0,1
-0.0048994611898678046,-0.008754363662474495,0,1
-0.002802007731191287,-0.009659883463157487,0,1
-0.003698922759989302,-0.009094837808413005,0,1
-0.0035576209545784394,-0.008719767646483524,0,1
-0.004204344725517195,-0.009826101917095778,0,1
-0.006012957160000474,-0.009245822725539725,0,1
-0.0030654001790723687,-0.005641892687625873,0,1
-0.0029187595965453612,-0.008241365549495554,0,1
-0.0017630998099279042,-0.009001546754786989,0,1
-0.003098360397180948,-0.007233197355410215,0,1
-0.0036465483161546805,-0.007899887351448195,0,1
-0.002718796081276883,-0.009515134228530557,0,1
-0.005144292598050304,-0.010179727665728942,0,1
-0.004572189928848557,-0.009205397293008875,0,1
-0.003245802065608763,-0.010363733267585332,0,1
-0.003061775610991803,-0.008090891593178233,0,1
-0.0033096592159815065,-0.008422402198822766,0,1
-0.0035772195763326413,-0.008285488064733408,0,1
-0.0012201564926667293,-0.008397267908077842,0,1
-0.0033011521717023506,-0.008189290055168821,0,1
-0.003293104179954987,-0.007549790305070011,0,1
-0.002942560213931617,-0.008113462123695203,0,1
-0.0034116907762523894,-0.008213960520086652,0,1
-0.003909639431998197,-0.00820322194424333,0,1
-0.0040879258748295665,-0.008024776139569152,0,1
-0.004335200647288322,-0.008362376156395691,0,1
-0.0032835342099027617,-0.01008262392198562,0,1
-0.0037017700046362936,-0.009548759065938571,0,1
-0.001010139400519678,-0.006926006365712949,0,1
-0.0028201383155475007,-0.007553584041536964,0,1
-0.005226825474463692,-0.0066774745221424145,0,1
-0.002876592831963204,-0.008035546201955625,0,1
-0.0036997572930886325,-0.008383782419065918,0,1
-0.00225958721281456,-0.008379452082424993,0,1
-0.003362686808239225,-0.0079320192813843,0,1
-0.0041940580118898585,-0.008137487857896171,0,1
-0.001951903796601943,-0.008624583431878,0,1
-0.004299623744663803,-0.008026046676082206,0,1
-0.003127994511453926,-0.008133042079415136,0,1
-0.0020007629670897803,-0.006481787465667538,0,1
-0.0036434138649194146,-0.007943994568199409,0,1
-0.004521178444513099,-0.007537285123843443,0,1
-0.0032642442811174,-0.009319136648145735,0,1
-0.004899259583257559,-0.00792193534914435,0,1
-0.004874295172804625,-0.004998988478739265,0,1
-0.004913996143415512,-0.007850364394325165,0,1
-0.004014674421610191,-0.008380878471575755,0,1
-0.004211067088074759,-0.009672213678370265,0,1
-0.0032225654217647084,-0.007070202146439015,0,1
-0.004926210092116878,-0.009958765838645337,0,1
-0.0035870569289381884,-0.007509086134391371,0,1
-0.0036990901645767003,-0.007429929670915769,0,1
-0.003131965601304715,-0.00820413453062487,0,1
-0.003098112607991965,-0.008013537208917417,0,1
-0.0026703640228008508,-0.007456235477102327,0,1
-0.001352649753189882,-0.007421564032427166,0,1
-0.0073003656208593835,-0.008464633827491084,0,1
-0.003024995950401147,-0.007323852430062335,0,1
-0.003095340981852334,-0.007145163194822155,0,1
-0.004454069272374069,-0.008109350719555992,0,1
-0.0052954185460887026,-0.008689976041526068,0,1
-0.00223495665179922,-0.006621674672017683,0,1
-0.00474098610772813,-0.008339116900498733,0,1
-0.001638290567037686,-0.009781773627895892,0,1
-0.004314069208410596,-0.011445374316520427,0,1
-0.005313581401111411,-0.009117957668121339,0,1
-0.005024859389803146,-0.005982036499551445,0,1
-0.001638302588566544,-0.0066089020506437755,0,1
-0.004433723075863716,-0.007813112365070398,0,1
-0.005850892529706077,-0.007954135762279909,0,1
-0.0037492721526420306,-0.008001569050612875,0,1
-0.005266853610403104,-0.009459186274694309,0,1
-0.004476095634970989,-0.007805500460634066,0,1
-0.004037070401501063,-0.008354684635234075,0,1
-0.002473774166026888,-0.007532248718230989,0,1
-0.002757138958412339,-0.007131035244050791,0,1
-0.0034563442080373943,-0.006191598767406748,0,1
-0.0034165811105621633,-0.006746351018072407,0,1
-0.002263977160527609,-0.008100072314548578,0,1
-0.004212700140422819,-0.007769752737787061,0,1
-0.003678673571780164,-0.008227101752331972,0,1
-0.003674454207109782,-0.00998121345814377,0,1
-0.003922535832478655,-0.005624356657673212,0,1
-0.004432194700913961,-0.007740510717453138,0,1
-0.003750107700341333,-0.007273135060811758,0,1
-0.002693252067256199,-0.008087586623014974,0,1
-0.0019382227088461839,-0.00570677993651103,0,1
-0.0012906625411195482,-0.005828804586624294,0,1
-0.003940998141864788,-0.00838481686871526,0,1
-0.00240255749275988,-0.007362970546779436,0,1
-0.003632839057679581,-0.0068658030533610805,0,1
-0.0040300579889911295,-0.006612816260966106,0,1
-0.0042644998977709415,-0.005168980631634725,0,1
-0.003864434382609945,-0.007716231036737872,0,1
-0.0027301567937252245,-0.007330747123438216,0,1
-0.0036252675006621365,-0.0070384757978187535,0,1
-0.0041607823984512685,-0.008106194891767124,0,1
-0.002574579615797783,-0.006858701903828238,0,1
-0.004366340358739872,-0.005959860297347547,0,1
-0.00512291205262791,-0.00840116890868585,0,1
-0.0035904130631166198,-0.008639787834709664,0,1
-0.0030813366433545086,-0.008998402715970353,0,1
-0.0031559825240742127,-0.007652103634746417,0,1
-0.003194054343426338,-0.007865984497984207,0,1
-0.0027974549369185644,-0.007787129063022552,0,1
-0.005181787372961402,-0.007772626153967221,0,1
-0.0028967856914535817,-0.007632028412586289,0,1
-0.003925595799539647,-0.007464882455650513,0,1
-0.0050135860713325965,-0.00658155739397118,0,1
-0.003715869976546391,-0.0059632386114599955,0,1
-0.00303390708669728,-0.006547641370058894,0,1
-0.004331938057840756,-0.0067989984201536945,0,1
-0.004505289201796135,-0.006380292823624033,0,1
-0.003946914518524253,-0.007740867734819283,0,1
-0.0033880222780248424,-0.006867317307976937,0,1
-0.003450352669570145,-0.0050155231499693625,0,1
-0.002945078843936883,-0.007162151176369397,0,1
-0.003923529973089093,-0.008566763926008608,0,1
-0.004465194910346919,-0.007680470230187215,0,1
-0.004585185086192715,-0.0071965856024939325,0,1
-0.003748048289195185,-0.004902208721352284,0,1
-0.004852936349484761,-0.007497975037204495,0,1
-0.002786465979644065,-0.00750009738086955,0,1
-0.004319770473946397,-0.007385594610875367,0,1
-0.004341036574498949,-0.007624886045717717,0,1
-0.00355349847033649,-0.00650080777492555,0,1
-0.004098706059113662,-0.0067794932577799035,0,1
-0.003228002887210474,-0.008363458705073925,0,1
-0.004005341061444812,-0.008187677584828686,0,1
-0.005300718265578404,-0.003985065879309239,0,1
-0.004206443771941555,-0.006761252850435472,0,1
-0.0048817324208593445,-0.006661904223763562,0,1
-0.004121678660182443,-0.007066066772445291,0,1
-0.004702458872194879,-0.005647577795694908,0,1
-0.004619020654404181,-0.006942536299433286,0,1
-0.0035592858052936336,-0.007241819155460581,0,1
-0.005296724543235917,-0.007307039193937758,0,1
-0.004300243258327402,-0.006474727987942666,0,1
-0.004094352047492859,-0.006444844909114879,0,1
-0.0036153889915896582,-0.00497296553917756,0,1
-0.006671563975255994,-0.005155520324017609,0,1
-0.004203514783658874,-0.00764471644739756,0,1
-0.003844601440255976,-0.007573193233215512,0,1
-0.004693623100053981,-0.006915716312613973,0,1
-0.0050340541558521424,-0.006514919211005938,0,1
-0.004327888213527015,-0.007921120410289702,0,1
-0.004581168228323486,-0.007183789529565405,0,1
-0.007053340570152987,-0.005257568854066907,0,1
-0.006636780511722225,-0.005095247002949481,0,1
-0.007879892555914777,-0.004469992959474687,0,1
-0.006549016710829254,-0.005171163860166598,0,1
-0.005898453595446666,-0.004087953166878499,0,1
-0.007300696522035636,-0.0035721586731208518,0,1
-0.0058346130676366174,-0.004161187945673694,0,1
-0.00543880719077816,-0.002645072358874141,0,1
-0.00540205524774437,-0.0038366503210339755,0,1
-0.0038791041864253777,-0.004107643056923622,0,1
-0.006425223213643617,-0.0035204842599101307,0,1
-0.007603499779624185,-0.0034311060164619834,0,1
-0.0031727555172880824,-0.004573347069830591,0,1
-0.004968274208554361,-0.0030437572154399764,0,1
-0.007367141388609127,-0.005167384552315739,0,1
-0.006339037694885401,-0.0048302158867196,0,1
-0.005854443806567284,-0.0019195956350050872,0,1
-0.006316045463783232,-0.0071738233436068905,0,1
-0.0055064765455731576,-0.004512346398505446,0,1
-0.0059760287471608215,-0.004165632972715425,0,1
-0.007059265004081045,-0.0035192354325063583,0,1
-0.004816827409595113,-0.005486439586983307,0,1
-0.006792786089184902,-0.005802829995248682,0,1
-0.003994608746339486,-0.0012181107900884956,0,1
-0.004993070275383426,-0.003173136738079946,0,1
-0.0037721357261095508,-0.0049286353774282725,0,1
-0.006847708869039622,-0.004973053474563919,0,1
-0.0068548081764118205,-0.00579113309424078,0,1
-0.005728837213593875,-0.003794139808594195,0,1
-0.006146902361501982,-0.004798905139546856,0,1
-0.00588969165205154,-0.005234682866552153,0,1
-0.005809553607087875,-0.0038263994212866426,0,1
-0.004998696399955367,-0.004623120782688356,0,1
-0.00536017151538275,-0.0037310531704347625,0,1
-0.006315620253701759,-0.003975511323660046,0,1
-0.0063735275848533605,-0.0029382196264965943,0,1
-0.004639474039447249,3.3955651423336593E-4,0,1
-0.005213945567171383,-0.001749612242222169,0,1
-0.006647991538586687,-0.005599405880995404,0,1
-0.006264174374229165,-0.0052146943562128715,0,1
-0.00709906362824856,-0.0037723963028938262,0,1
-0.006767555556472767,-0.005374010734454413,0,1
-0.008102063806088227,-0.004046798525257622,0,1
-0.005385989616504658,-0.003670833778154433,0,1
-0.0041241246813940565,-0.004009367409316519,0,1
-0.006518186401401614,-0.0036883635128350293,0,1
-0.005299869487419309,-0.0037764621632542586,0,1
-0.005168283079645856,-0.0039640949283174555,0,1
-0.0059625324929049196,-0.002920641071191135,0,1
-0.007003074557042305,-0.004055420986450998,0,1
-0.007632051050510042,-0.005457907612752639,0,1
-0.005491039437688453,-0.004090447732341539,0,1
-0.008414171041243099,-0.0036934764650918407,0,1
-0.005541122706359536,-0.004699883531187971,0,1
-0.005214802106563736,-0.004055813165494416,0,1
-0.005295076148832864,-0.004369124947431873,0,1
-0.005338716754804355,-0.0038129284879430546,0,1
-0.0025588741418099453,-0.003825522303835397,0,1
-0.005204474442413323,-0.005796623397961945,0,1
-0.004889726735519237,-0.0033363595874269735,0,1
-0.004685369792886938,-0.004273565443432224,0,1
-0.007102300025389192,-0.005875856352596321,0,1
-0.00586206649413538,-0.0039454090320485136,0,1
-0.005934738751938162,-0.00495431799454047,0,1
-0.005118360510032824,-0.006096499343836555,0,1
-0.0053200545382944674,-0.00630707872260203,0,1
-0.005906583418468727,-0.0049359634840614565,0,1
-0.006946395987721415,-0.004171285924832418,0,1
-0.004903552901249784,-0.003844940877902323,0,1
-0.005257514472059386,-0.004075702088241657,0,1
-0.00456379521583265,-0.0037337383647860437,0,1
-0.004871410524055404,-0.006091247757387454,0,1
-0.005766847826944754,-0.005558028968042295,0,1
-0.005973692185157921,-0.005164857986785889,0,1
-0.005863956563306913,-0.004976144369006591,0,1
-0.004011660826014766,-0.005087885014936703,0,1
-0.005535175229484477,-0.005615850118602818,0,1
-0.005468051137950301,-0.004662393618694922,0,1
-0.005496925481810981,-0.004465879461689512,0,1
-0.004565763481291027,-0.004076531575914618,0,1
-0.005046197890139062,-0.0036714171264918636,0,1
-0.004442183726502797,-0.0026675102316263827,0,1
-0.007152299729165716,-0.005040844995580704,0,1
-0.006275802959547858,-0.005916818241559454,0,1
-0.005955237790938731,-0.003843840569922152,0,1
-0.005933187814077217,-0.004836706144378489,0,1
-0.006790887923085395,-0.00405122302590492,0,1
-0.007518487415074177,-0.00391055478456422,0,1
-0.00473048117666451,-0.005082221009481871,0,1
-0.006359009960970354,-0.003277606717648933,0,1
-0.005196765481065703,-0.005249049540036413,0,1
-0.004430295394773768,-0.004788135430422515,0,1
-0.008179731048654913,-0.004382829368754683,0,1
-0.006480315490301116,-0.005946833914632754,0,1
-0.005546812383770971,-0.0038041400508857346,0,1
-0.0054773583300977684,-0.004308601101671643,0,1
-0.006109194345222691,-0.0032718700586590013,0,1
-0.006926610314395338,-0.0030336745169944725,0,1
-0.004174462668895825,-0.0043672075186711404,0,1
-0.004890373996504342,-0.004355140878278481,0,1
-0.005324594208495239,-0.004082896505722543,0,1
-0.003704394038422698,-0.003680679104626092,0,1
-0.005314393246737772,-0.005382044549487516,0,1
-0.005481847254374557,-0.006580160787938453,0,1
-0.005680323976479576,-0.005018581102417212,0,1
-0.004192645688253416,-0.007611958846553407,0,1
-0.005662717299471829,-0.0042604496030706875,0,1
-0.004903463099354097,-0.004552167812092557,0,1
-0.004185444519434791,-0.00469846881964112,0,1
-0.005365851755150212,-0.0036743531677427207,0,1
-0.007062812721900706,-0.002007527912512985,0,1
-0.005941438369537146,-0.007356811528986672,0,1
-0.0056900482125455945,-0.004162696096810629,0,1
-0.006052602354866161,-0.004409503524237335,0,1
-0.0063772171140702725,-0.0038732720177474876,0,1
-0.005208238247515783,-0.004736868821797812,0,1
-0.005521207085991407,-0.00445067358490242,0,1
-0.004911243993033762,-0.004610963231334203,0,1
-0.0025852412186143617,-0.0060458878326706605,0,1
-0.007250985816452341,-0.005180093702823838,0,1
-0.0059618523141622,-0.006396691902449161,0,1
-0.004568211591541716,-0.004828550945827172,0,1
-0.007969730149133906,-0.003621966421691752,0,1
-0.0038873967514002697,-0.007416573569200707,0,1
-0.006801029681499616,-0.0056148241445598,0,1
-0.004634691261337013,-0.002677164399298244,0,1
-0.003954541255779269,-0.0046389107443860905,0,1
-0.0052924824510865495,-0.005771858915244473,0,1
-0.0069300182421742195,-0.0063547476566280636,0,1
-0.005168378201032204,-0.005082926139432836,0,1
-0.005518338301079854,-0.005157373383544225,0,1
-0.006331952589659468,-0.0036553237613596457,0,1
-0.004686291747781222,-0.003929518688312714,0,1
-0.0041137895017999025,-0.005096124432486073,0,1
-0.003833806014229454,-0.0035090664642935684,0,1
-0.006918880728324731,-0.006140878446870361,0,1
-0.005217148474995301,-0.00403907315046531,0,1
-0.007215044338914132,-0.005296002846854385,0,1
-0.005624315457695053,-0.004796161632376282,0,1
-0.005699115421705843,-0.004334440657091919,0,1
-0.006093624937269679,-0.00265797135572124,0,1
-0.004051609839013727,-0.004902381968619748,0,1
-0.006832235711317262,-0.006794201657955628,0,1
-0.006214313905491392,-0.005440665020897102,0,1
-0.005349496438291414,-0.005561207616815194,0,1
-0.006302417286468772,-0.005463399041382695,0,1
-0.0045258568889405566,-0.005309015515677395,0,1
-0.0025138895506040745,-0.0049161237531939895,0,1
-0.005131239732760881,-0.004558956072945917,0,1
-0.005567592510323865,-0.00485270685641073,0,1
-0.005784883159282096,-0.005379364738760655,0,1
-0.005251174537055526,-0.005440096897456853,0,1
-0.007127359528989784,-0.00612564532662063,0,1
-0.005268967972354314,-0.004657807986630343,0,1
-0.004627736387145387,-0.00492420165227317,0,1
-0.005565522249790887,-0.005851367233300821,0,1
-0.0044658573287639945,-0.007100327067766874,0,1
-0.005350696504817355,-0.005452563172321657,0,1
-0.004969901748616864,-0.005384337243277539,0,1
-0.0053104022449352644,-0.008187290172128917,0,1
-0.00494019121187027,-0.0043870904400885435,0,1
-0.0052852479502359185,-0.005212886599090345,0,1
-0.004170482036592108,-0.005616281336161475,0,1
-0.004663308469374588,-0.005395260398664054,0,1
-0.005915621094803673,-0.0054979653730208924,0,1
-0.004423421720781848,-0.006549053017430262,0,1
-0.00506808480185193,-0.004777622951330362,0,1
-0.007035387948588818,-0.0035695545194323374,0,1
-0.004988479666604117,-0.005468869136233378,0,1
-0.005246748648978109,-0.006640608365972355,0,1
-0.0056313468722166225,-0.004767349390303724,0,1
-0.003951384845007406,-0.005268891426179839,0,1
-0.005895288314704809,-0.006049839014694037,0,1
-0.005826004010587161,-0.0052251989836482726,0,1
-0.0035833710087838045,-0.006529010103747771,0,1
-0.004567069030220123,-0.005661308524836408,0,1
-0.005569115557939356,-0.005108459377719423,0,1
-0.004750067096719534,-0.0032053312268841556,0,1
-0.006232683057084758,-0.005892135738343468,0,1
-0.005019409713499842,-0.005591807232779926,0,1
-0.0031082924056365334,-0.002408098817751908,0,1
-0.004809418454093492,-0.005341001387327304,0,1
-0.004444699928361098,-0.006679718982205452,0,1
-0.003753526092893271,-0.005954962065373173,0,1
-0.005304795081393077,-0.006126002834570318,0,1
-0.005048891293615262,-0.0046348517984160795,0,1
-0.00728514006141014,-0.004498448877446353,0,1
-0.005492569394916461,-0.006497518993022822,0,1
-0.0036194893790121763,-0.005945770279437716,0,1
-0.005020450153085747,-0.004883502361710852,0,1
-0.004329167858267063,-0.00605009336127826,0,1
-0.0029572234580097904,-0.00794118382692316,0,1
-0.00322833524991249,-0.006838604705213229,0,1
-0.0029855886577660295,-0.004952030613813617,0,1
-0.004923972423336321,-0.00564659224943512,0,1
-0.006082287311939487,-0.007064860024818585,0,1
-0.006601935600084945,-0.007884062321430426,0,1
-0.005016166397261543,-0.006107429046726828,0,1
-0.0024940375395347916,-0.004226160287795301,0,1
-0.002128127539493641,-0.004906412340724648,0,1
-0.001035342700398681,-0.0045388226886841345,0,1
-0.0041991354935779655,-0.006953129384920029,0,1
-0.004764883343824851,-0.0028025198237188933,0,1
-0.0034211282508419013,-0.004519567664588495,0,1
-0.005590697149540447,-0.0075278560714994195,0,1
-0.0028642499242683213,-0.006384027004046494,0,1
-0.0018884075228241405,-0.007690733730577839,0,1
-0.0014758252502512124,-0.006616561351484565,0,1
-0.0020621380599644625,-0.006505845297931813,0,1
8.869956224542334E-4,-0.004494610084417529,0,1
-0.0015790204195002722,-0.007082982027395888,0,1
-8.334275888298257E-4,-0.006118946167334221,0,1
-0.002760063220515177,-0.004655514290062817,0,1
-0.0032673069235306293,-0.005432209481978648,0,1
-0.002558873667784352,-0.005053921862687235,0,1
-0.0015343587350974033,-0.00520927775597525,0,1
-0.003622273997245853,-0.00499168539197765,0,1
-0.0019421180437951947,-0.006080813048600697,0,1
-0.0022820516194266864,-0.005136855954606799,0,1
-0.0022613375509988403,-0.005735573854665111,0,1
-0.0017576425132152613,-0.005432513564960977,0,1
-0.0014250698652042784,-0.00728919673226588,0,1
-0.002254038737150012,-0.0065358922163348465,0,1
-0.001498386181739887,-0.006331564441712664,0,1
0.0020099083700046197,-0.00692840432028255,0,1
-0.0021818833242668537,-0.004829290913933657,0,1
-0.002828060516605412,-0.005109685296835981,0,1
-0.0026797310086588825,-0.0050425579942806045,0,1
-0.0032703296081841703,-0.005564218099948849,0,1
-0.0015708198109257404,-0.006280781794151348,0,1
-7.638225423106255E-4,-0.005582583570895529,0,1
-0.0022971890861874142,-0.005978592982401657,0,1
-0.001964288023359192,-0.005564064713092803,0,1
-0.00215848309465486,-0.004968787857048279,0,1
-0.002604539826864528,-0.007814065215602732,0,1
-0.002037001628927334,-0.006472505282983514,0,1
-0.002222215193106545,-0.007184085454893835,0,1
-0.0017484723652133542,-0.008310788792892437,0,1
-0.004984941852762151,-0.006517212386483074,0,1
-0.003227424806821855,-0.004873468530812149,0,1
-0.002702515826376543,-0.005495100074829557,0,1
-0.0038093684255281657,-0.00714154807841195,0,1
-0.004836812532054279,-0.008512521649082493,0,1
-6.802736345211054E-4,-0.006314338997377215,0,1
-0.0030228885225777494,-0.005207947899245194,0,1
-0.003715128149080372,-0.004568086602315942,0,1
3.173027459596785E-5,-0.007875149535681051,0,1
-0.0011441890269193629,-0.0066860454352638465,0,1
4.2087519011009203E-4,-0.0031254991479375345,0,1
-0.0018378461198165874,-0.00677849287949103,0,1
-0.003543679988326682,-0.004497294202654942,0,1
-0.0010929397321147952,-0.005182090235621993,0,1
-0.0011652537220212744,-0.006360425609571335,0,1
-0.0028861522848244153,-0.004623020586326147,0,1
-0.002602155196873204,-0.005848042145155162,0,1
-0.0027426317189700533,-0.0075120772573653485,0,1
-0.0028940333824120376,-0.006781129333745233,0,1
-0.002069671492452944,-0.007167263095398736,0,1
-0.0015104169116324086,-0.006815833010429163,0,1
-0.0024152630341912193,-0.006700342498616691,0,1
-0.003441036945943702,-0.006355585251069817,0,1
-0.0022780163189785696,-0.007359745455083367,0,1
-0.002338218698821844,-0.007021572140295095,0,1
-0.0026183127317403747,-0.005227053836616685,0,1
-0.003289984067834496,-0.004812968459713618,0,1
-0.002767640135384339,-0.005479112142036501,0,1
-0.0024277222608564113,-0.005870833434397455,0,1
-0.0028350822785802757,-0.0047917266102604555,0,1
-0.002415354951097756,-0.006166193840978487,0,1
-0.002419695787747298,-0.007661371900974616,0,1
-4.956159926967734E-4,-0.008065415323788164,0,1
-0.005775306094029399,-0.00760723346971698,0,1
-0.0018191617282549435,-0.005546169013555384,0,1
-0.0029969582322120574,-0.0056984768167069955,0,1
-0.002290898915090418,-0.004606909772358076,0,1
-0.002673166938239971,-0.004626188820809629,0,1
-0.0024409321917896742,-0.005829280721772602,0,1
3.5258897168329885E-4,-0.008269616049734382,0,1
-0.0014454697077228257,-0.006986576412761898,0,1
-0.004334055847327399,-0.006055156342020039,0,1
2.4632860289647073E-4,-0.005188744300610109,0,1
-0.002346182769648264,-0.006799523409268536,0,1
-0.003060039712747484,-0.007449101050400514,0,1
-8.598759625302961E-4,-0.0073824760353466586,0,1
-0.0024426034772174685,-0.0014320505000394673,0,1
-0.0028448650261870857,-0.005902547821058238,0,1
-0.001719137783899456,-0.005639249505628377,0,1
-0.0021794980085917634,-0.005255255886597057,0,1
-0.003411075341956403,-0.006639549204657832,0,1
-0.0020413431753580325,-0.006015528133498965,0,1
-0.002916469326171599,-0.005902100811836732,0,1
-0.0018829887465235823,-0.00677627797698737,0,1
-0.0019165354804964718,-0.006494335691498892,0,1
-0.0020706060988301316,-0.006344363582412688,0,1
2.205994273150908E-5,-0.002611927880813724,0,1
-0.0043118008164097586,-0.006211555182342584,0,1
-0.003444698797363976,-0.0032986841673584245,0,1
-4.8447619996133865E-5,-0.007671400395626071,0,1
-0.002809920823025514,-0.005216759970948532,0,1
-0.0025890389917480024,-0.005811430213589618,0,1
-0.0038977020817318104,-0.007116921917383704,0,1
-0.002976410256331104,-0.006889215193564084,0,1
-0.0024876728993689146,-0.006867973267182498,0,1
-0.00249201427065509,-0.006945115997947901,0,1
-0.004735630990343274,-0.007224770737611881,0,1
-0.0030690353743798157,-0.005694352377046052,0,1
-0.0032746755080519468,-0.006138136673482299,0,1
-0.004510770983260847,-0.0066409255243635975,0,1
-0.002981530310826259,-0.005972510456416472,0,1
-0.002638326538084598,-0.00637242074389497,0,1
-0.002155369935852582,-0.006974669710238324,0,1
-0.00387033014540547,-0.006033079417127223,0,1
-0.0031111802737480224,-0.007821783352974461,0,1
-0.0033870185784344565,-0.005905149036927339,0,1
-0.003022460935976077,-0.0054841398463217495,0,1
-0.001977131256028047,-0.0048079880390773525,0,1
-0.0020779788686282564,-0.00481443943886421,0,1
-0.003320374177861522,-0.006014905635166121,0,1
-0.0024146370465358926,-0.006397736822177904,0,1
-0.00268688797902147,-0.005727792395871148,0,1
-0.0024936907747328332,-0.007016913770094805,0,1
-8.387854376102019E-4,-0.005984890997122016,0,1
-0.0029491463986352495,-0.005770632753989736,0,1
-0.0046948664101511125,-0.00640721284719158,0,1
-0.0011303863384912868,-0.0025697101817032802,0,1
-0.0036713083110308914,-0.008612130640609197,0,1
-0.003940359239446209,-0.0055099819174308775,0,1
-0.0030966580829352706,-0.006489907711165492,0,1
-0.0013956922904031764,-0.0050678821302053536,0,1
-0.003231663148280929,-0.005158086938104998,0,1
-0.004055212634269691,-0.006251889052315365,0,1
-0.005536227167362947,-0.008426187735522124,0,1
-0.004793956553581776,-0.006115143267075684,0,1
-0.003452578570087077,-0.0052098166674079665,0,1
-0.004061519031475303,-0.006107191858120016,0,1
-0.003107154940932196,-0.006255843968882277,0,1
-0.0028535625325218587,-0.006606647518714285,0,1
-0.002729907063199177,-0.006876163553696388,0,1
-0.004556751366624832,-0.006305605979223321,0,1
-0.00234728183681709,-0.0059544570016243905,0,1
-0.005101387040336389,-0.007273509198248849,0,1
-0.003351212763535241,-0.007105764880591521,0,1
-0.003327010301223884,-0.006763945568982894,0,1
-0.001991737864353944,-0.008413788543393873,0,1
-0.00422751873952925,-0.006224851424099555,0,1
-0.0039545155914692464,-0.003921564193336969,0,1
-0.0034049927014702594,-0.006417759099087951,0,1
-0.003713695240052344,-0.004398088729606266,0,1
-0.0030214211717752727,-0.007624142465632613,0,1
-0.0034686102426221303,-0.006744199932039791,0,1
-0.003811614761813083,-0.005692045981730057,0,1
-0.002451478045128344,-0.006265654303470369,0,1
-0.0059266148999603556,-0.00439690585999921,0,1
-0.0017740912785347875,-0.005756844130194146,0,1
-0.004029099706397342,-0.004976955883607173,0,1
-0.0022463887670871015,-0.004675686765060217,0,1
-0.002803163123878447,-0.006124869409091823,0,1
-0.0034999994400432975,-0.006391095089501084,0,1
-0.0029838609335261206,-0.006993793625831892,0,1
-0.00589595149869929,-0.0049178429339622135,0,1
-0.003563366674214742,-0.006239512375415889,0,1
-0.0038043559122939875,-0.006524825901619001,0,1
-0.0034349243138813695,-0.006471704975156095,0,1
-0.004638563547594713,-0.00756387098988136,0,1
-0.0037067330781829317,-0.0056753990535626415,0,1
-0.0035349709333150504,-0.005712003176448681,0,1
-0.0023468788041182387,-0.0055177762009892784,0,1
-0.0030632769511678,-0.005655779235937115,0,1
-0.0032011677138428993,-0.006270118536156017,0,1
-0.004691379313147911,-0.007343270753842409,0,1
-0.004930350853310504,-0.00522933002896191,0,1
-0.004927998894990862,-0.0053032093618250965,0,1
-0.00439354997281192,-0.007806119641359877,0,1
-0.0034942382468675245,-0.006722088597961126,0,1
-0.004344010589192488,-0.004716890542091408,0,1
-0.00312572171536598,-0.006484625269161952,0,1
-0.006726991485697727,-0.009014921073268239,0,1
-0.003660274359786114,-0.006502043289125793,0,1
-0.003825411193868189,-0.005189795088817563,0,1
-0.004086029639165159,-0.004844647925362445,0,1
-0.0034564986812556484,-0.006217289252287568,0,1
-0.004095367280923677,-0.006971010452603303,0,1
-0.003999304282333394,-0.006170901514777019,0,1
-0.004713931925343312,-0.007417395472249502,0,1
-0.003635579136394017,-0.00537969475389659,0,1
-0.0051183527593912604,-0.006053229879007776,0,1
-0.004467405215816153,-0.00630177015767845,0,1
-0.004231301948935107,-0.006138949270791632,0,1
-0.0034104471733611822,-0.006139885785140022,0,1
-0.004473315628212319,-0.007018081588567219,0,1
-0.003925514660379538,-0.006390535381768903,0,1
-0.0053000087056813494,-0.006679535879007253,0,1
-0.004393440050753658,-0.006492489909113811,0,1
-0.0050503037025308745,-0.00724381348017376,0,1
-0.0027583065627157515,-0.004627096247940013,0,1
-0.003346755419060756,-0.004670881239714966,0,1
-0.002900713249194974,-0.004634897198601959,0,1
-0.0029690088408314027,-0.005413833437238717,0,1
-0.002549335282223933,-0.005170134429393709,0,1
-0.003959701247939139,-0.006686746798301483,0,1
-0.0020600615671074987,-0.004789405661373407,0,1
-0.005276802945200871,-0.005764264610056811,0,1
-0.004075149064851538,-0.005286376829397054,0,1
-0.0051053533636911935,-0.006494362819812228,0,1
-0.004257359240915887,-0.006159053464187879,0,1
-0.004497100237181952,-0.006254992626439384,0,1
-0.0061802739302330295,-0.0067190712393786906,0,1
-0.004006918186485872,-0.00515839020122786,0,1
-0.0019644587647709554,-0.0042145840291334296,0,1
-0.003410062644715268,-0.0032275791810719707,0,1
-0.002511047990783456,-0.004244730324198236,0,1
-0.0016586330707422184,-0.004710166009324076,0,1
-0.0018467509946200077,-0.005166990575134368,0,1
-0.004460343447688463,-0.006105615095320376,0,1
-0.0037715977779200875,-0.0054404932307359185,0,1
-0.007521005046333288,-0.00687131585304572,0,1
-0.003411554531624225,-0.0068140047597999055,0,1
-0.004527036719930904,-0.006944583964956216,0,1
-0.0039027269332392225,-0.007051928056224435,0,1
-0.0011293747359366374,-0.006014019784547566,0,1
-0.003049885375911225,-0.0036300698543859943,0,1
-0.0035329513312016268,-0.006261412031823283,0,1
-0.004084214080429266,-0.005936425591695051,0,1
-0.005872842075969894,-0.0053762293430791195,0,1
-0.0037145546530558344,-0.005245557871306472,0,1
-0.0035312617029580906,-0.005477717291489475,0,1
-0.003508282279736804,-0.005684859438132619,0,1
-0.004374494109239864,-0.005478479612710844,0,1
-0.006176450568924244,-0.004605553973420175,0,1
-0.0037359184413832945,-0.006865268776154461,0,1
-0.002938646431337205,-0.004573386072750687,0,1
-0.0028221012016204903,-0.004003257461076286,0,1
-0.0022329199506327174,-0.006096112901567135,0,1
-0.0035804675461318155,-0.004957300150924028,0,1
-0.00264707541599816,-0.005136434356926931,0,1
-6.294132641127464E-4,-0.006122871178834998,0,1
-0.003849502909147701,-0.004871282675774127,0,1
-0.0039055151797481543,-0.005350423987468205,0,1
-0.00549515585816363,-0.002922462354323469,0,1
-0.00547068912436031,-0.004098526070973858,0,1
-0.004580263142867497,-0.006942243456982548,0,1
-0.00422925394245743,-0.0065467247899359945,0,1
-0.002708338159194742,-0.006063655870405381,0,1
-0.0029278776443691884,-0.0050109412537443585,0,1
-0.003232673553261248,-0.005646783915292289,0,1
-0.0037634412701888667,-0.004729697551112769,0,1
-0.0035566834185515473,-0.00538838562715622,0,1
-0.0038410857330084805,-0.004633957225247357,0,1
-0.004001005792097817,-0.005091916201059529,0,1
-0.005191831509831702,-0.006715497442860143,0,1
-0.0050199683596571605,-0.0064872747697799675,0,1
-0.005125315216201703,-0.006516587152575221,0,1
-0.0026151631448262974,-0.002959818149841527,0,1
-0.003028516621034911,-0.003581638745253016,0,1
-0.003229328399844257,-0.005084834474780935,0,1
-0.0058568977129324065,-0.003410870837117379,0,1
-0.0036730613004822238,-0.006292538739785474,0,1
-0.0038953089122491895,-0.004493045999455502,0,1
-0.004536658260034203,-0.005636422592242295,0,1
-0.00433493027519597,-0.005211772045847369,0,1
-0.004878968287919401,-0.005655702089828601,0,1
-0.005256924361838656,-0.00627454496889179,0,1
-0.003034839884195977,-0.004537764282240669,0,1
-0.00280356008714995,-0.004147596085509748,0,1
-0.004375901567396684,-0.004330976186447647,0,1
-0.0035034121411975957,-0.0053717252113243226,0,1
-0.0036745524228011246,-0.006828502947130928,0,1
-0.0032568431980697795,-0.004287792904438903,0,1
-0.0018009359454615812,-0.006693376625036766,0,1
-0.005978802591692566,-0.007066265544059574,0,1
-0.0038573474603000235,-0.0069862339663129235,0,1
-0.003657398408372314,-0.005330797981342905,0,1
-0.004368364762537637,-0.003444334489919552,0,1
-0.0031013551359798802,-0.004172237402108011,0,1
-0.0022593058658902892,-0.0017057143877855202,0,1
-0.003888173368198749,-0.004799527159158944,0,1
-0.0040110165614565705,-0.004839065029966221,0,1
-0.004678224990897404,-0.004588005512447171,0,1
-0.0053200963847234795,-0.006109259510299469,0,1
-0.004528735754845507,-0.005636116258355945,0,1
-0.005695698590957572,-0.004911390225241647,0,1
-0.0030374868909647146,-0.00435207972559665,0,1
-0.0033728273890994247,-0.004012169331917752,0,1
-0.002449009538309548,-0.0032836522155064584,0,1
-0.003433408410920328,-0.0046970981688603175,0,1
-0.002675730158069191,-0.00519829666649026,0,1
-0.004772615739555731,-0.00513874257161629,0,1
-0.004841809384080319,-0.005226744706964509,0,1
-0.005089544750094755,-0.005732653282058061,0,1
-0.0049293821840841285,-0.006224456972548402,0,1
-0.005605908977820073,-0.005188286225196595,0,1
-0.0035953492082749366,-0.003588469573884808,0,1
-0.0036514897382982745,-0.0048057732982628104,0,1
-0.004161994500108223,-0.004287825779924757,0,1
-0.004119305180009143,-0.004660001260866194,0,1
-0.001894136918514101,-0.005642426289509266,0,1
-0.004424570691877572,-0.005078041838433838,0,1
-0.005554567303867285,-0.006207499184744264,0,1
-0.0018158341064814904,-0.005298083330640952,0,1
-0.00359929446864425,-0.003547837077359164,0,1
-0.003966982710055791,-0.0038621078106396444,0,1
-0.004289868140098207,-0.0032036830997869237,0,1
-0.0035866145262240883,-0.004584834023464706,0,1
-0.004176018846651493,-0.006459057582205077,0,1
-0.00447060013861481,-0.006167480500572179,0,1
-0.004515359205310806,-0.006208987338748321,0,1
-0.004147432532193942,-0.00311834189463532,0,1
-0.002419297702082772,-0.003613934318207693,0,1
-0.003673237383562523,-0.0044220984809154405,0,1
-0.002773325268204647,-0.004662094049837128,0,1
-0.003926531465645917,-0.004793713671872782,0,1
-0.004247459686595976,-0.005951509559003723,0,1
-0.005186528885989914,-0.004179150424133639,0,1
-0.0032690035760262392,-0.003970478712426496,0,1
-0.003356535312148948,-0.003395427550529259,0,1
-0.004592314692028635,-0.004643190673310457,0,1
-0.003302063004441797,-0.003046209805894454,0,1
-0.00397735083255042,-0.004180531259000153,0,1
-0.004266579367009967,-0.0035007810615192056,0,1
-0.003237362255134267,-0.004293379566043666,0,1
-0.003322139251551395,-0.00408949580332956,0,1
-0.00290712058821134,-0.003833551103939655,0,1
-0.005042366207422993,-0.004358155335581814,0,1
-0.004762568031492641,-0.00639673829658258,0,1
-0.002091184680529471,-0.003082630077105236,0,1
-0.004507052157829082,-0.004627336450372781,0,1
-0.003623799446148464,-0.0035934641494274845,0,1
-0.0035906872263874456,-0.0038398916583497235,0,1
-0.004436866330496258,-0.003647689835280534,0,1
-0.005125940735548427,-0.0029940808743298686,0,1
-0.003550520243825294,-0.005205088212153893,0,1
-0.004337435765366472,-0.0044165979816371305,0,1
-0.004069410198266658,-0.004267367515785167,0,1
-0.006907926119714131,-0.0029114872845923904,0,1
-0.004033662135239981,-0.003941858093454981,0,1
-0.005941420504402955,-0.004066408080660493,0,1
-0.00457128844859876,-0.004591533157502439,0,1
-0.004165149416156495,-0.004770296121309584,0,1
-0.005205808274350917,-0.003983747201058448,0,1
-0.004022375358649809,-0.0039655520249688245,0,1
-0.0024513600510817127,-0.0038234307989885967,0,1
-0.004131956586573104,-0.004307042399962895,0,1
-0.0054756021931257285,-0.005586782206970614,0,1
-0.004098101205769686,-0.0037746526952823186,0,1
-0.004487732634094483,-0.006155047079045398,0,1
-0.0033191917027580076,-0.003343946990164238,0,1
-0.0052259751317922055,-0.004128241140559204,0,1
-0.005597923942784991,-0.006563460797082226,0,1
-0.003056490399616821,-0.0040626535521348355,0,1
-0.00439460036173523,-0.0035380199170219778,0,1
-0.0028710862829535253,-0.004163955544042932,0,1
-0.0034324323374060124,-0.003940380363322707,0,1
-0.003683986355098018,-0.0039867165770593,0,1
-0.0045116706602987364,-0.0038460212134348065,0,1
-0.0035658147516289015,-0.004170833309271032,0,1
-0.004529761566466815,-0.0033593257101907567,0,1
-0.0034919945669671737,-0.004025668282873649,0,1
-0.005739717111886187,-0.005307460528165131,0,1
-0.0062312212192017795,-0.0024699846728402316,0,1
-0.006397002649291513,-0.0039626564170336205,0,1
-0.0035094786037081984,-0.00291891168046236,0,1
-0.004036526837952044,-0.003712274095872024,0,1
-0.004372260250456732,-0.0033118451539161102,0,1
-0.002825705583661261,-0.003388301005910216,0,1
-0.004601230903084095,-0.003772952910665958,0,1
-0.006066592435889127,-0.003173728551167968,0,1
-0.004790694796359487,-0.003260669922998286,0,1
-0.005363039262951522,-0.0034108264786407365,0,1
-0.002905328505421843,-0.004874503542940134,0,1
-0.007595575686203043,-0.0014300925648518432,0,1
-4.914678882080119E-4,-0.015312207814205643,0,1
9.675947445723684E-4,-0.013646961825055528,0,1
0.0014084093161041422,-0.014895195198292804,0,1
0.001707224087969273,-0.014968006629841183,0,1
0.0022235676856174388,-0.014401401517121524,0,1
0.001756150923565109,-0.01463989989515297,0,1
0.0027915712372763345,-0.016511363669183148,0,1
0.0011594822550792484,-0.01253309980614911,0,1
0.0011915577820557429,-0.014458997393369385,0,1
0.0016613153198345092,-0.012460130033780837,0,1
0.0012463241526497458,-0.012701791876396406,0,1
0.0014122893638660236,-0.013027708408996383,0,1
0.0028376094919268934,-0.012004321349665758,0,1
-0.002364300330029926,-0.011094798322246626,0,1
1.2754544471360021E-4,-0.011724446032958366,0,1
0.0016642247396092661,-0.011750566434620672,0,1
-0.0012050293818901517,-0.009332005502729253,0,1
0.001315518957360189,-0.01556439276601538,0,1
0.001444715857696892,-0.013283060473393525,0,1
5.968766820172651E-4,-0.015289788481901809,0,1
0.001036231262541521,-0.015625675899711342,0,1
0.0012890455749987146,-0.013926082463222276,0,1
0.0012722610621674966,-0.013814209144303148,0,1
0.0036893930042059646,-0.01260947580749359,0,1
0.0015207190109441195,-0.013449155457732521,0,1
6.749020654099092E-4,-0.012922544285333798,0,1
0.0010823449422726731,-0.012942490335718967,0,1
6.723325294252163E-4,-0.012688112374358074,0,1
-0.0011889246748953285,-0.013794778983648332,0,1
0.0011696314791500026,-0.011962458800981832,0,1
4.5352412343227315E-4,-0.01263903103532467,0,1
-0.0016995755964774404,-0.011026374204623159,0,1
0.0045802470462657785,-0.01494645145637835,0,1
0.002177343560171597,-0.015722659865696726,0,1
0.0010434247791785384,-0.012512826823795844,0,1
0.0013456134627372793,-0.013522269743664404,0,1
7.034049861526268E-4,-0.013971804036087998,0,1
0.0012100652438981482,-0.013849281623416235,0,1
0.001579362795392266,-0.013594202033820488,0,1
-1.2330672849838822E-4,-0.014238047474384584,0,1
0.0013082668927702399,-0.012902554682357514,0,1
8.74202801383883E-4,-0.013175633125880114,0,1
7.554054025148155E-4,-0.012797930663915102,0,1
9.116637925557578E-4,-0.013488033516644862,0,1
3.1347101335702513E-4,-0.011634649945297046,0,1
0.0021533711885286877,-0.011125600794753287,0,1
6.611977692969548E-4,-0.011110747456400102,0,1
0.0018805376120642249,-0.014821568997561969,0,1
0.0015496791245585984,-0.013848652421514307,0,1
0.0020084166602795973,-0.014824971566883258,0,1
0.0024952459357222468,-0.015470520462841553,0,1
0.0020913115924248355,-0.013632060877625545,0,1
-1.0008675296351056E-4,-0.01594744834858546,0,1
0.003971052513067237,-0.015678066920176304,0,1
0.001080762788758143,-0.014187870808166617,0,1
0.0016038712564435081,-0.012098225794211194,0,1
-0.001165847844116997,-0.010386269660650682,0,1
0.001685277739314021,-0.013157813207659897,0,1
0.001551692983192162,-0.012695500396894967,0,1
0.0017968437746956945,-0.01170037730114887,0,1
7.561155772217278E-4,-0.007736686663965744,0,1
0.002617962197531749,-0.015460640692099235,0,1
0.001336020993914639,-0.01658198190485097,0,1
0.0017321294156651512,-0.01848863879507088,0,1
0.0014028502187679003,-0.014557148658181508,0,1
6.082092830264953E-4,-0.013353361803287648,0,1
0.0031310856050234597,-0.013251725811316393,0,1
0.0015748365028535134,-0.013603130713625901,0,1
0.0021729250711905903,-0.014032004047609745,0,1
5.71874996630971E-4,-0.012584951665030956,0,1
0.0014690672696802188,-0.01250259798137785,0,1
0.001604070797867973,-0.012515012321152678,0,1
2.4272870748173717E-4,-0.012186641232735012,0,1
4.066496382691293E-4,-0.008867325352732686,0,1
3.919552391119297E-4,-0.011525729552843067,0,1
7.953859687212982E-4,-0.01145133438493235,0,1
0.0012330980529060313,-0.015273195176944464,0,1
0.0016749109127521713,-0.015381050093285479,0,1
4.984343046172883E-4,-0.014417177811456803,0,1
0.0015533845217866557,-0.01461553146284646,0,1
6.178316462213773E-4,-0.013707546338443873,0,1
0.0012125483051389164,-0.013713807466150604,0,1
0.0024444226422662553,-0.014195133798417579,0,1
0.0013814416701435324,-0.01378293768801064,0,1
2.9745339890168283E-4,-0.011893409311201142,0,1
0.001649966524217234,-0.01388037044379847,0,1
9.313432117915146E-4,-0.012157044646353818,0,1
0.0023540878765297914,-0.012629136477561788,0,1
0.0020353449689660204,-0.009749496418426023,0,1
0.0031807156298295134,-0.01564438903254271,0,1
9.832220111911153E-4,-0.014822995181456928,0,1
0.0016172784757463924,-0.01506033376428353,0,1
0.0013615162169538125,-0.01407554605280201,0,1
0.0024001691756302436,-0.012380924419514463,0,1
0.001464081525551017,-0.014082962139354862,0,1
7.390078832908914E-4,-0.012956285605877608,0,1
0.001548089735479033,-0.013421917975691441,0,1
4.8753924978493844E-4,-0.013215638738004985,0,1
0.001105559964843487,-0.01260051142307546,0,1
0.0011173322116225558,-0.012479226109663214,0,1
7.609592952285326E-4,-0.012545328073920977,0,1
4.4916108952845643E-4,-0.013789969415320341,0,1
-6.935896988514383E-5,-0.011612744986660919,0,1
0.00184507619686667,-0.014553520016707747,0,1
0.0014135329002921485,-0.013396106207289595,0,1
0.0024187883610861808,-0.014395127368531326,0,1
0.0018106388449295363,-0.013836950851051947,0,1
4.841278446321814E-4,-0.013743625011603512,0,1
0.003461265158818639,-0.01445439978262035,0,1
0.0017453229441447133,-0.013302984981436535,0,1
0.0015225186490366186,-0.013184452672646592,0,1
0.0017901948727940453,-0.012121807427478275,0,1
0.00222696433512846,-0.011661445010391795,0,1
0.002010168629165299,-0.010674034036552971,0,1
0.0010706093346311485,-0.011715107362652646,0,1
3.968342388501276E-4,-0.017160116522296136,0,1
0.001871101039668102,-0.013784437182655408,0,1
0.0015256792977555776,-0.01433669784678891,0,1
0.0021023947265970816,-0.014201191997502905,0,1
0.0021840673665483906,-0.012681042118994278,0,1
9.9086249183578E-4,-0.013672613883521553,0,1
0.0031117627205053816,-0.01187322270090065,0,1
0.0021609586476554125,-0.0123158274275829,0,1
0.00207614694576367,-0.012824780713006407,0,1
0.0015804006228867817,-0.012665425750981976,0,1
0.001080428770876868,-0.014375962264590512,0,1
0.0018905769313703165,-0.013115037501976028,0,1
0.0015213472663109834,-0.012152176321830273,0,1
0.0030142190231500906,-0.014097587597249061,0,1
0.0025547798996721897,-0.014505772387462064,0,1
0.0036133222143135703,-0.013264767325487072,0,1
0.0018693067370541192,-0.014274471094379244,0,1
-4.227645671438787E-4,-0.013189935737333621,0,1
0.004030855250038589,-0.013374521979133358,0,1
7.748858034404324E-4,-0.013864416177288865,0,1
0.0013268812064188412,-0.012411739649019954,0,1
0.0015949626705411314,-0.013227678150923657,0,1
0.001780320373259971,-0.012593799558336142,0,1
0.00313145484268484,-0.012575152686646886,0,1
0.0011067077069627637,-0.013027568105357443,0,1
0.0024239822249833066,-0.01564354846235318,0,1
0.0023630842990437135,-0.015444154519691727,0,1
0.001775392449259426,-0.013901988458197827,0,1
0.0015488847120264022,-0.013754662777073974,0,1
5.19680740833643E-5,-0.013506270340357451,0,1
0.002268137960252652,-0.013345488884955424,0,1
0.0015877137541668968,-0.013263732492106956,0,1
0.002111926269905517,-0.013110162334230159,0,1
0.0028692419777863456,-0.011998891825125852,0,1
0.0020349550476008904,-0.014055362778989349,0,1
0.0021416520493244013,-0.012491121441967347,0,1
0.0020718147148941733,-0.013894466441898196,0,1
6.928190733701945E-4,-0.013810513786325663,0,1
3.6648059998049224E-4,-0.015340993797625997,0,1
0.0019554522749610317,-0.014111690628904416,0,1
0.0026468832930356544,-0.013173441005629965,0,1
0.0017100794239202823,-0.013048285071339798,0,1
0.002573463351631835,-0.012983316102642636,0,1
0.002931058504894915,-0.011696892935556279,0,1
0.0028585873344644072,-0.01097213482852014,0,1
2.38350261302176E-4,-0.011457378307270998,0,1
0.002280886097424829,-0.01157868671334398,0,1
0.0029950632082308606,-0.014979194420973776,0,1
0.002329304637811684,-0.013867018156440104,0,1
0.002144900498128806,-0.013948771728977466,0,1
0.0019857215409187436,-0.014018863503055241,0,1
0.0023185449761733436,-0.013746758342420314,0,1
0.002303875947176057,-0.013411039335096804,0,1
0.0012064890025021192,-0.013174324417530341,0,1
0.004257890969887477,-0.012082164664149228,0,1
0.0032193110064741496,-0.014949716501082405,0,1
0.0030412271752920093,-0.01335187704930148,0,1
0.0014273257780737093,-0.013902920425749001,0,1
0.0019188766883304835,-0.014473132006079767,0,1
0.001926860052486831,-0.014367621161414212,0,1
0.0019819478849957338,-0.014172324639231402,0,1
0.0018717154333597436,-0.014881406341778784,0,1
0.002006550044429744,-0.013699658220100936,0,1
0.002423936887243414,-0.013273381772203371,0,1
0.002277488713870103,-0.013263213516380951,0,1
0.0022076549523545926,-0.012215848109451933,0,1
0.002491351188400742,-0.01190857514400619,0,1
0.0020691998584381416,-0.014484116263861346,0,1
4.0770330410827625E-4,-0.01564514379341817,0,1
0.0016168469128223192,-0.014776266705365507,0,1
0.0020245849647625414,-0.014333887295181804,0,1
0.0023046646879886223,-0.014178885266121228,0,1
0.0017167682954488009,-0.014317512550699128,0,1
0.0019024812102869267,-0.011871870218754346,0,1
0.002286970021260688,-0.013004465215762734,0,1
0.003651047709420115,-0.014681324622329604,0,1
0.002434641718774041,-0.012832002419394578,0,1
0.0024319918141602996,-0.014706605220287924,0,1
0.0026265662431039843,-0.01382337662084091,0,1
0.0025280603093851416,-0.015459490375129349,0,1
0.0036177348969748955,-0.013065026644206085,0,1
0.003526706011897267,-0.013640974906550776,0,1
0.002239318372415586,-0.013312487781892706,0,1
-3.217366340811373E-4,-0.013652819744172175,0,1
0.0022054921730179367,-0.012958048956139074,0,1
0.0022446299028162017,-0.012492272632136463,0,1
0.0017859944625153487,-0.01526991914444815,0,1
0.003002460792922504,-0.01589106487843827,0,1
0.002881385591761347,-0.014487639513686356,0,1
0.0031658664843874007,-0.012685847292733766,0,1
0.003580097995795281,-0.013335327252940345,0,1
0.003026942167554129,-0.014872833713258945,0,1
0.0023798943712560173,-0.01315680082394362,0,1
0.003990701498687943,-0.01235400003140329,0,1
0.00202937174458929,-0.012796045553237354,0,1
0.0025618189729273077,-0.014257628151671413,0,1
0.004169455134942496,-0.01572521893489488,0,1
0.002998163624128265,-0.013743316305901917,0,1
0.002059530729259506,-0.01369456685205948,0,1
-9.143373215506708E-4,-0.01285922851375889,0,1
0.0025168736410804225,-0.013228092529904588,0,1
0.0025482082146066746,-0.013246711107095951,0,1
0.00218127162954814,-0.013075427346958842,0,1
0.002642999970198734,-0.014697525649238138,0,1
0.0023560603123408265,-0.0139931564761753,0,1
0.004661976367011941,-0.012578419695370009,0,1
0.0027686128090922144,-0.014431347817197345,0,1
0.002752577063200905,-0.013423845888606498,0,1
0.002823975979409856,-0.012718120095340497,0,1
-2.9699701867624985E-4,-0.009995502689535838,0,1
0.002388310829038591,-0.012534222667752578,0,1
0.00270335596205411,-0.014394130652004834,0,1
0.002743482320628406,-0.014226553956187306,0,1
0.0018781755772040265,-0.016552896417952927,0,1
0.0028211004164068678,-0.010272746999941481,0,1
0.002815900507131104,-0.013480315145559633,0,1
0.002469679856293678,-0.01272052500944396,0,1
0.0027581399746587475,-0.01296019750690068,0,1
0.0014174055632484818,-0.012061506090135564,0,1
0.001736444756499513,-0.01375560533139728,0,1
-3.0114765498034734E-4,-0.011716610672455875,0,1
0.0034207338446245626,-0.013589072427288757,0,1
0.002818888301387659,-0.014330297869952076,0,1
0.0023959600949993035,-0.01357713954410597,0,1
0.0012438859165485037,-0.012904140678429587,0,1
0.004108004162298616,-0.013426966614835303,0,1
0.0021380453711325647,-0.014258130962120119,0,1
0.0036065210944240737,-0.014426161672861355,0,1
0.002563852815584317,-0.013408465212756205,0,1
0.0023423191020437587,-0.012608961737324105,0,1
0.0023515711456216877,-0.013870302508474562,0,1
0.0029397784027206625,-0.013111866322656695,0,1
0.0010616174875662462,-0.014746040889095582,0,1
0.0029057191526874965,-0.014045374940523256,0,1
0.0029617624268110194,-0.01372355556433484,0,1
0.0037635825323274054,-0.01311215170237021,0,1
0.003688441008397017,-0.012262274289622316,0,1
0.0022109291020396622,-0.013817451427924293,0,1
0.0033914231932580595,-0.013665870315613976,0,1
0.0038450369743050585,-0.015630894042673222,0,1
0.00336739428940063,-0.013805304981157406,0,1
0.0030687202493693243,-0.013690057191949432,0,1
0.003233601358257725,-0.013175997309877185,0,1
0.005317351473145308,-0.01460855185635984,0,1
0.003068212547317616,-0.014055900628141315,0,1
0.002972619723144395,-0.013913815979500775,0,1
0.0020648419717052544,-0.013442644192857471,0,1
0.0028497611574906548,-0.013452267675211146,0,1
0.005811921726650865,-0.012403940837449702,0,1
0.0037016681339754544,-0.013444498597600024,0,1
0.0038510110578496596,-0.01185661208583729,0,1
0.003642130568631066,-0.01078185330276839,0,1
0.0036916256894307343,-0.012776182622800066,0,1
0.004980110892391856,-0.01101768821842845,0,1
0.0037432743623954444,-0.014308035605907406,0,1
0.0034032988267892177,-0.012978831399226324,0,1
0.004060492948684985,-0.012970134808210774,0,1
0.003096576937473157,-0.01385168646471674,0,1
0.002695797991325409,-0.015335884691207452,0,1
0.005932775262576306,-0.01565556328216358,0,1
0.003942032204976597,-0.014485301149833617,0,1
0.004153596489272906,-0.014738917396440166,0,1
0.0029721000680252695,-0.01540555400176918,0,1
0.0037185061175058066,-0.012163579711771793,0,1
0.003950975211012488,-0.014121800746459861,0,1
0.0035011023909711585,-0.014827793404239908,0,1
0.0032679065950750987,-0.013421305109693032,0,1
0.00420497858721486,-0.01610526651255434,0,1
0.00520225906943479,-0.013797709433023499,0,1
0.0032478229273746138,-0.015082171772298132,0,1
0.00423195159172746,-0.015148371426132764,0,1
0.001899813291336016,-0.015387550919852704,0,1
0.0042797107631177235,-0.014543740861629215,0,1
0.0036603116886991856,-0.014035729529709447,0,1
0.004787603401789299,-0.012675208471777109,0,1
0.006616316628182477,-0.013492397126401991,0,1
0.007975332947513451,-0.012080070245312304,0,1
0.008431576542957914,-0.012721783470224117,0,1
0.0057120196244198115,-0.013757821271291843,0,1
0.004951083046310103,-0.013846179261363147,0,1
0.005385238064803279,-0.013552404180269394,0,1
0.006921090816746386,-0.01416432131171392,0,1
0.00452845988111283,-0.012918427997718253,0,1
0.006028226683636498,-0.015149857486548656,0,1
0.005395507824060424,-0.012478180330870562,0,1
0.005251910205864804,-0.013838637557987454,0,1
0.006323887544640477,-0.013222611292126553,0,1
0.0033251905820722585,-0.01440102015661734,0,1
0.004300222339301597,-0.012229740657233423,0,1
0.003833834626115414,-0.01499973517658467,0,1
0.004406618659730418,-0.01411274696538795,0,1
0.006914383345107563,-0.013277468304780852,0,1
0.006691777814558373,-0.013321561366324773,0,1
0.00718550015871436,-0.012888715309646925,0,1
0.006761191579779476,-0.012508102665354704,0,1
0.006024006676016409,-0.013370066369680935,0,1
0.002906800560162544,-0.016054389577685284,0,1
0.005948107216464209,-0.013129224893580217,0,1
0.005454068463146863,-0.013334539422210828,0,1
0.006346311495299545,-0.013058626781230228,0,1
0.004867676403771709,-0.01343145522312102,0,1
0.0046688403789294656,-0.012023594156154936,0,1
0.004711867506638665,-0.013866772487768188,0,1
0.003323374758071155,-0.013635047505018765,0,1
0.005974347150923602,-0.011634524059200537,0,1
0.004095685704876637,-0.013581939549702668,0,1
0.006688384776052025,-0.014620403710509513,0,1
0.006308046883144854,-0.013479564692478895,0,1
0.006400769173074811,-0.013429449400447116,0,1
0.007189712479493132,-0.01333585157245725,0,1
0.005591782343470099,-0.011463656539672781,0,1
0.0070309361941814485,-0.01234720177198855,0,1
0.004394860105516966,-0.009985129230289078,0,1
0.004597577593697432,-0.012246252642892927,0,1
0.005131792219981612,-0.013800514205838346,0,1
0.005867350920020481,-0.012805763759602951,0,1
0.0030374556382222,-0.011292945902571818,0,1
0.005009157758178489,-0.013071657579977384,0,1
0.004725086359434078,-0.013111643462074904,0,1
0.004550373228742424,-0.013501173408963417,0,1
0.004881882772493202,-0.012693657345178053,0,1
0.006798203460652068,-0.011820212386775037,0,1
0.006940109553003137,-0.014163405445659043,0,1
0.010373171613040754,-0.012944285008467686,0,1
0.0061664937253875516,-0.01407704768710666,0,1
0.00664149286424387,-0.012303848863748775,0,1
0.007955311408051165,-0.012977410536230687,0,1
0.005304038478175903,-0.013266126014875743,0,1
0.005382709336383536,-0.013838132399686577,0,1
0.005845487466750505,-0.01351608792714095,0,1
0.0033869711125276876,-0.013549566758495113,0,1
0.005555007454805278,-0.014222152332574008,0,1
0.005084511860936095,-0.013724534894173841,0,1
0.004583187767858754,-0.013639852438750499,0,1
0.004150980889580455,-0.0138232081577666,0,1
0.007101742321260347,-0.013310847984500045,0,1
0.006492657250594026,-0.012949384638980203,0,1
0.0063594439320391475,-0.01316735864293135,0,1
0.007115060299691431,-0.013054085659159258,0,1
0.005792950514212641,-0.013048058637379758,0,1
0.005481597201835948,-0.013614825561696391,0,1
0.004832814040221615,-0.013500966961030918,0,1
0.004919258739153615,-0.014219650254452088,0,1
0.005403428742366427,-0.012473894845622922,0,1
0.004822979076587798,-0.013171275945860338,0,1
0.00526928898637933,-0.013573478405485789,0,1
0.004458650797306031,-0.01533854051255963,0,1
0.004736901155916606,-0.014809693793274696,0,1
0.002892347746802963,-0.01354771098275417,0,1
0.007839711531941202,-0.01523854851546375,0,1
0.007066044924182508,-0.014853154622899569,0,1
0.006054980530505167,-0.013880851854611815,0,1
0.006925722362113616,-0.01404175804156173,0,1
0.005184641907765305,-0.012551154178751156,0,1
0.004620721811266105,-0.012480283314147435,0,1
0.008491956853777204,-0.01218871733753648,0,1
0.005935484038016148,-0.01300699876724209,0,1
0.004827201264772916,-0.013048602711845853,0,1
0.004862579617172539,-0.013522880995883443,0,1
0.005459210375389737,-0.013561338014785146,0,1
0.005298431706073126,-0.014198492425903065,0,1
0.00663022548517657,-0.013269473799712182,0,1
0.0052591341793160355,-0.013908013323827517,0,1
0.005621289124268789,-0.012879206461917297,0,1
0.005999980695131588,-0.012996281899939593,0,1
0.006112019511677231,-0.01304921753590377,0,1
0.0047706151205325845,-0.014598573439329042,0,1
0.005679464867850066,-0.011956689039556307,0,1
0.005498162325534374,-0.012820228592307113,0,1
0.004982160040588488,-0.013089894497174381,0,1
0.005473476904922025,-0.013995206189724408,0,1
0.004403262944811683,-0.013617628865627729,0,1
0.004719142077760175,-0.01316430393657099,0,1
0.0040925561266203,-0.013438060135790256,0,1
0.006721243163939858,-0.011641824577383353,0,1
0.006711726575669255,-0.012889641642135513,0,1
0.006348235913531074,-0.01279691856994465,0,1
0.009012765240148697,-0.013282946115331424,0,1
0.006179070371464212,-0.012571167216559627,0,1
0.00581257534689013,-0.012862226268175488,0,1
0.005345926432148781,-0.015612807417157192,0,1
0.004755619619487482,-0.01383688549608539,0,1
0.0052810381740061255,-0.013108371602784592,0,1
0.0034742476420866137,-0.01308043877745271,0,1
0.004876974948515115,-0.013436582770051433,0,1
0.00464868864881139,-0.013154471312828776,0,1
0.006985264108946176,-0.013210220094837589,0,1
0.005890618236658501,-0.012584509660003082,0,1
0.004983072429689451,-0.012428310764076089,0,1
0.005269949507474113,-0.012519815597317543,0,1
0.005488930622180983,-0.014139805627326585,0,1
0.0051858682398080586,-0.01327664876540237,0,1
0.0053607627062810794,-0.012964213523549456,0,1
0.0062275523009110625,-0.013088389588392448,0,1
0.005321352225711689,-0.012669583800684961,0,1
0.005013944060718104,-0.013323607637368614,0,1
0.0034384261269733954,-0.014412018402555878,0,1
0.004473215429461441,-0.01292427736409689,0,1
0.0061323721208724775,-0.013120681026276669,0,1
0.00804861956836147,-0.014173003670963354,0,1
0.00608166332812819,-0.013179895919483771,0,1
0.006056452152894876,-0.012274963056174017,0,1
0.0056266372366458265,-0.012371737901229838,0,1
0.005276196918012436,-0.013323326937680397,0,1
0.0066682984106740855,-0.012680209696855835,0,1
0.006521220780309819,-0.013421109618406916,0,1
0.004924192609543138,-0.012749604785853916,0,1
0.006847880645584841,-0.0143079525226572,0,1
0.008007130408084684,-0.013572873943261995,0,1
0.006182306012603473,-0.012316502726282088,0,1
0.005373317840238699,-0.013817130165348187,0,1
0.004479212084422171,-0.012597813760893738,0,1
0.005580142895550135,-0.013053517505639576,0,1
0.006099262291109264,-0.012959277778642884,0,1
0.005410079103189754,-0.01199414822880944,0,1
0.004493665936150388,-0.012554697344201365,0,1
0.004782361143615662,-0.01302941651148312,0,1
0.00495073267594993,-0.014895552055660587,0,1
0.00395632231218817,-0.013069056078693169,0,1
0.0027689529789010395,-0.013893647420765015,0,1
0.005767600339431414,-0.012452900236534236,0,1
0.005948507540277041,-0.015261893695930078,0,1
0.006068011976529555,-0.015396524891344979,0,1
0.004354953784610789,-0.012101889854398676,0,1
0.00523442164893079,-0.012810458989656211,0,1
0.006866328695960479,-0.013079790286852015,0,1
0.006629106636708916,-0.013322917203983561,0,1
0.005156241801043817,-0.012560457949412069,0,1
0.004703636441966935,-0.012925883045787952,0,1
0.0032806547879141758,-0.012545264089908553,0,1
0.005875898996684545,-0.011093677237511384,0,1
0.005440280100692863,-0.012320625946158134,0,1
0.003835903932988617,-0.010862606842873546,0,1
0.005527396836109168,-0.01236700645279136,0,1
0.005350927501656758,-0.01279376061746993,0,1
0.0056364282279545335,-0.012220430742278647,0,1
0.006307770748698655,-0.012071364527402506,0,1
0.005518212268169932,-0.01157210603648821,0,1
0.00395948913373747,-0.013514387440164118,0,1
0.002704259516679053,-0.009749323991551288,0,1
0.006133727454857207,-0.011558431802002556,0,1
0.006714841540113893,-0.011085130629506206,0,1
0.00532058072322951,-0.012496250100694002,0,1
0.006616411232006251,-0.013407035932254141,0,1
0.005229000208771593,-0.012283322886611926,0,1
0.004898654063159675,-0.012476681898735697,0,1
0.008167633273956611,-0.01132898460529738,0,1
0.004172735571740015,-0.012219122917231656,0,1
0.006717483237306864,-0.011629334312747364,0,1
0.00586266967523516,-0.011987506108089178,0,1
0.006674897217209068,-0.010723121520956282,0,1
0.00544762780560346,-0.012463669905974648,0,1
0.0038061560406782756,-0.01196108534614833,0,1
0.00572842445415924,-0.012980971917017957,0,1
0.005066562511673508,-0.012186291871798767,0,1
0.0047616888665787315,-0.012288643119441464,0,1
0.005859364692293129,-0.011398534142673361,0,1
0.00721012552978204,-0.014714877507949111,0,1
0.0064584544328088085,-0.011776897619984504,0,1
0.005934809831392747,-0.011963728337411316,0,1
0.0057164919704152046,-0.012243640755458087,0,1
0.00393534232604053,-0.014380708038266273,0,1
0.004305112220916255,-0.01176579036909386,0,1
0.004400844708175122,-0.011382536191006081,0,1
0.004163369372281655,-0.012135004325592955,0,1
0.006219899990148322,-0.012900407983301478,0,1
0.006338729712779337,-0.008959201190068768,0,1
0.005447078681107871,-0.012443909526300806,0,1
0.005765760563633542,-0.012187910683177044,0,1
0.005294663202353347,-0.012187140049342104,0,1
0.005358195128072937,-0.01010119282070124,0,1
0.0031056033314217036,-0.012028048084546673,0,1
0.004314435347232303,-0.012481834821972291,0,1
0.005616342115099148,-0.013756460652853382,0,1
0.00571224268967118,-0.011787002686051665,0,1
0.004677188697240198,-0.011316821095948964,0,1
0.00493226131111876,-0.011407409740386022,0,1
0.00555848298576414,-0.012445955377484618,0,1
0.004196879565316793,-0.011468672862294816,0,1
0.00467765802562319,-0.011849042924238004,0,1
0.005656924171635972,-0.013005663455660154,0,1
0.005136473268311292,-0.011119037861242477,0,1
0.004130809903256426,-0.011109795644858774,0,1
0.0075089549351593995,-0.013310467215785484,0,1
0.005154397393571339,-0.011724917258048837,0,1
0.00528462124303062,-0.014374807463200636,0,1
0.004929346845923786,-0.011938521773427177,0,1
0.006318205858644994,-0.012136244045219246,0,1
0.006196162114855317,-0.010957940035858033,0,1
0.005787679521301852,-0.012582458898310719,0,1
0.007427050686256978,-0.014491244731335355,0,1
0.004554184206720244,-0.008465885448626203,0,1
0.004954311504163828,-0.012032121514944316,0,1
0.0064707092496274305,-0.010969633503858692,0,1
0.003827595012586102,-0.011515265236823117,0,1
0.005644745021291064,-0.011177649163072841,0,1
0.005883961797709387,-0.011276193606784243,0,1
0.004232239877933734,-0.011930629093798573,0,1
0.006674908955000923,-0.014042077437328078,0,1
0.007006989309263839,-0.013582609766890756,0,1
0.006499246765325744,-0.010704935536723094,0,1
0.004696350620529857,-0.010323821292497497,0,1
0.008610680321830185,-0.010257926020479051,0,1
0.004628315624082153,-0.014496965571976368,0,1
0.0069112038887456425,-0.011198454952567514,0,1
0.004750169516100437,-0.011398934598846338,0,1
0.004222340257973095,-0.011587227781343629,0,1
0.005057105955315813,-0.011373514557094877,0,1
0.005323777366340554,-0.011700163321245339,0,1
0.006132673435088573,-0.011353983813128632,0,1
0.005868387865776275,-0.01165688010004502,0,1
0.0038977731142566334,-0.007372522986773967,0,1
0.004704012129553663,-0.011088930625808508,0,1
0.006209670531596943,-0.010392238394457763,0,1
0.004325750202349039,-0.010913513734277808,0,1
0.004456420299726088,-0.010502372898420972,0,1
0.0033427377160640246,-0.01249134878345318,0,1
0.005303005031843196,-0.011022109795353355,0,1
0.004484533912165947,-0.011739621865483496,0,1
0.005470313972080838,-0.01045714009110556,0,1
0.005092613427670892,-0.009560254230757698,0,1
0.005093852624412919,-0.010754887873211378,0,1
0.004458881961485015,-0.010750819704538202,0,1
0.008216322369699089,-0.012260672473681221,0,1
0.005751871526421578,-0.009536094280741862,0,1
0.0052856042064484505,-0.010570514497235053,0,1
0.004890341432818795,-0.011401942756213337,0,1
0.006399860052760201,-0.009948208262521472,0,1
0.00498497755591934,-0.01530021404621161,0,1
0.004310918213308756,-0.013789252468128602,0,1
0.0038618504602708132,-0.013828289529655898,0,1
0.004210292823566099,-0.013078074462277944,0,1
0.004535592823095342,-0.011861599039968654,0,1
0.0020584712585180413,-0.015945388091736984,0,1
0.0030468109177444296,-0.013049839949095777,0,1
0.002508308952153951,-0.013062357683814812,0,1
0.003493313453041521,-0.012518913070583776,0,1
0.002361665918801471,-0.012108847771463302,0,1
0.002587899214427948,-0.013464678589782392,0,1
0.003512981682774565,-0.01460376634981053,0,1
0.0014116372921304352,-0.011155344324726911,0,1
0.0016415041699744744,-0.011904773212429587,0,1
0.0019276910682806605,-0.01149703607430905,0,1
9.953724455232528E-4,-0.010769483432804098,0,1
0.002110920668440515,-0.0113770969730298,0,1
0.001930590648280059,-0.00892367402108385,0,1
-9.575229745146941E-4,-0.012481199400430956,0,1
0.004598466239307171,-0.014184206180111616,0,1
0.0029814152636834916,-0.014102694094626876,0,1
0.0037983554243636573,-0.013740168844831837,0,1
0.004467117819109768,-0.011710692218329764,0,1
0.0034208405014186146,-0.013374556049713982,0,1
4.3840968211399746E-4,-0.013392618998731126,0,1
0.004434664671374308,-0.013596266694615026,0,1
0.0028944836297361658,-0.01287468994527366,0,1
0.00310331763602935,-0.012746867280718298,0,1
0.0035427038689860497,-0.012841915018872475,0,1
7.004695832636791E-4,-0.013328494444580645,0,1
0.0019687474435002993,-0.012661867615646487,0,1
0.0017050481701194917,-0.015630815536079264,0,1
0.002720713929959435,-0.011563118705570185,0,1
7.693515119131634E-4,-0.009674949706267127,0,1
0.0010318709554580578,-0.011287911674700184,0,1
0.0010927742785450888,-0.011508818036805044,0,1
0.0013233823256199098,-0.0108978467094322,0,1
0.003955656796432077,-0.01569551724671805,0,1
0.005957545547609924,-0.013096235603182528,0,1
0.004431697809383623,-0.013916354368234725,0,1
0.0035143448746375408,-0.012794411002936901,0,1
0.003689635560957091,-0.01267956323721722,0,1
0.004565334152106582,-0.013256635374697588,0,1
0.0033263082029125644,-0.010303557593380714,0,1
0.0026610163110514116,-0.012232056492018167,0,1
0.0021381989838153105,-0.012053950915614581,0,1
0.0027778468272108498,-0.012326628167429127,0,1
0.0017971666286958107,-0.011709674201036717,0,1
0.00191298860649004,-0.012076842216823312,0,1
0.0029371645995964067,-0.013262895266643163,0,1
0.002646500919888942,-0.011867230882440684,0,1
0.0013760489837359644,-0.011673462105582287,0,1
0.0010102247753544771,-0.01237909037719723,0,1
0.0033666153710513185,-0.010397547428724799,0,1
8.410425181702303E-4,-0.011425209903419612,0,1
0.004432207788282399,-0.01365787898578251,0,1
0.0033849215091412985,-0.0130487861488138,0,1
0.0026631521029858887,-0.013184180373293252,0,1
0.004784950090717149,-0.01068078871228162,0,1
0.004185109555158846,-0.014602473688867551,0,1
0.0031327674956995633,-0.015366340659684098,0,1
0.0032867381540662146,-0.013383347443286859,0,1
0.0033744138125375053,-0.013375649162502355,0,1
0.002885734786659758,-0.013405661377593879,0,1
0.001477960641445414,-0.01032773124240246,0,1
0.002267425875883406,-0.012396262559105089,0,1
0.002242315895849657,-0.012005666880228222,0,1
0.0022016433504787234,-0.0111965033951289,0,1
0.0016816569409142715,-0.012403978609288869,0,1
0.0010729335042437393,-0.011130271613250463,0,1
9.725306546117962E-4,-0.010961433857271687,0,1
8.029226987788133E-4,-0.01079098708878841,0,1
0.0030044555816497974,-0.014196079326348924,0,1
0.004686660941560821,-0.013590797263982246,0,1
0.005335716750690158,-0.015287381471067318,0,1
0.0037444157009254263,-0.013120324833272272,0,1
0.0029540462867221583,-0.012699233813259997,0,1
0.004464673291877802,-0.011978379346481095,0,1
0.0032966906589557365,-0.013505076427862308,0,1
0.004135890926330084,-0.011454721077847512,0,1
0.0010799918714384492,-0.015722354576505004,0,1
0.005559294221596993,-0.01244704400474389,0,1
0.002049397555209927,-0.012364350450745007,0,1
0.002611072603736242,-0.012068827962842135,0,1
0.0025917302249982475,-0.012211071274651743,0,1
0.0026499561132978166,-0.011492156422999165,0,1
4.909446649695939E-4,-0.011589421881854628,0,1
0.0017529792999403343,-0.01139407741620402,0,1
0.001404055913943088,-0.010850655453941928,0,1
0.004177524069498127,-0.013496335156288897,0,1
0.004103866863057443,-0.013512964353164745,0,1
0.0036021118903925005,-0.011820108757945407,0,1
0.0023430481147433215,-0.013136513726424198,0,1
0.004224560648066031,-0.012315267677094656,0,1
0.002905872460158852,-0.012734139476545312,0,1
0.003480576002211337,-0.012727934820007463,0,1
0.0030289103038495663,-0.012524575440021725,0,1
0.0030391097970053622,-0.012310997861448254,0,1
0.0051371576951765785,-0.015509949288968186,0,1
0.002701096079160013,-0.01208132151851479,0,1
0.001881694163579741,-0.012456812052088016,0,1
0.0028886453080799197,-0.01321310717718386,0,1
0.0023549082261787664,-0.01132786358452065,0,1
-1.7253476967990232E-4,-0.012390456435587562,0,1
0.0014657444007797882,-0.011604503142372028,0,1
0.004120324047521681,-0.014499464973710055,0,1
0.004899255763013465,-0.013471575102145803,0,1
0.003909685172343869,-0.013035640988477697,0,1
0.003835314684678305,-0.01289376902457197,0,1
0.003935110647604445,-0.013255014170825228,0,1
0.0060418126593692716,-0.011849132490519547,0,1
0.0026276685232735765,-0.011269814032703405,0,1
0.004649495556943205,-0.012853863626431546,0,1
0.002054246159718797,-0.01283447482363725,0,1
0.0033675430064579463,-0.012447545703350089,0,1
0.0028936028901962773,-0.011967396424155608,0,1
0.0015682793843018955,-0.014167837078017107,0,1
0.001964414573000411,-0.012055686178469903,0,1
0.0016594946838196136,-0.011827489594921848,0,1
5.302101143135299E-4,-0.00984372318512987,0,1
0.0013890704973264086,-0.008217497112513995,0,1
0.003903472419297469,-0.012781221748383798,0,1
0.0039762478962577985,-0.013213951815431035,0,1
0.004344196621006113,-0.013719242331258095,0,1
0.003961934185855183,-0.013571303482760406,0,1
0.005692743291198535,-0.014062867640937737,0,1
0.003820153296114839,-0.01315785444642795,0,1
0.0019805880561035052,-0.012871660735584498,0,1
0.00148529828833025,-0.013280891458485097,0,1
0.003849946868549225,-0.010854770018473715,0,1
0.0026551481657987102,-0.01194793851216515,0,1
0.003417545323866645,-0.01101134913755147,0,1
0.00233340980585239,-0.01149867448776829,0,1
0.0026069726325519695,-0.011346543921642943,0,1
0.002105318896462456,-0.011426656327080776,0,1
0.002493320674542346,-0.01142033956421505,0,1
0.004218192053101981,-0.014341622085851395,0,1
0.004042036513564158,-0.013027824309060385,0,1
0.004345954853486337,-0.013630639435998699,0,1
0.004159664030043544,-0.012637262816951234,0,1
0.003687862280747551,-0.013123129819325702,0,1
0.003731251285279949,-0.013767576973736362,0,1
0.00291405929732914,-0.011872500089371478,0,1
0.003779254819193101,-0.012774750094629082,0,1
0.002112871240441881,-0.012619781782316805,0,1
0.003299281309532333,-0.012935460535853335,0,1
0.002731538936934772,-0.011891105928168385,0,1
0.003571784018133115,-0.012531809652458191,0,1
0.0021425294089458397,-0.011366488012730575,0,1
0.0016083721889684297,-0.010125744120288374,0,1
0.0015072750136155822,-0.01099511732728746,0,1
0.0037917885992852693,-0.012717578946376372,0,1
0.003908546318438588,-0.01307567727671029,0,1
0.004709706784166553,-0.013338575242065016,0,1
0.0031818066326196686,-0.0117761646618031,0,1
0.005653846210364077,-0.01312904493498288,0,1
0.002756393080617323,-0.012536291733128447,0,1
0.0030602860578730134,-0.012548377597453149,0,1
0.002633628693168016,-0.012614582878619636,0,1
0.0026185243973248203,-0.012210541879165761,0,1
0.002309949312803673,-0.011927849044983454,0,1
0.004344663587002939,-0.008958386944279962,0,1
0.003304895532537033,-0.012544277649837265,0,1
0.0032108288501197847,-0.011924584448415475,0,1
0.002630244115041683,-0.01128416824332492,0,1
0.003793967099423567,-0.012837031164453729,0,1
0.002323020705773611,-0.010913804810993282,0,1
0.0025528778590892687,-0.01274735309906129,0,1
0.0044828179860949904,-0.012601332744446376,0,1
0.003785899781022275,-0.012783781333002515,0,1
0.0029029473275843194,-0.010823678271984263,0,1
0.004357010781585641,-0.012312066970473325,0,1
0.0022852316581881923,-0.013310360493068123,0,1
0.004034698413486243,-0.011625282482227068,0,1
0.0029957724504533767,-0.012764249886553286,0,1
0.0021446233144255212,-0.010601440153221738,0,1
0.0012905946600954355,-0.010506354470304928,0,1
0.0027510661368500135,-0.011909399807357694,0,1
2.7446639640733964E-4,-0.012089662332393098,0,1
0.0011213388305523222,-0.01101133260961342,0,1
0.004539770259071624,-0.013073539263358589,0,1
0.004137652855184224,-0.012588920154931212,0,1
0.004269089393531992,-0.01267138784701949,0,1
4.645981035983852E-4,-0.01219378126598117,0,1
0.004515951387743274,-0.012319980567951055,0,1
0.0054288438071838085,-0.013643820352552087,0,1
0.003112053427113904,-0.01206277492034146,0,1
0.004330296419562775,-0.011072482584026768,0,1
0.0040714311958243285,-0.013831614302716832,0,1
0.002714463371648984,-0.012092481497411435,0,1
0.002311705395914891,-0.010624548608867936,0,1
0.0020543450646548114,-0.011345390305792227,0,1
4.907179271419849E-4,-0.009780537610466291,0,1
0.0053763483556320294,-0.011795077180984553,0,1
0.004379316740751074,-0.013220637948574586,0,1
0.0039186975238191596,-0.012283243269457324,0,1
0.0043489255996789255,-0.011492395497657805,0,1
0.004076293579233458,-0.012716859185355797,0,1
0.0039241377611952295,-0.01127681986810818,0,1
0.006000029577838689,-0.013970907800322188,0,1
0.003080159172902446,-0.010060995446654005,0,1
0.0030884141825698475,-0.011643672265478572,0,1
0.0055728364416865765,-0.010743285484324327,0,1
0.0015080283767685855,-0.011927055528423573,0,1
0.0027289478398317274,-0.010986761129662978,0,1
0.0017437312092035352,-0.010751862117216097,0,1
0.00525313136920056,-0.011865565299102461,0,1
0.004152946320519609,-0.011304800654062969,0,1
0.005325972837412946,-0.011763398896453768,0,1
0.0028303176524515847,-0.0116774528700046,0,1
0.004045965772136529,-0.011946987517716156,0,1
0.0028701999323265024,-0.009410999684725448,0,1
0.003933597650811759,-0.011797473860042517,0,1
0.003834907920692609,-0.01113195208419744,0,1
0.0014993513071864589,-0.010887717541668911,0,1
0.0020595350440401517,-0.010829712638881097,0,1
0.0024996690220412316,-0.011306128567102357,0,1
0.002443943018991793,-0.010491418870083091,0,1
0.004875610024467425,-0.012869227437118687,0,1
0.005667057100370675,-0.012197383962158683,0,1
0.0044087990388964465,-0.01251087162199744,0,1
0.0032513711136447666,-0.012061704500236376,0,1
0.0030586712359796445,-0.011513311118232599,0,1
0.0032508165998694698,-0.010472145002316205,0,1
0.005925057913071101,-0.010089981482245427,0,1
0.002984055353102878,-0.011368278170072315,0,1
0.003320669099310263,-0.011828324294966958,0,1
0.0019017594981909495,-0.011177540028547503,0,1
0.0035442521317607893,-0.012249513778104931,0,1
0.0033318333338880853,-0.011003230511286858,0,1
0.00400118232427663,-0.013142676144092083,0,1
0.0041872292190861995,-0.012340682690349632,0,1
0.004152745721976896,-0.013053366341945464,0,1
0.003494242646356942,-0.009564442794329813,0,1
0.0033358007329318917,-0.013413440495900127,0,1
0.0025287512698848034,-0.01272501508392927,0,1
0.0034685216443256094,-0.011784963806913391,0,1
0.002151922845854422,-0.011966277580356094,0,1
0.003576740171167908,-0.009795123532680687,0,1
0.0024615562464274056,-0.010435355981754242,0,1
0.004902670759730608,-0.013194899019279586,0,1
0.0025754408297887863,-0.01099529737075889,0,1
0.004336357866876437,-0.012515295908552946,0,1
0.005970563010908786,-0.013195364471034199,0,1
0.006069417195533511,-0.011779822014673445,0,1
0.0032507666681205792,-0.011382622907872529,0,1
0.004342221748274803,-0.012285204167411988,0,1
0.003262919129766315,-0.009742832534204847,0,1
0.004106672194696599,-0.011572507162257247,0,1
0.004173608875264481,-0.013670253798702708,0,1
0.0033746493645946153,-0.010420658253170118,0,1
0.0019738087709620213,-0.007969308620171776,0,1
0.0033994700763430555,-0.011708244784569992,0,1
0.004865267525988457,-0.012164145329353912,0,1
0.004824603557902604,-0.01224833035148176,0,1
0.0047060385363787765,-0.013596707285615994,0,1
0.004758254579463121,-0.012348102150219482,0,1
0.003683820222951423,-0.011775114068984207,0,1
0.006560502263220408,-0.011083946337016478,0,1
0.003017003607440355,-0.011820052019031111,0,1
0.005410467105960285,-0.013992370224329507,0,1
0.0029564204500579024,-0.011274501976086506,0,1
0.002466709355954916,-0.011178747418645347,0,1
0.004205392043799868,-0.013348804920170902,0,1
0.004590458970595887,-0.01159338817133353,0,1
0.003836955396245292,-0.011860335446413246,0,1
0.004476343393072091,-0.011257920414256845,0,1
0.0034679923207962347,-0.011304721066993657,0,1
0.006045895778076452,-0.012575145981866324,0,1
0.0035711015761282516,-0.011428026939804948,0,1
0.003704417603456653,-0.012465321211815521,0,1
0.00454916316108445,-0.008915945584417034,0,1
0.0024962389193618983,-0.011886503462335022,0,1
0.002947999170151584,-0.01110145672147288,0,1
0.005044614822131891,-0.010666475981365093,0,1
0.005317311219812932,-0.011458662308324577,0,1
0.0039745965736490575,-0.01110631520218029,0,1
0.003310935548414428,-0.012748672342441883,0,1
0.0020787298523492607,-0.011548465786634021,0,1
0.0035570251442947763,-0.011366499940651975,0,1
0.003346702489295462,-0.011235308562975258,0,1
0.00321255897865152,-0.010986638313599419,0,1
0.003355792334261627,-0.01041759487417933,0,1
0.005303434656217598,-0.011126910160853687,0,1
0.00506966183100953,-0.011956476209175589,0,1
0.004075974966929614,-0.011575035937696654,0,1
0.004409194743617262,-0.011212984056991459,0,1
0.0034256187552518017,-0.011783752324698174,0,1
0.002939474634771431,-0.011121564936133213,0,1
0.0035024500888716924,-0.011093832531792094,0,1
0.0029915727916390326,-0.009916518581285063,0,1
0.0031904914797347673,-0.011033288881406816,0,1
0.002688385107214815,-0.010555401548181428,0,1
0.005431568543875848,-0.012265470227181921,0,1
0.006590195031358543,-0.012502018753938589,0,1
0.0041569508550227,-0.01164390025556888,0,1
0.002780476134300291,-0.011317244032581966,0,1
0.0026523692877100454,-0.011109261396167252,0,1
0.003595136323996535,-0.011879375946699616,0,1
0.0035963915939269575,-0.012597845733647091,0,1
0.0033763048785876515,-0.010128080778554104,0,1
8.420023213137367E-4,-0.010963990113518922,0,1
0.003855277564631157,-0.012179963972089824,0,1
0.004304665032081669,-0.011592513108154547,0,1
0.002255017103071185,-0.010613753660583421,0,1
0.004501557003711785,-0.012315275691995189,0,1
0.004568098269763807,-0.012829333369026242,0,1
0.005113135727877534,-0.011068652049708543,0,1
0.003540253970270147,-0.010009411303656516,0,1
0.003133190289504573,-0.010716883745276072,0,1
0.005219827635770438,-0.012244486781077275,0,1
0.003497705618351044,-0.012409726758897918,0,1
0.004082598269982385,-0.011736052602570473,0,1
0.0040457128654724245,-0.010612941297941127,0,1
0.002705900405400988,-0.010327092644061241,0,1
0.004104161092317152,-0.011887387737707335,0,1
0.004584607507505101,-0.011724139180285836,0,1
0.006571295462590758,-0.012683740984556147,0,1
0.00694585140943804,-0.01078373562138659,0,1
0.004720022273576247,-0.010811751590506565,0,1
0.005457287884845018,-0.010718502672697524,0,1
0.005188773387129166,-0.01092885163996503,0,1
0.004123585081432941,-0.011315501198249166,0,1
0.0053157975745816355,-0.012375513783636693,0,1
0.0033557712226914907,-0.011322657185158208,0,1
0.004093063456123131,-0.010715376845741042,0,1
0.00435475135250861,-0.011383518560124454,0,1
0.00407211402986685,-0.010790299142019488,0,1
0.004209493426548009,-0.011127328966481593,0,1
0.0031847758203846473,-0.009647603131622938,0,1
0.0037012600849188598,-0.011258503204701217,0,1
0.004351621145799296,-0.011673302213194158,0,1
0.005930740174123763,-0.010840323862266622,0,1
0.004289605641397113,-0.010830282159060256,0,1
0.005529786566560642,-0.011816207919739368,0,1
0.00229942545199834,-0.010799560345810396,0,1
0.0030488127363549147,-0.011744632023991614,0,1
0.0034612855738629577,-0.011902706201695097,0,1
0.004821888994543175,-0.011352814618366347,0,1
0.004979366412017478,-0.011037754171073135,0,1
0.004998043100188716,-0.012647431609726551,0,1
0.005130453581686099,-0.009931358045533458,0,1
0.00532854797761251,-0.010693261654701499,0,1
0.004417100877328853,-0.010712667276453097,0,1
0.00544391441321164,-0.012117196288099747,0,1
0.002400687699707337,-0.008488328233899462,0,1
0.0044168047692909095,-0.010936430283738047,0,1
0.0038645000010279146,-0.011151248407456566,0,1
0.0039775494161623185,-0.010495639121429286,0,1
0.005113301529413587,-0.0098400702009459,0,1
0.004612799305686907,-0.011823628589059406,0,1
0.004402081544994704,-0.00842056010885704,0,1
0.003118029535620282,-0.010871002648943032,0,1
3.64372462265158E-4,-0.011069136758994545,0,1
0.003973980389073022,-0.007217499756875777,0,1
0.004353345022493253,-0.010465550137216752,0,1
0.00464039795478287,-0.010319230731807408,0,1
0.0027301797922614605,-0.007830421625798044,0,1
0.0028501964823050966,-0.010922027248064844,0,1
0.003905098124371946,-0.010820617085941744,0,1
0.0054339797682981745,-0.01214407601499361,0,1
0.0030568465060709653,-0.00998411052483875,0,1
0.005296253075195463,-0.010393790076840267,0,1
0.004359180390440415,-0.010776425453573964,0,1
0.0014768324511311025,-0.010596800891225807,0,1
0.0012166326763513942,-0.009149503335499519,0,1
0.004808091676558132,-0.00993223181628577,0,1
0.005013072021473145,-0.013555536599815697,0,1
0.004843856275401984,-0.010542041819628426,0,1
0.005497189071504781,-0.010216005142683955,0,1
0.0048809895624932036,-0.00983270204790331,0,1
0.004051493497498922,-0.010330612875243032,0,1
0.0038472789636841615,-0.010369296808446133,0,1
0.007245123600554282,-0.011623761544039745,0,1
0.0014176346300936989,-0.009261869367792842,0,1
0.0042559608888909,-0.013383127732587066,0,1
0.004941126573225814,-0.010336952246935906,0,1
0.007472530009302506,-0.014424032707578416,0,1
0.006645187978702893,-0.014572756039532541,0,1
0.007142243557569341,-0.015448810898456837,0,1
0.006915746823818097,-0.015035516708523574,0,1
0.0056932672221137876,-0.01513934161032075,0,1
0.006458940166952535,-0.012226382534848838,0,1
0.006220681802550751,-0.013983103590007687,0,1
0.006873143842643171,-0.015004501408670936,0,1
0.00786834121163182,-0.013392064658052077,0,1
0.007162051366948933,-0.014520798138665197,0,1
0.006873617449218353,-0.01570049596660979,0,1
0.007312753117961214,-0.015481995478766204,0,1
0.008181363802898245,-0.016320559628294644,0,1
0.0044094520589803956,-0.015271149885031036,0,1
0.007224909842424853,-0.015172356191584923,0,1
0.006089738205142507,-0.014736175296026622,0,1
0.005588108907672843,-0.013973684285455238,0,1
0.00750880238729702,-0.014829537297149096,0,1
0.008582203631943633,-0.013158683886298681,0,1
0.0073053789224706775,-0.014498659936325745,0,1
0.006698702319734278,-0.015277320265674807,0,1
0.007589045357722497,-0.014682149755085387,0,1
0.007417963860620344,-0.014467993692606006,0,1
0.005838916812784723,-0.015890711267268005,0,1
0.0069140092042635866,-0.015869501174902798,0,1
0.006568084413905229,-0.015626119722426345,0,1
0.006419731638088114,-0.01645092251750873,0,1
0.006088045711150194,-0.015006696179037698,0,1
0.006168862853602556,-0.0144132033952701,0,1
0.006691479865388994,-0.014037579962093304,0,1
0.006772345346694595,-0.013229034560594873,0,1
0.006691351264353239,-0.013162090391151716,0,1
0.005803706682254981,-0.014189579814651888,0,1
0.00689470231386256,-0.01540681462318279,0,1
0.006399522783709091,-0.015125061628426827,0,1
0.004933974802020385,-0.016296387016201737,0,1
0.0058787280129032555,-0.015788025646618988,0,1
0.006803892727885728,-0.015854293147797002,0,1
0.005466107883076056,-0.017708453388309956,0,1
0.004365731374797086,-0.013947280854948856,0,1
0.006737505963614499,-0.017212251616855027,0,1
0.007624643302384119,-0.014047011744839901,0,1
0.0062370412619644575,-0.013460765135283447,0,1
0.006437557575997614,-0.013117305057121192,0,1
0.007219378819696881,-0.014945971490017475,0,1
0.006809845947911311,-0.014185876306369877,0,1
0.0062340100630912925,-0.01478695162446578,0,1
0.005597386707982281,-0.016557191202529978,0,1
0.005972872522224414,-0.014817881885103345,0,1
0.006644814353449986,-0.015131394271371786,0,1
0.00811996075682774,-0.0141564397399365,0,1
0.005556632173585428,-0.015393462936722942,0,1
0.005171161602260352,-0.015697441148568143,0,1
0.007153146858164107,-0.012512282574919714,0,1
0.00797106794595556,-0.013935908146314334,0,1
0.006300552633752854,-0.01473468638725018,0,1
0.005838671993540992,-0.013584036719450644,0,1
0.006611370969324415,-0.014699995413116352,0,1
0.006745931689316201,-0.014845530915193984,0,1
0.00632865864739508,-0.015396451071446361,0,1
0.006271869437574341,-0.01432999740204052,0,1
0.00690053480563512,-0.015184167286880148,0,1
0.006489701389568769,-0.015110473654139771,0,1
0.006266062358010436,-0.015378492242680827,0,1
0.004920244868197866,-0.014455925578725767,0,1
0.005329146805783678,-0.016902739373686755,0,1
0.00792732770454154,-0.01418573640432993,0,1
0.006573523999167029,-0.014156901967433268,0,1
0.00662650603426733,-0.01416588245375524,0,1
0.00780909344379568,-0.014657619125107973,0,1
0.005250064306545684,-0.015450549176680626,0,1
0.006526201432183961,-0.015002886854239152,0,1
0.005447223516491004,-0.015277912503046076,0,1
0.00533139543687887,-0.01335208616164643,0,1
0.006521546677491464,-0.0157606087021952,0,1
0.0061970007808318205,-0.015820934852774478,0,1
0.00849803295578783,-0.01574740102559387,0,1
0.004988014162375957,-0.012834797272035205,0,1
0.007270458168930039,-0.017098506626254395,0,1
0.006122956934066677,-0.014837157731826027,0,1
0.006286202946230223,-0.013609061997570043,0,1
0.005007961154323035,-0.013840974222002025,0,1
0.006634257812330849,-0.014621877743761976,0,1
0.006131759718694727,-0.014732667308062367,0,1
0.0032998035099775073,-0.013067614217554624,0,1
0.006949720424207965,-0.014501730951440812,0,1
0.0044199739800476695,-0.01635959107572225,0,1
0.006487774588348669,-0.0157992499736916,0,1
0.004234489556656418,-0.010376001271898885,0,1
0.006301593517983967,-0.014015954543075968,0,1
0.005539825249406976,-0.015235295058953064,0,1
0.005912820512845024,-0.013592473525950211,0,1
0.007023789411805708,-0.015519351821111669,0,1
0.006672844613759096,-0.014813161491927473,0,1
0.006157124303756948,-0.014782059331980983,0,1
0.006604775376043812,-0.014452840450641947,0,1
0.004999807028013334,-0.014980743447625646,0,1
0.007940645493624592,-0.015377556779685391,0,1
0.002805592669231914,-0.015363261315176166,0,1
0.005972461394106837,-0.013137223595619274,0,1
0.006409070980192527,-0.014096748907794096,0,1
0.006251488075702897,-0.014296385029593007,0,1
0.006139810301351915,-0.014422253776144206,0,1
0.006887652419685115,-0.015182185153191967,0,1
0.006647958055298527,-0.016229432562969978,0,1
0.003864865856341075,-0.016428523017135363,0,1
0.005715959217287803,-0.01562795256011448,0,1
0.006261588493049361,-0.015366315295716828,0,1
0.006340296383839365,-0.015494190968000207,0,1
0.005968147177276266,-0.013942253478356585,0,1
0.007714781800891434,-0.011869779732768912,0,1
0.0059462780791646715,-0.0147147476003493,0,1
0.007638522206943509,-0.01243129247766065,0,1
0.006671786051044245,-0.014787429060524592,0,1
0.004947401994687425,-0.014328618584374316,0,1
0.005848215318040768,-0.015235991153295192,0,1
0.005534847553517121,-0.015474746539856482,0,1
0.00755695578639743,-0.01534425623152264,0,1
0.006792644541340222,-0.011459728458534307,0,1
0.006529809780513148,-0.013914560920739165,0,1
0.006713015641046189,-0.01473865096698706,0,1
0.005529325652666794,-0.015148152609287792,0,1
0.005857970929916121,-0.01446239323870597,0,1
0.006952277420356884,-0.015459501530769113,0,1
0.008524041503382176,-0.01595328853607953,0,1
0.005977248817577775,-0.017597679381566124,0,1
0.005884902763361664,-0.015217390495733068,0,1
0.004399712435952716,-0.014431530436505684,0,1
0.0057166219312260215,-0.013722172674548,0,1
0.0058423757862729984,-0.014234261270713254,0,1
0.005226638355061114,-0.01450417643216521,0,1
0.00608506033153636,-0.015234279335022425,0,1
0.005481265150781297,-0.013897260542959216,0,1
0.0065675597803288655,-0.013600988792298046,0,1
0.005340861419962882,-0.016245376521836725,0,1
0.006017732646919083,-0.015731462754336963,0,1
0.006284493533151475,-0.013112175496073995,0,1
0.0072386347214863115,-0.010981983385227354,0,1
0.005903899156045477,-0.014603010373610708,0,1
0.005631295963056045,-0.014737881527302807,0,1
0.004953106482214542,-0.01419367717343582,0,1
0.007163423196479087,-0.015531792365506482,0,1
0.005868933379627581,-0.015256003308105927,0,1
0.006418908847517913,-0.015200742530741747,0,1
0.005036755930882601,-0.014294367079885644,0,1
0.006423463019320659,-0.013878334238767515,0,1
0.00561599338408503,-0.014074837766694133,0,1
0.00562444486850995,-0.014874453254985326,0,1
0.006375833141882608,-0.015533920566521434,0,1
0.004751577667605347,-0.014234960060238019,0,1
0.005623355008116744,-0.016448207365035942,0,1
0.006429466589249388,-0.014684585689917321,0,1
0.006130048607558454,-0.01302972524537035,0,1
0.007392138481633689,-0.01583760390451423,0,1
0.005574664717852044,-0.014483196198748336,0,1
0.006179149391927279,-0.014586234818170956,0,1
0.005359891395821146,-0.014915885391062369,0,1
0.005125381529017213,-0.013513290258584615,0,1
0.005703958997603955,-0.014976924242123721,0,1
0.00533062072860793,-0.015014538195485245,0,1
0.005862254186946868,-0.012679533806551898,0,1
0.0050082394824316374,-0.013570370499744761,0,1
0.005641739001652488,-0.014269350142187966,0,1
0.0048670894833676434,-0.012943405366588978,0,1
0.007239428053393184,-0.015104991029713164,0,1
0.00636447938886917,-0.014464258755749429,0,1
0.005405298305773148,-0.014937985176478768,0,1
0.005426653333918825,-0.013785342919624499,0,1
0.005890939155416204,-0.014233954925009661,0,1
0.005627933891264274,-0.014973456927086754,0,1
0.004427814506024159,-0.014342179700583952,0,1
0.005456722701485157,-0.014712168701275986,0,1
0.007507425774768084,-0.015897111896596646,0,1
0.004676655567975389,-0.011145603928276281,0,1
0.00481935440707105,-0.013245639512021007,0,1
0.005289454603207619,-0.014297210597330719,0,1
0.004611888181545969,-0.01557422049674259,0,1
0.005456967923654529,-0.014151113314118252,0,1
0.0051789427431434155,-0.015230514484901212,0,1
0.004972312125167613,-0.014108880561728772,0,1
0.006271809558890662,-0.015208457101715554,0,1
0.005109289735621404,-0.01509314650003149,0,1
0.005434496326392942,-0.015492807452330767,0,1
0.00402025008920708,-0.014580569433115961,0,1
0.0052258789178047564,-0.014515020319456059,0,1
0.006243404657919126,-0.015308462316633487,0,1
0.0036818637799390353,-0.014421063769891133,0,1
0.005667963751502459,-0.016169446722706895,0,1
0.004525776013212057,-0.01630889708029665,0,1
0.007165174500180721,-0.012675834563185932,0,1
0.00475806084672191,-0.012349481722158289,0,1
0.005464782785721813,-0.014305920393353534,0,1
0.005092256284131823,-0.014002455272035762,0,1
0.0018221201107954336,-0.015293035526797968,0,1
0.007144239662872137,-0.014100663529518852,0,1
0.006858787802959034,-0.012991565293860365,0,1
0.003966082717310249,-0.01496518452547157,0,1
0.004236388061154051,-0.014534977956345814,0,1
0.004411881277830898,-0.01588070341875907,0,1
0.004521448848807276,-0.01484878766345565,0,1
0.004876375337369958,-0.015460630117786043,0,1
0.004542656690274509,-0.013841068238725036,0,1
0.0048922386919824324,-0.018218264369585877,0,1
0.0037632260188318455,-0.012585628995614523,0,1
0.006007287157769059,-0.01368505365694749,0,1
0.005571244500803436,-0.015155593041121487,0,1
0.004867321804323576,-0.014866257733958738,0,1
0.0035475269716197374,-0.0140071783837517,0,1
0.004626508551785837,-0.014760573985460766,0,1
0.005096570833961444,-0.013877160922554676,0,1
0.004304993914375132,-0.014724599245900619,0,1
0.007135505656033219,-0.01378494930240901,0,1
0.0013927173578248348,-0.01399205257171907,0,1
0.0016273488462958756,-0.015139723321080375,0,1
0.002417960736404534,-0.016805940690319775,0,1
0.0014289024485549153,-0.014853442487668704,0,1
0.0013746369768440386,-0.015640883841290632,0,1
0.001973564997194498,-0.014764927813557937,0,1
0.003364105186811743,-0.015012928148818045,0,1
0.003521634542883176,-0.015130797070686266,0,1
0.0024450423087109814,-0.014854703788130905,0,1
0.003547635949484134,-0.015618255321362715,0,1
0.0033268721992322356,-0.014102118693173056,0,1
0.00413728488819455,-0.017482784361328274,0,1
0.0052210486665477205,-0.014948691828022657,0,1
0.0015313430745128162,-0.011554668795180655,0,1
0.003826391163215698,-0.014772116116505906,0,1
0.004997529357329371,-0.016536965142984035,0,1
8.71586435070425E-4,-0.014099662550901598,0,1
3.278610009608244E-4,-0.015957933646144,0,1
0.003271974881581712,-0.014506132051952905,0,1
0.0020672215681308936,-0.014233343151625376,0,1
0.0017499664050686092,-0.012880454616794013,0,1
0.0026655115679319803,-0.014863222726737596,0,1
0.0026781813870977544,-0.014852625105030801,0,1
0.0034385414223611402,-0.014817854821840165,0,1
0.004456289282861444,-0.015034148345780691,0,1
0.0037215143510710962,-0.014439180318190453,0,1
0.00401764984959058,-0.01512963593637508,0,1
0.00454227795036405,-0.013024307837879365,0,1
0.004774380862586324,-0.013534667754124697,0,1
0.006114640942923843,-0.013622902015219972,0,1
0.002316121567971295,-0.01543284661003405,0,1
0.0025782456468438795,-0.01508580457771996,0,1
0.0028002728247117892,-0.013699331183464848,0,1
0.004503659922391659,-0.014311568618849753,0,1
0.0018802259048632903,-0.015261602786729568,0,1
0.0022209528568004695,-0.01586222886901065,0,1
0.0030481237868847403,-0.015447672673256056,0,1
0.002372309526005751,-0.014288180589233769,0,1
0.003850667582660105,-0.013752530175532818,0,1
0.0030504549409167496,-0.014310768199885023,0,1
0.003907405597864034,-0.014032127860885103,0,1
0.004910709673150846,-0.01405931548939532,0,1
0.004566801468087352,-0.014826540834303426,0,1
0.003232032275037842,-0.013841602620407251,0,1
0.0018277863386173161,-0.015626142046059065,0,1
0.0010463409549523986,-0.015032862877583581,0,1
0.002181856864390327,-0.013434755179309369,0,1
0.0018321625178184468,-0.014685308422103313,0,1
7.910462049359664E-4,-0.014991932633928104,0,1
0.004724771086884414,-0.014866022341374283,0,1
0.002397495644077518,-0.014939513066754128,0,1
0.0030458083497680866,-0.015135462860417406,0,1
0.003520196865891003,-0.015532194837796399,0,1
0.004051163936505375,-0.014514601180143678,0,1
0.002402394130830719,-0.014689030623004983,0,1
0.0032766818918068784,-0.01503383223279695,0,1
0.005370387385418267,-0.012852578806331734,0,1
0.0027359088917828815,-0.015999339770524097,0,1
0.0019137274035100332,-0.015287021456827607,0,1
0.0023778048950047277,-0.015467449240522995,0,1
0.003555661260871457,-0.01531658364322753,0,1
7.536263402899414E-4,-0.01494007232523578,0,1
0.0013762198288792755,-0.011495127045796324,0,1
0.0031993668850381247,-0.016379518229058185,0,1
0.002817994796766484,-0.015043379821707293,0,1
0.003126149942343495,-0.014853059839210488,0,1
0.0034441509870627254,-0.014656436890422958,0,1
0.0035056853983181997,-0.015606503904603086,0,1
0.0036604698425147697,-0.015024513339252492,0,1
0.0029334730048591042,-0.013861384362291533,0,1
0.007441861001083683,-0.014349861983384777,0,1
0.0017043829300690198,-0.01516770120739716,0,1
0.0031568086344852925,-0.014519780867810276,0,1
0.001934478298290494,-0.015906067122838336,0,1
7.497687243801901E-4,-0.017397371234672596,0,1
0.0028560457701093116,-0.015174936290373739,0,1
0.002103855358951678,-0.012965703160693566,0,1
0.004241586870963457,-0.013481753419990049,0,1
0.002658687997707203,-0.015020291628812866,0,1
0.0021052171231769642,-0.018675002844339858,0,1
0.0013227599625796388,-0.013204755251789982,0,1
0.00344490786001433,-0.014031689722240788,0,1
0.004625997890537651,-0.013407986192037714,0,1
-2.4290624278318953E-4,-0.012959173459330467,0,1
0.0024464196496671808,-0.015907828441252714,0,1
0.0024472214409112453,-0.015740659751774293,0,1
7.103532618488233E-4,-0.01475501047879018,0,1
0.0016924380282528483,-0.015542124063034764,0,1
0.0019725840260181884,-0.014226466612809586,0,1
0.005310885035923289,-0.015493714921242078,0,1
0.0030969706043805652,-0.01524727035662695,0,1
0.006124522935629009,-0.014265610326203583,0,1
0.0031999652625934356,-0.013676508542617368,0,1
0.00398355288010632,-0.015890866021387614,0,1
0.0023045812249840782,-0.012845328421556333,0,1
0.002181370817540953,-0.01442891245981595,0,1
0.002885703863483365,-0.017573097463396015,0,1
0.002203624100153258,-0.01571557722439754,0,1
0.0016902093729208498,-0.01571891418915177,0,1
0.0035492283428100457,-0.011806957987860243,0,1
0.0023997393829148397,-0.013846613268462041,0,1
0.003577422798441519,-0.016027909128988892,0,1
0.0017025876630579603,-0.0158930078700253,0,1
0.0044060060402272465,-0.01423685676512568,0,1
0.003980585996503399,-0.014283277634477825,0,1
0.002696020467127635,-0.014012876757124603,0,1
0.0040118767185292675,-0.014998591492951721,0,1
0.001990880188601641,-0.01588547270831678,0,1
0.0019555046321437695,-0.01636798969400422,0,1
0.0023574918589305506,-0.015087740643017902,0,1
0.0029642759708198244,-0.016266582197139515,0,1
0.002426714868699279,-0.016101957885359845,0,1
0.0019354224927737968,-0.015542347589190913,0,1
0.003283056821044451,-0.015544954605196518,0,1
0.004258141859134216,-0.01528627521051211,0,1
0.002518055728236744,-0.014615980860489465,0,1
0.004110079836284712,-0.013009967637984876,0,1
0.003907218121556973,-0.01483082339136614,0,1
0.002114617960142176,-0.014642530942725862,0,1
0.0018056348906706169,-0.016242530762824888,0,1
0.0019668511261513068,-0.015729542260969807,0,1
0.0026300999333623634,-0.015079789705500028,0,1
0.0028709296779830494,-0.014984297880090246,0,1
0.0031715552718245147,-0.015525700995854395,0,1
0.003737029522856693,-0.015405521818186513,0,1
0.0033049587945787355,-0.01566642032699183,0,1
0.0034256799440652015,-0.017301313486587953,0,1
0.003712033905915249,-0.015442359114698576,0,1
0.003529943403985808,-0.01609564393738068,0,1
0.002317037185362276,-0.015578211406337914,0,1
7.807565944966014E-4,-0.015587470834605623,0,1
0.0021886879285652663,-0.01613411494839856,0,1
0.002152642656134975,-0.015965618571175105,0,1
0.003503832775582707,-0.014941935126590299,0,1
0.002999047639102556,-0.012680218457651108,0,1
0.0014115975944223957,-0.014545841055459568,0,1
0.002973866375070349,-0.015247140249956775,0,1
0.004127919188261658,-0.014036977887242612,0,1
0.0043387690631092055,-0.015439877141576821,0,1
0.002043146131714586,-0.015913080168270307,0,1
0.0033672211509101885,-0.015387093422054134,0,1
0.0033023236642553628,-0.01763913416336816,0,1
0.002468109293020836,-0.017447154935091556,0,1
0.004888567961374609,-0.015078107689971134,0,1
0.003047952189520903,-0.015345686095760099,0,1
0.0028618800689928915,-0.015236206154930708,0,1
0.0036856342703966488,-0.01639809618742299,0,1
0.0033284075789499286,-0.016967477090931212,0,1
0.0039897166265531634,-0.015448680484914023,0,1
0.0021462398648338134,-0.016282578800115757,0,1
-4.6617610344844903E-4,-0.017292978277623123,0,1
0.0024740112176622883,-0.015599934177961185,0,1
0.0029423234899122607,-0.01563136413067644,0,1
0.001866275347673474,-0.01578710389718492,0,1
0.003656813572864971,-0.014696417749473788,0,1
0.005132273303751385,-0.014720788139183878,0,1
0.004560690237902023,-0.014745135126284871,0,1
0.005215605534270877,-0.017152384897524384,0,1
0.0022326263260222003,-0.017361572318872878,0,1
0.0032984889266680743,-0.0167274197648247,0,1
0.004362593738304616,-0.01736580742397351,0,1
0.002458793697192503,-0.015578054197545238,0,1
0.003937622661284902,-0.014426549244909898,0,1
0.0033598512600436473,-0.01585348724596795,0,1
0.0029406734221725695,-0.015532686289107032,0,1
0.0034521433302840757,-0.015627446781426753,0,1
0.002968915031562919,-0.01484916277329838,0,1
0.002696548789700067,-0.016566005262220348,0,1
0.0024712612581011192,-0.01742437642343184,0,1
0.002939267369945136,-0.016877551246315167,0,1
0.003642368190516806,-0.015731385828322675,0,1
0.0018611788523065285,-0.0164141056372857,0,1
0.0025154852228247344,-0.01577308041291801,0,1
0.001391614048273085,-0.015602001695588003,0,1
0.0038878177984085663,-0.015644786594297452,0,1
0.0031482014433137618,-0.014821167804141331,0,1
0.002240586540589021,-0.018545482637717745,0,1
0.0031706873190022818,-0.01578505749594358,0,1
0.0030168645868461188,-0.016157777342400783,0,1
0.0025309689208958667,-0.016093793993903836,0,1
0.0037568128473601772,-0.016420867395100566,0,1
7.699618006614971E-4,-0.0145398485208653,0,1
0.0029446508657693738,-0.016863650141053236,0,1
0.001440820731364852,-0.016747579485162777,0,1
0.00247566831312137,-0.016509980481336017,0,1
0.0025950202343160643,-0.01701191864022934,0,1
0.003047477518005007,-0.016935844418721615,0,1
0.0031341191375203236,-0.012542461684960574,0,1
0.004230587905971355,-0.015967102665548336,0,1
0.0037546644637296215,-0.016039028204137672,0,1
0.003434140392451396,-0.016654768309999044,0,1
0.004401410602863369,-0.013270889344384503,0,1
0.0031190108371645644,-0.015220342405794639,0,1
0.003349489026644298,-0.015131679393816405,0,1
0.002006143977167653,-0.016905741403435433,0,1
0.004169703237603828,-0.01549980012825176,0,1
0.0037700811966480327,-0.016113149622907625,0,1
0.002579003521344216,-0.015457554625319647,0,1
0.004140566040430147,-0.01770567703869911,0,1
0.002303416053680923,-0.01744771645814106,0,1
0.0032832350124407817,-0.01579550374592487,0,1
0.003247339645395787,-0.016245527281628643,0,1
0.006474194590824742,-0.018736285979372578,0,1
0.0046988267350339934,-0.016219962756776198,0,1
0.0030476614666487566,-0.01655649999085455,0,1
0.002496624151193882,-0.015402850793598334,0,1
0.0032819681989400495,-0.016509400692949542,0,1
0.003137551322981724,-0.015490857762463778,0,1
0.003093304128866631,-0.017508710675370222,0,1
0.0034829529639001005,-0.017391424068790847,0,1
9.500452092828047E-4,-0.016651009268900178,0,1
0.003428029009991899,-0.017033555521303204,0,1
0.004205895351079094,-0.01794035343462608,0,1
0.00359183551619374,-0.016496040335730853,0,1
0.0032446216132268582,-0.017106545186735482,0,1
0.0020605326778827177,-0.017392516554957455,0,1
0.0011965362294154216,-0.015195943452324974,0,1
0.0032586138257745738,-0.01644898648288286,0,1
0.0037005653913101326,-0.016461414929158275,0,1
0.0037278194862846283,-0.016458102377405654,0,1
0.004779337548323259,-0.01797387024798239,0,1
0.0018009614354250773,-0.01584053428971302,0,1
0.003775551304632406,-0.013782968110793456,0,1
0.0034405593227932823,-0.01599332436131232,0,1
0.003886997957081055,-0.016209995114189635,0,1
0.0032838995123885945,-0.016860561431117006,0,1
0.004548727087064861,-0.017669828052190906,0,1
0.004513784090940573,-0.015540995607642764,0,1
0.003757401234219897,-0.016915666214919255,0,1
0.004859997953923441,-0.015399232013540336,0,1
0.003308643749960351,-0.016298481086384268,0,1
0.0028802503556479456,-0.018006687920321136,0,1
0.0040010343770798575,-0.017751819877730262,0,1
0.003720173012585015,-0.015559944437531802,0,1
0.0034622250527141835,-0.017174259582867734,0,1
0.0032894470648547154,-0.015565624689940745,0,1
0.0032744792302684157,-0.017974794547048017,0,1
0.004055079916885221,-0.01754966657862751,0,1
0.0033166949268016743,-0.017568043008334578,0,1
0.0043504726055553595,-0.0171766186677473,0,1
0.0024861940753820276,-0.017098093449372197,0,1
0.0035251118466033756,-0.01728610261855784,0,1
0.0013407621841368777,-0.01887946268468446,0,1
0.013937763810882782,-0.004275019296313684,0,1
0.014893052129569703,-0.0029360475344670685,0,1
0.01596875334499801,-0.004919498738020436,0,1
0.015238329973083787,-0.0053900863726267295,0,1
0.01526565865015685,-0.0047275601482933945,0,1
0.015773253373387978,-0.0069262680771822694,0,1
0.015567295583806965,-0.005647701249214983,0,1
0.01477844819709279,-0.005128684435304792,0,1
0.01589357084155828,-0.005754700308354572,0,1
0.018228044566359257,-0.005077478746410735,0,1
0.01637442194332193,-0.006178804387940176,0,1
0.015605790772931217,-0.00635670053083805,0,1
0.01653964324626074,-0.0066297155044255105,0,1
0.01847745655060027,-0.007542628546169717,0,1
0.014807643137438794,-0.004721049133748071,0,1
0.015155070713739529,-0.004542570379650987,0,1
0.01584882903760023,-0.0031965760196857574,0,1
0.013562935144658105,-0.005432385236337811,0,1
0.015494430278955638,-0.0038371790841685975,0,1
0.015299386170647104,-0.005576510000027857,0,1
0.015601138965146371,-0.005491479260990231,0,1
0.016618269779014223,-0.005634611840553028,0,1
0.015565988066075793,-0.006503425777262954,0,1
0.01624409363837113,-0.007181349410253629,0,1
0.014893262347989869,-0.006867599203318179,0,1
0.01602379258598742,-0.006573658456791724,0,1
0.014277527668714665,-0.005472119901480075,0,1
0.014641520545508394,-0.004744171157663104,0,1
0.012382036809380374,-0.0031144383970727204,0,1
0.014912307532784438,-0.004271212067501107,0,1
0.013024208930609758,-0.004390447279204717,0,1
0.015954776400543713,-0.007194140090015404,0,1
0.016437940518346853,-0.005768373110284526,0,1
0.015355566917596625,-0.005887820525645065,0,1
0.015689626506706984,-0.006145752696743345,0,1
0.01629974324456563,-0.00707780937268395,0,1
0.015714593705787223,-0.0061712066479577025,0,1
0.015547670851928558,-0.006562937374271637,0,1
0.016356543615899836,-0.006698691327062083,0,1
0.01614002304215558,-0.006806115368522469,0,1
0.01518429840782345,-0.005525039722881713,0,1
0.013860076516530795,-0.003121405627674319,0,1
0.01354204984156943,-0.005759978790221507,0,1
0.014795112392523678,-0.005698861407080716,0,1
0.015119130592097355,-0.0055286458114209664,0,1
0.014927598774787844,-0.005662986455353322,0,1
0.01571769397354896,-0.005101324005441017,0,1
0.016524377715712885,-0.006198288709781905,0,1
0.015944349924362333,-0.006141088927209959,0,1
0.016104357909089647,-0.006206788121213714,0,1
0.01491861057473024,-0.007862201753453698,0,1
0.01675473798267943,-0.006342700758710749,0,1
0.013900883333222674,-0.006832123960703297,0,1
0.01406398224021731,-0.005300344522680371,0,1
0.017722340269985967,-0.005220279162468002,0,1
0.014958790134530171,-0.005474034781268504,0,1
0.015239469572781165,-0.005658809458086914,0,1
0.015270825848749869,-0.00576421420619071,0,1
0.016048669482382517,-0.005578407270158246,0,1
0.014548612836555251,-0.00690026426494065,0,1
0.015085482880182221,-0.004777573250960441,0,1
0.015496066878421146,-0.006576094243331644,0,1
0.016463054360712617,-0.005831899539470127,0,1
0.016419808634977863,-0.0072934014812536165,0,1
0.013706311405601008,-0.004757048425312836,0,1
0.01502171535583267,-0.0036133201555662233,0,1
0.015832163803386094,-0.0045088139774807365,0,1
0.01650550321181636,-0.00432819322641177,0,1
0.015473551898232796,-0.0024149093480715987,0,1
0.015476947455120594,-0.005691600342650482,0,1
0.015631892411841007,-0.006599469269286369,0,1
0.01854274113094855,-0.006907946231995736,0,1
0.01553388834836767,-0.005929146812584531,0,1
0.014919482929202976,-0.006604109780372081,0,1
0.018019449665519827,-0.008512994570738284,0,1
0.014465424459548685,-0.008375909379924752,0,1
0.016387262935330542,-0.004782073703044551,0,1
0.014443770709964433,-0.00540917480420541,0,1
0.014158279834700546,-0.0036803351598614837,0,1
0.015929462976855442,-0.007082040776162684,0,1
0.016533256374517132,-0.005458921099301551,0,1
0.015580163276008458,-0.006198176343295477,0,1
0.015176909082774383,-0.005658752221517002,0,1
0.015669827195321867,-0.007069067257490687,0,1
0.015784278860496048,-0.00634989632073706,0,1
0.015639884704345425,-0.006815033575610255,0,1
0.017259369822385816,-0.005448133255866115,0,1
0.014112592619120278,-0.005138599481380976,0,1
0.01470590689166409,-0.005092759820328909,0,1
0.01314796406502211,-0.004645247619902967,0,1
0.015096670198605344,-0.006268135694116298,0,1
0.013864539303221601,-0.0035297497028103316,0,1
0.014707165827906541,-0.00562347512099387,0,1
0.01551264049232201,-0.006510626468350155,0,1
0.017625022545761287,-0.0066933597902161515,0,1
0.015848773028641554,-0.006483706035085652,0,1
0.013769525683606166,-0.004767093586416709,0,1
0.014373541837794376,-0.004782817638699229,0,1
0.01454171110068432,-0.0049851052151065394,0,1
0.014964886307160297,-0.005660186630864126,0,1
0.015230039363964012,-0.006339376549476272,0,1
0.015013466408561561,-0.006513936640005966,0,1
0.01524436425836833,-0.006023558940041146,0,1
0.015158058153054915,-0.006427397527427988,0,1
0.015974720708460018,-0.007170075388239761,0,1
0.015025787667987539,-0.005815130089094637,0,1
0.015216296377537138,-0.005520879933742426,0,1
0.013956531518942236,-0.006601580398062656,0,1
0.01310481990699633,-0.003447947665574298,0,1
0.015103882470452886,-0.006329565009805334,0,1
0.014960380484467769,-0.006208158417174893,0,1
0.014810363949559696,-0.006323293143977296,0,1
0.015841842896289683,-0.008658491270644416,0,1
0.015335518822703512,-0.005625993317004819,0,1
0.015927587820117772,-0.006482574831428679,0,1
0.014915073047126413,-0.006718307315820725,0,1
0.014396419889515365,-0.007118728295303262,0,1
0.015156391895307594,-0.00614120904834092,0,1
0.012049226214368497,-0.004149526818979034,0,1
0.016978178773886674,-0.006174572348746623,0,1
0.015039527149470381,-0.00521112163072461,0,1
0.01434016998526962,-0.006686790251774776,0,1
0.017620332782949097,-0.008655223826967892,0,1
0.014550491091030656,-0.0077561192684877074,0,1
0.013765483046193749,-0.0049323216547786895,0,1
0.01407610095811807,-0.005375011947315747,0,1
0.014126567806422265,-0.007036770997475178,0,1
0.015469335843472092,-0.006088492009072498,0,1
0.015579257837029408,-0.006169972307346892,0,1
0.015562786350900372,-0.00568947054802765,0,1
0.015980506243174684,-0.007139146526943376,0,1
0.015469153431526097,-0.006734053344504486,0,1
0.013348848356471831,-0.006373870935177048,0,1
0.014451472830449843,-0.006355443215176866,0,1
0.014897554084748604,-0.006532449521632355,0,1
0.014171597216507929,-0.005840116506875671,0,1
0.013677777873246977,-0.00628126449002913,0,1
0.015073199165184938,-0.006761055146140044,0,1
0.013502801037698148,-0.007709593043668974,0,1
0.013376172421085242,-0.006554339723535723,0,1
0.013460308626637676,-0.007113733586330309,0,1
0.01494510569975556,-0.005432039514159422,0,1
0.01336024590003349,-0.005011958625548969,0,1
0.013055553817470813,-0.007519497412995208,0,1
0.013742207672665827,-0.006421523408841129,0,1
0.014727476526383338,-0.006222978641113685,0,1
0.013161682315992206,-0.009196396885483226,0,1
0.015230877901348663,-0.007103631512174592,0,1
0.013792713191668185,-0.00651377820416055,0,1
0.014645070929592755,-0.006242937722125923,0,1
0.014513721677638912,-0.007326540736684228,0,1
0.014574868532832753,-0.006303479529031271,0,1
0.016672338387813724,-0.008013501551610666,0,1
0.015702462350985737,-0.0065028946047893605,0,1
0.014800049335135953,-0.006924605257668499,0,1
0.014054215321198734,-0.005759881992233836,0,1
0.01603562725528549,-0.008022197083672107,0,1
0.015255063277065916,-0.006213248944066682,0,1
0.015332818990889655,-0.007079145254775974,0,1
0.014590254228583894,-0.007092855016348195,0,1
0.015138990030386084,-0.006505079706312869,0,1
0.015196452030815053,-0.007698271671886759,0,1
0.014070088119405263,-0.005041786824840645,0,1
0.014090795096897347,-0.006530344989717434,0,1
0.01336056010186348,-0.0073362132832430135,0,1
0.013707484627323262,-0.004361746986989973,0,1
0.01120522813375771,-0.008592663912242535,0,1
0.01475817912668547,-0.007034653593299968,0,1
0.016843853741447735,-0.004457972604413647,0,1
0.014067987012094238,-0.00593296354224274,0,1
0.014276995983154564,-0.006123176737198906,0,1
0.013965690998889198,-0.006487328199632082,0,1
0.014814765031931338,-0.006083968983497938,0,1
0.014531739717976085,-0.009056154311469288,0,1
0.01335786057586208,-0.006145249046253703,0,1
0.01149864600215248,-0.004864724270002106,0,1
0.01632104193205189,-0.00638247983923749,0,1
0.013468674125320263,-0.005904999397410742,0,1
0.01594014312344261,-0.007140017676701817,0,1
0.015957956773776517,-0.007499259514280853,0,1
0.013586696165281183,-0.006654928257221379,0,1
0.014594456768183883,-0.004929329492478027,0,1
0.014803545557124586,-0.0063254544258719205,0,1
0.016925072162165693,-0.006344318080601071,0,1
0.013054544140020373,-0.007876103362585858,0,1
0.014573436440298689,-0.005866067461689759,0,1
0.013646888898919433,-0.007238486653903296,0,1
0.013615018649865487,-0.007858455144830911,0,1
0.01322724763278234,-0.007419353031049462,0,1
0.013692421229497227,-0.0063965786541509174,0,1
0.01403617843688693,-0.005777264552641752,0,1
0.01447814793367925,-0.00681630576189204,0,1
0.011120658235971649,-0.00807982995888807,0,1
0.013722203308475258,-0.0064057443943346,0,1
0.01405012583243436,-0.00720439977096921,0,1
0.014042547174969293,-0.007205895544575294,0,1
0.014926476382581062,-0.006021834762522642,0,1
0.012677213838784536,-0.005510825875544519,0,1
0.013040046598566925,-0.0062012788324731435,0,1
0.012791429483561491,-0.009117241236322637,0,1
0.013409943361798219,-0.0075339952482682835,0,1
0.013403620449028321,-0.006455551831644374,0,1
0.014273393558029892,-0.007560409139690985,0,1
0.01382859384182422,-0.0068659293558364825,0,1
0.013046021991186332,-0.006254129633551248,0,1
0.01344810865147709,-0.006649861939447156,0,1
0.014728448001559714,-0.004997786540099814,0,1
0.013544995352496191,-7.781455589261468E-4,0,1
0.016054842174569026,-0.0037685215839256708,0,1
0.015339232775627048,-0.0035698573743473978,0,1
0.015106263387589787,-0.002662146695295339,0,1
0.015582237550110352,-0.002202584736076795,0,1
0.014985684613747607,-0.003249734598731484,0,1
0.015093788528893544,-0.0024459050662118047,0,1
0.015527961318463724,-0.002704928085732219,0,1
0.01641444139302333,-0.0020890687241583742,0,1
0.014233573488507829,-0.001499119322203613,0,1
0.013886869738301359,-0.00233577266263126,0,1
0.013786921795942021,-0.0014372104915531252,0,1
0.014612262112573614,-0.0016301016190780932,0,1
0.016361924083796765,-0.005215463131872096,0,1
0.014573922979868873,-0.002966575244331749,0,1
0.014708527068699203,-0.002957028849855559,0,1
0.014590848485901123,-0.003636919631204639,0,1
0.014653496540287993,-0.003277893956705184,0,1
0.014534627461218252,-0.0032127838281428268,0,1
0.015382604735651296,-0.002994435092705686,0,1
0.015214512418800456,-0.003978463022423849,0,1
0.016123831884256996,-0.0022144637876506702,0,1
0.015370166401754802,-0.0024415915382512434,0,1
0.017469359983818475,-8.563548954701565E-5,0,1
0.01639238595701672,-0.0011626540980915518,0,1
0.014414708575198975,-0.004662038929966674,0,1
0.015382535624524287,-0.0041413744832584035,0,1
0.015113155612793736,-0.0029616156685451462,0,1
0.013793314695648162,-0.002065494772590088,0,1
0.014544440948670516,-0.0018965328066949463,0,1
0.014721770064495316,-0.002517212665922725,0,1
0.014793673160255344,-0.0029375017013126255,0,1
0.015835372194955975,-0.005828653489323395,0,1
0.014862567708401374,-0.001394050909618697,0,1
0.013921691026518856,-0.0033490790686617256,0,1
0.01697910778479048,-0.0015537035354152272,0,1
0.015486557979649427,-0.0021294871803321717,0,1
0.015450640099646265,-0.0039779525432912235,0,1
0.01444069086670442,-0.0031510336268436787,0,1
0.01674949622649963,-0.003717690608986788,0,1
0.014840315395226613,-0.0034619896948395444,0,1
0.014806717741068606,-0.0034860953366075485,0,1
0.015067543105423862,-0.003215314204535987,0,1
0.0148869363299381,-0.005491126397842088,0,1
0.013400091348333169,-0.001377033685172863,0,1
0.01499585232437438,-0.0029081351567397094,0,1
0.015205318998303723,-0.0027484946151872945,0,1
0.012538953023759968,-0.0022570816108223955,0,1
0.015072583374477784,-0.0026374212819895776,0,1
0.013728296321224766,-0.0017882734209183392,0,1
0.012738127095356409,-0.003722069037570633,0,1
0.012140695232015927,-0.005434920681680517,0,1
0.014070480046451764,-0.0042246494351570185,0,1
0.015275782391366998,-0.002525470138348359,0,1
0.015643248298706603,-0.0033792721813595485,0,1
0.01506949613179529,-0.003426631473385067,0,1
0.01414096977043421,-3.4451914914540294E-5,0,1
0.017995275294164753,-0.002772792881242914,0,1
0.015185058539677969,-0.0022153020960979136,0,1
0.01581397587771185,-0.0025677172633006753,0,1
0.01679493411155537,-0.004516478313057033,0,1
0.015651018405782247,-0.0015333320405318406,0,1
0.016045686039306308,-0.0026781953550277155,0,1
0.01571636554964118,-0.003500853103273951,0,1
0.014574277254402078,-0.004943061107266217,0,1
0.014504570833750167,-0.002831121802728187,0,1
0.015504950555012562,-0.00366876773281544,0,1
0.015314169565484894,-0.002671693740945494,0,1
0.015886361239933273,-0.0018229414019192058,0,1
0.015839603279171763,-0.004436748716088577,0,1
0.01451442657934756,-0.0028964404991953826,0,1
0.01462419380039021,-0.006525781363366512,0,1
0.01639182196956244,-0.005793599260961349,0,1
0.013083189939429338,-0.007234547711246526,0,1
0.014592638296150992,-0.003241346304200637,0,1
0.015512575576768184,-0.0035303632641609317,0,1
0.014845715205923529,-0.0012472174042936982,0,1
0.015635759189515482,-0.002200450819540906,0,1
0.015709856762254254,-0.0031430859393585518,0,1
0.01545096002999536,-0.0031095675173695996,0,1
0.015462458941395895,-0.0013592830233612888,0,1
0.015781230793582804,-0.0058293558054047945,0,1
0.015286143369988923,-0.004639431661273251,0,1
0.01568207899175254,-0.0036765875878142875,0,1
0.01501933047135973,-0.0032711598047288253,0,1
0.015249612343480195,-0.00300772907261738,0,1
0.01631325343224429,-0.0032573743716173033,0,1
0.015426871409899673,-0.0028752209808200146,0,1
0.015001406582680945,-0.0024460801773331766,0,1
0.014952212818695469,-0.002442984961433105,0,1
0.01690741237115578,-0.002075638760093618,0,1
0.01581234144292134,-0.003912940372728218,0,1
0.014539102341121915,-0.0040057938529840225,0,1
0.014035639974628119,-0.00445448366919876,0,1
0.015186634878256413,-0.0029554288253295542,0,1
0.015951304460661456,-0.0031943259429227694,0,1
0.015890976807370196,-0.0028978815768183532,0,1
0.015893482258296114,-0.0030366619558042478,0,1
0.016778516595280672,-0.004861054783527377,0,1
0.01831329743572257,-0.0028414263665646937,0,1
0.01781937130003242,-0.005045435031745918,0,1
0.015165330303101406,-0.004085137284444767,0,1
0.015368372380317134,-0.002585527260861966,0,1
0.014947577579173062,-0.004055047550179291,0,1
0.015877055705660698,-0.003393488053627279,0,1
0.016103844240528433,-0.0029655377896925404,0,1
0.016886713034514767,-0.002967647740789036,0,1
0.015294479460032873,-0.002201814471906888,0,1
0.01814248803571203,-0.0022905343924791545,0,1
0.015879532627311052,-0.004280236175923006,0,1
0.015258091031903965,-0.0032294608912366877,0,1
0.01536523692785169,-0.0031319172912968453,0,1
0.016414878744546293,-0.004614955674558952,0,1
0.016045755949692184,-0.0028284817995192775,0,1
0.016364237778542755,-0.0031755338489853416,0,1
0.013127408359394452,-0.002240009824495029,0,1
0.01611378260982675,-0.0020559643200809287,0,1
0.015081305303455006,-0.0025490105700018825,0,1
0.015362470489476497,-0.004226892871354351,0,1
0.019316193034569686,-0.003537645881430979,0,1
0.0175646382451869,-9.019647059589752E-4,0,1
0.014188397514430157,-0.0026481805933019475,0,1
0.018691849911538716,-0.004577259846353777,0,1
0.01749590894619195,-0.0029674515311271274,0,1
0.016084863281395325,-0.003272533128539104,0,1
0.01624717593196805,-0.003639791753215334,0,1
0.015285406460108722,-0.003900480495875232,0,1
0.014945473755359658,-0.004868088718115564,0,1
0.015994762168674743,-0.0035441963261777895,0,1
0.01556648619660725,-0.00330903416358298,0,1
0.01529462916698518,-0.004671679787618286,0,1
0.01732632806623135,-0.0021109671245165195,0,1
0.015120246210488384,-0.0026017401601825876,0,1
0.016175151728884278,-0.003858363960116154,0,1
0.015903324480907383,-0.0039794331348084406,0,1
0.015446377507048841,-0.005192661383240478,0,1
0.016270224152897934,-0.00375688836401535,0,1
0.015959203299443843,-0.003118096014593351,0,1
0.015310637335512568,-0.0017127744977911028,0,1
0.017336407214721683,-0.004633289178580733,0,1
0.015893107126337933,-0.004171898162256947,0,1
0.01629064134561952,-0.003879442557415757,0,1
0.0167067343553087,-0.0036598046275504595,0,1
0.016021927629920614,-0.0034044598219342723,0,1
0.016120400501357803,-0.0032825622274991395,0,1
0.015337801548982032,-0.00317660924888345,0,1
0.01688987729588176,-0.002744386021951319,0,1
0.016416639251986186,-0.002250491649491354,0,1
0.016393399166185495,-0.0037128482009062005,0,1
0.017379012360323142,-0.00317129991031933,0,1
0.01627124377857732,-0.003726013695338775,0,1
0.016388220606737017,-0.003380817194820398,0,1
0.016916380193961866,-0.0029896098001071948,0,1
0.01662937249008824,-0.0021286069145105757,0,1
0.016826474360009027,-0.004224451295603871,0,1
0.016422241184915996,-0.003414795365164874,0,1
0.015946701763394303,-0.0036580234613653095,0,1
0.016216291986908056,-0.0031834209076098616,0,1
0.01706346451823116,-0.004504873284525535,0,1
0.01714458321083218,-0.0031571669035043875,0,1
0.01612585488512491,-0.004007089877403259,0,1
0.016241570525472798,-0.004442233170183083,0,1
0.017313082478724415,-0.0034799527869899117,0,1
0.017658961485801313,-0.0037629277904337303,0,1
0.01593101163240495,-0.004015925177733074,0,1
0.017705933398666645,-0.0039008381093716257,0,1
0.01653257323680447,-0.0039049139245040227,0,1
0.016623707496166196,-0.004011781301090086,0,1
0.01652593103174206,-0.003455588766841844,0,1
0.016445302679899375,-0.004220927833901129,0,1
0.016310554458740214,-0.005019475709073744,0,1
0.01700274697729923,-0.004060875319936632,0,1
0.016882275178892125,-0.0034349600708097772,0,1
0.01663489624211029,-0.0029590975298977493,0,1
0.017340509061405048,-0.0016191257403334945,0,1
0.017967713722237582,-0.0035770746958842777,0,1
0.016500299274976614,-0.0021040617751049455,0,1
0.01799254722578705,-8.159879383538566E-4,0,1
0.01762821320472385,-0.004350119651100498,0,1
0.019025995221791533,-0.005471965259215857,0,1
0.017415552843509003,-0.0030075344755430456,0,1
0.016053154346704,-0.0038261267468712164,0,1
0.016828635122079823,-0.003672600838620365,0,1
0.016811488475944134,-0.0031507444348339506,0,1
0.017628033719480813,-0.0025866406864300624,0,1
0.016851960968286138,-0.00480741794995282,0,1
0.017119811536655552,-0.0035299018561733707,0,1
0.016977668563893124,-0.003572543580286388,0,1
0.017980811543813136,-0.0028876864824989943,0,1
0.016767265128070512,-0.0036631667557491506,0,1
0.01752509966980843,-0.004190736556067799,0,1
0.017375094308769712,-0.0034414302940032862,0,1
0.01736780577167627,-0.004499759039646219,0,1
0.01856393369670344,-0.004193040724802261,0,1
0.016056478348985787,-0.003079671530354771,0,1
0.017405929009787133,-0.003415487268953668,0,1
0.013435102907140518,-0.007164247313423681,0,1
0.014388155266645865,-0.007272856293548347,0,1
0.011913891136848744,-0.007771024260139181,0,1
0.013777308725887052,-0.0073959823874006035,0,1
0.01396382412250335,-0.008212354054220371,0,1
0.013839467164855032,-0.008049360562521585,0,1
0.013663658700597402,-0.007855448913925879,0,1
0.013355235614111697,-0.007829779354145628,0,1
0.013968688469160748,-0.008042020803073938,0,1
0.014055006698272195,-0.007384932456312276,0,1
0.01413192140296648,-0.008950728338417592,0,1
0.014572844797910302,-0.008246793628477671,0,1
0.015000918137308068,-0.00986613450528745,0,1
0.014817525587615135,-0.010576324087785471,0,1
0.015138913431490356,-0.010798938015428864,0,1
0.01491923334465326,-0.010014524992496835,0,1
0.013109844029411535,-0.007018117939102834,0,1
0.013237246041045574,-0.007941629903440743,0,1
0.014064114973923568,-0.007318988432267976,0,1
0.012734622788761474,-0.007111460318567734,0,1
0.013578827546045544,-0.0071639312026163015,0,1
0.014168278099742955,-0.008874701431892121,0,1
0.012804335489298815,-0.008455059716464368,0,1
0.014204015286069585,-0.00743122181948355,0,1
0.015874531602453806,-0.009376297957542742,0,1
0.014186815821969768,-0.009061301293313456,0,1
0.013555819562623583,-0.009335119042831554,0,1
0.014371967795123725,-0.008628133713193013,0,1
0.013433970899238696,-0.009010527265222747,0,1
0.016489898024886686,-0.00963807718904553,0,1
0.015378305147376585,-0.009314406776258418,0,1
0.01248027693992107,-0.00913948279012187,0,1
0.012563970440815324,-0.009394407107985338,0,1
0.013189178106030893,-0.007719578096192966,0,1
0.013000290854283452,-0.007781267169685784,0,1
0.014293381749490464,-0.009284338786814303,0,1
0.013864278756813274,-0.00848104125679185,0,1
0.01367761701362442,-0.008867657930108248,0,1
0.013848264267724454,-0.008662887824097673,0,1
0.010717841281743749,-0.007672581620358837,0,1
0.01592686105466749,-0.009604188907119825,0,1
0.013501150225592475,-0.009268980076058373,0,1
0.014137207252765812,-0.009604551402258443,0,1
0.014041019352260264,-0.009283353433639565,0,1
0.013622645160464094,-0.010224710325816053,0,1
0.013161246124112536,-0.007314565176161196,0,1
0.014105320994598233,-0.006416360158936846,0,1
0.013429493572522972,-0.007247458143826711,0,1
0.013210729223655269,-0.007651807071135889,0,1
0.011633882698830082,-0.009908807341554426,0,1
0.013478529784215858,-0.007175725545709213,0,1
0.013695046415125825,-0.008518973853007976,0,1
0.014298231753189207,-0.009256031428859493,0,1
0.014248120237077791,-0.008483348749078957,0,1
0.013610434267903827,-0.009496716300765212,0,1
0.01407126995153741,-0.009133175211086642,0,1
0.01287148586146943,-0.00967667034155735,0,1
0.014468803457441542,-0.009532829442338442,0,1
0.015037983263447715,-0.009771309735886836,0,1
0.01393901034930304,-0.007386569408669683,0,1
0.012365564930952025,-0.008070113200037069,0,1
0.013242499071167103,-0.007832316372544057,0,1
0.013124524923691209,-0.007744164966889205,0,1
0.013709772201533098,-0.010510929730691473,0,1
0.013607689824890693,-0.008118680153156808,0,1
0.013731091401382099,-0.008254923587792213,0,1
0.012924514880060944,-0.009243091514117535,0,1
0.01287045556489078,-0.00972265507090517,0,1
0.012627445694341878,-0.008357317106094286,0,1
0.014344806012225153,-0.008488256331206192,0,1
0.013019691737902867,-0.010089520328226464,0,1
0.014401308263002838,-0.009807202366983759,0,1
0.013100155380993714,-0.007547695361135817,0,1
0.013000509587169105,-0.00928679351628993,0,1
0.010376374956523493,-0.00857976753410543,0,1
0.011958305265320346,-0.005226461738667266,0,1
0.012567129039278225,-0.008333188106435145,0,1
0.013663577607752721,-0.00839252014958608,0,1
0.013068194503378207,-0.008349482220020195,0,1
0.014384189935890827,-0.008300550837815385,0,1
0.012745608908204436,-0.008971918284097347,0,1
0.013852818490353577,-0.009296255560595644,0,1
0.013141105183205,-0.00893495846738753,0,1
0.016676166860946303,-0.008583712592464527,0,1
0.014078647183505105,-0.008892562292996285,0,1
0.011559539810083883,-0.006945605592221544,0,1
0.014181960668601582,-0.008191818973602726,0,1
0.011682337439746188,-0.0076827889691455315,0,1
0.01375544363268922,-0.00861981335735392,0,1
0.013367353310798106,-0.008122987961957174,0,1
0.013353430676154663,-0.007748371397880809,0,1
0.013326735128966129,-0.008639205359469965,0,1
0.013344645567288363,-0.008572455299382532,0,1
0.013336233584865569,-0.01069984221497535,0,1
0.012913875739865868,-0.010092328231036741,0,1
0.013870104434097374,-0.00854158728622573,0,1
0.014038757577738823,-0.009636669295965595,0,1
0.013939030490603209,-0.009430903853077066,0,1
0.011910200852660098,-0.00651098148801937,0,1
0.014319435597955114,-0.008078431907193883,0,1
0.01313415888398764,-0.007273724991035028,0,1
0.014956306704503557,-0.008365869740632845,0,1
0.012026913003375847,-0.007860041918658571,0,1
0.014421367447686814,-0.008982949631607602,0,1
0.01094133972041563,-0.008975171909034085,0,1
0.013456764321251409,-0.008128155394287373,0,1
0.015331167433310214,-0.009859086397582272,0,1
0.013062479945354097,-0.009698762320982707,0,1
0.014348854633656413,-0.00916840455719462,0,1
0.014208447595985371,-0.009721247583529546,0,1
0.014865839039040683,-0.009898985558998728,0,1
0.012959223695757891,-0.007866326341948062,0,1
0.012588645891532602,-0.008028615818320612,0,1
0.012867653860174945,-0.007866953924272467,0,1
0.013328921242196194,-0.007711542980830392,0,1
0.012765732412260582,-0.005435570977728925,0,1
0.014026179421123417,-0.008637678896249367,0,1
0.01445831435938577,-0.00815414049312071,0,1
0.013823197633016,-0.009090261625546216,0,1
0.013914749843081603,-0.007796146176191194,0,1
0.014466766711925184,-0.010116925958198839,0,1
0.014311449593358443,-0.009228308282370031,0,1
0.012735131039126936,-0.006697821130218228,0,1
0.011596578819140545,-0.010627065866662828,0,1
0.012026762036952202,-0.007656171694672883,0,1
0.014686750430369967,-0.008286678166375393,0,1
0.012268187461632392,-0.007428258737212068,0,1
0.01556296296464678,-0.0073231753081150885,0,1
0.013276815058061655,-0.008367709078601104,0,1
0.013942842223502663,-0.008099822499321983,0,1
0.010864195407317239,-0.007692462446360463,0,1
0.011487030615825263,-0.006290456708425968,0,1
0.011191909756875635,-0.007653706435553807,0,1
0.011652054725581586,-0.004937682309631954,0,1
0.0134851291512071,-0.00752086988498605,0,1
0.012594302584734273,-0.0086526971060543,0,1
0.013797238357675443,-0.0074935492955441945,0,1
0.013683419067109546,-0.00946341277702782,0,1
0.01246354863625037,-0.008597198164404421,0,1
0.011183119930559387,-0.007392459131571028,0,1
0.013356245341573208,-0.00915236369513664,0,1
0.013972715513456623,-0.01034316656055431,0,1
0.013000092657329003,-0.00953496112143992,0,1
0.012666665926171295,-0.007585656828894496,0,1
0.009340287443989986,-0.009441883986408642,0,1
0.012086784323696972,-0.009418041130712498,0,1
0.013004650130092875,-0.008520190995111528,0,1
0.011801625424127098,-0.010439802471435819,0,1
0.012507437832014287,-0.007987127846727312,0,1
0.00959344313448132,-0.008003153102150409,0,1
0.014588895947241073,-0.010770894649873065,0,1
0.014148462246674738,-0.010601398258444087,0,1
0.013012079497557352,-0.009366195735909206,0,1
0.013488783930937151,-0.006731675383864956,0,1
0.01296863511666725,-0.00726540454605825,0,1
0.01311497094570891,-0.007843959286305657,0,1
0.012157354061338138,-0.009434166768813321,0,1
0.01299261393354146,-0.008669013207361706,0,1
0.012089430248093138,-0.010155622311328893,0,1
0.01245406013936897,-0.008923442188536516,0,1
0.013109922348306812,-0.009794715418930112,0,1
0.013585725247046154,-0.009504856297207065,0,1
0.015407911322649143,-0.00991599936953026,0,1
0.011872021415952408,-0.008257109457803894,0,1
0.012244436444357833,-0.008582810009617312,0,1
0.010959506422914777,-0.006422205344728824,0,1
0.014765407206783206,-0.006802289711866663,0,1
0.01496341766648537,-0.007205002207509905,0,1
0.011564648948366287,-0.01134914473291881,0,1
0.01316878344473725,-0.008704353427592739,0,1
0.011441105560713679,-0.010734065971929841,0,1
0.009975276001615262,-0.009727056372323241,0,1
0.012695255923348277,-0.006373186150979695,0,1
0.014897416204099801,-0.00790613440764959,0,1
0.011454759916522717,-0.008393260009722226,0,1
0.012139110732101291,-0.006955592017954412,0,1
0.012149530080219012,-0.008485010633219634,0,1
0.012238316896563222,-0.00805598391144548,0,1
0.013345895872401335,-0.009588046281931665,0,1
0.013040925903438274,-0.00912139390834073,0,1
0.01348372253683381,-0.009275886857357325,0,1
0.012927386765866977,-0.010220650437460508,0,1
0.013585006991218252,-0.008798704745184011,0,1
0.012539529538947568,-0.008000805128378263,0,1
0.012200521994896399,-0.008682649763752675,0,1
0.013265270965018785,-0.007945160554273781,0,1
0.012210317353981528,-0.008998843360128517,0,1
0.012872207407729389,-0.010051916727248492,0,1
0.012464135098567367,-0.0089665544775479,0,1
0.012388132867387523,-0.009689090842473559,0,1
0.011587640462466655,-0.006962074200769992,0,1
0.011718201657428658,-0.008238471276348174,0,1
0.011291233616276429,-0.007840371070159731,0,1
0.012273170645511549,-0.009287465460713814,0,1
0.012255369834790976,-0.009293967800631882,0,1
0.012930552379153538,-0.009898146841093788,0,1
0.013094801259685205,-0.009230049261262464,0,1
0.011501013131843495,-0.008333222826025609,0,1
0.013374441481676793,-0.01101435915362966,0,1
0.01198775553686354,-0.008011909122326704,0,1
0.012880810268138405,-0.008257405166420758,0,1
0.011320900757545525,-0.006832696831501381,0,1
0.009970599147180549,-0.007284154596172492,0,1
0.014075781364247334,-0.01002057088774031,0,1
0.013659502302363914,-0.009841971454377901,0,1
0.011629931319250091,-0.008393903681580554,0,1
0.009627361062303674,-0.008225309550093096,0,1
0.012482212866605813,-0.008265660089637432,0,1
0.012588006351019865,-0.00949187747171648,0,1
0.011990932332263527,-0.009115830632630247,0,1
0.0121653486968487,-0.009282369479404163,0,1
0.014569575457890368,-0.010055616593299536,0,1
0.012768853263809936,-0.009395001944137728,0,1
0.01122390716779248,-0.007993265063739487,0,1
0.011724740715651823,-0.00900682834297744,0,1
0.010922320588001199,-0.009171308198720562,0,1
0.012958403339001064,-0.010697807309398325,0,1
0.012539463346599222,-0.00915683955178377,0,1
0.012371854241544687,-0.010351809547907898,0,1
0.012456326412113127,-0.006856864107442134,0,1
0.012586611525842683,-0.00884814501942319,0,1
0.012536418429413441,-0.008519586272646703,0,1
0.01207529774544509,-0.009264700796255415,0,1
0.01295471990790035,-0.007013311025327461,0,1
0.012290278026969765,-0.009720209569824688,0,1
0.013162512068987288,-0.005529082523141652,0,1
0.01195999200566672,-0.008205291320582458,0,1
0.012099892159140428,-0.008025519791026557,0,1
0.012873735613714663,-0.008899383092935947,0,1
0.012856022398669318,-0.008896900280197063,0,1
0.011414617076252175,-0.008556297258458223,0,1
0.011787329741648738,-0.008721690323059939,0,1
0.011842168540085289,-0.008731727266780577,0,1
0.014469023064291951,-0.00852411616329947,0,1
0.011466603431402543,-0.00916803926184071,0,1
0.01427189762026492,-0.009504780570026405,0,1
0.010181006654005868,-0.008533678591222563,0,1
0.01199035366308813,-0.00804117063796691,0,1
0.011841197588159562,-0.008472303332278554,0,1
0.01310788514765963,-0.008865302942627986,0,1
0.010793237961096233,-0.00920721318884756,0,1
0.011642930356732856,-0.008749673009882266,0,1
0.011995468264700887,-0.00810880439631992,0,1
0.01218467647051803,-0.010066696454257494,0,1
0.012313425390972882,-0.009373575138512266,0,1
0.0113500321754437,-0.01038347481542786,0,1
0.012286935404508348,-0.008707895040778096,0,1
0.011084587482650267,-0.008399085389685234,0,1
0.011581824693230403,-0.006905674322755711,0,1
0.011980183631940753,-0.008698909315608263,0,1
0.011918158729909445,-0.00880428415435479,0,1
0.011060976132997972,-0.01104879164202426,0,1
0.011544854524233506,-0.009063459898144468,0,1
0.011680997330401817,-0.008914812295308694,0,1
0.011267374400630047,-0.00995919758375621,0,1
0.009895107658565057,-0.01011483805206831,0,1
0.01022715003139526,-0.009302474622266615,0,1
0.012717590709544061,-0.01011747486673132,0,1
0.01127983552620567,-0.008831228957727472,0,1
0.011131670044331674,-0.009482373295782014,0,1
0.011344837349319696,-0.009047511125905608,0,1
0.011035243294450721,-0.008529975050891377,0,1
0.011194944869476793,-0.009035474823284694,0,1
0.009221504073937457,-0.010868440518104447,0,1
0.010896362439585791,-0.008682846503082639,0,1
0.013895535779306899,-0.009623349766910214,0,1
0.011241420919665087,-0.010190934613444365,0,1
0.011812171104158588,-0.010642367715451989,0,1
0.010445108037960229,-0.012660356427709019,0,1
0.011309470408914253,-0.010573255269727772,0,1
0.011914944020614267,-0.011192669006395326,0,1
0.011538754174010962,-0.01131857277925902,0,1
0.010979413200819922,-0.009306335676883902,0,1
0.012120114854653809,-0.011469803992442696,0,1
0.012215745348141458,-0.011029572034644518,0,1
0.011466256552008097,-0.010265040727145272,0,1
0.012120490621539042,-0.011824880317918136,0,1
0.013073761894713768,-0.011911789997775995,0,1
0.012160192613612173,-0.012007452774767348,0,1
0.012921365226614018,-0.014342395169992578,0,1
0.011066657837072209,-0.00812464533145273,0,1
0.010863163267268858,-0.007530005266177146,0,1
0.00796103563062425,-0.010034368650461228,0,1
0.011385207582155386,-0.010202313152886616,0,1
0.011303367382249276,-0.01052803840931707,0,1
0.011382700887918448,-0.010683165943128013,0,1
0.011690486458688676,-0.010527457186953814,0,1
0.01158509753614225,-0.010492576177371966,0,1
0.01254998306454128,-0.008157716982915744,0,1
0.012491610241551914,-0.010646664787945966,0,1
0.01180716625675818,-0.010421258638491743,0,1
0.011566479120098512,-0.011523955880540856,0,1
0.011958730861939904,-0.0128376665025521,0,1
0.011414276727415061,-0.011753178735679746,0,1
0.013792262602536482,-0.012508034584689132,0,1
0.012899993597044928,-0.0124148422250216,0,1
0.00965062607264697,-0.00912396697528313,0,1
0.013124379482067721,-0.008407911492565881,0,1
0.010161416729344347,-0.009422891724217175,0,1
0.011557043255481955,-0.00961266348673569,0,1
0.011562465594173477,-0.009626059688211407,0,1
0.013707996922314112,-0.00927090996358521,0,1
0.011422561995722912,-0.01068704026682747,0,1
0.012291108869838549,-0.009505910552372918,0,1
0.011450870581678211,-0.010553306060895586,0,1
0.014329978888797102,-0.010954055779554883,0,1
0.01030545929603792,-0.01334359201201477,0,1
0.013232530536843503,-0.011522546127122259,0,1
0.012262041154786496,-0.011358161766655767,0,1
0.012873010462377769,-0.013034880384524012,0,1
0.009061809753342583,-0.01195769159837394,0,1
0.011542326622009071,-0.012667111852042525,0,1
0.010782756444722826,-0.009169322287168909,0,1
0.011031116612646151,-0.009208773177198058,0,1
0.011466349777334578,-0.009975949146251743,0,1
0.011140887496862002,-0.009931857016808496,0,1
0.010917347351984569,-0.010433915065441578,0,1
0.00814789603557957,-0.008223272388436512,0,1
0.012694369809663538,-0.011399592579932167,0,1
0.011670022580981038,-0.011016299354349746,0,1
0.014523576358851592,-0.011483698011489908,0,1
0.010361949839713655,-0.007827438984655844,0,1
0.011803388124177791,-0.012199745871745528,0,1
0.013328164932914445,-0.008651432436199124,0,1
0.012904996568826734,-0.011303843975436713,0,1
0.013147776556086968,-0.012755201123184482,0,1
0.010458475603782862,-0.009456850144887546,0,1
0.01036189753265448,-0.009031990781329748,0,1
0.011179707110054254,-0.009973389783392184,0,1
0.010894379119304373,-0.008688520374362968,0,1
0.01118583227191241,-0.011319664313100468,0,1
0.012383674410306598,-0.010545467567965506,0,1
0.010553052212199647,-0.010210985961854447,0,1
0.010257395062677454,-0.010567466468436607,0,1
0.012074834414832933,-0.01140895095865813,0,1
0.01007405218672517,-0.009057325794513005,0,1
0.011570656275079944,-0.010795709819730841,0,1
0.013746127888385955,-0.012329497999430426,0,1
0.010780453963197954,-0.012209947751020066,0,1
0.011338075726880304,-0.011960979724817886,0,1
0.011889743250153073,-0.011065642375556019,0,1
0.011267739755194683,-0.008963879733664118,0,1
0.008848810710284366,-0.010806610209791189,0,1
0.010195663228897773,-0.0100091728403866,0,1
0.011188281613519868,-0.011448192358214019,0,1
0.011553379480585844,-0.010297768976245736,0,1
0.012591128699120394,-0.012193907873366067,0,1
0.01140463133612649,-0.011185018474682137,0,1
0.011428726895273427,-0.011103426005126125,0,1
0.010807061711616998,-0.011628055636799715,0,1
0.012535428052162284,-0.013059498507077546,0,1
0.01225632162666918,-0.009336521849511174,0,1
0.012024262712365317,-0.012110638890475506,0,1
0.010688198545254693,-0.015420876588616165,0,1
0.011914370717975827,-0.013339004116447154,0,1
0.009842556841329654,-0.012567254566778813,0,1
0.0084869391770773,-0.011612028438099033,0,1
0.010342603185016667,-0.01054053355322315,0,1
0.011550409443162522,-0.011307470269090576,0,1
0.011549800225269543,-0.009558817856760054,0,1
0.00957404389651347,-0.010139772633531958,0,1
0.009981164844607955,-0.011721553208472202,0,1
0.013070875145080294,-0.013925044700120293,0,1
0.010349774164974663,-0.011312865940312432,0,1
0.009537318952923948,-0.012586801957031922,0,1
0.011439960315903379,-0.011939078307192557,0,1
0.011709010655307267,-0.01293824823012138,0,1
0.009821362867730861,-0.0100155544657906,0,1
0.011148897192165533,-0.012719655257727178,0,1
0.010998361540362009,-0.010295294008556527,0,1
0.01029063310335352,-0.010034906724257688,0,1
0.01060707852628631,-0.009524148491520093,0,1
0.011014161216349582,-0.011144508872147728,0,1
0.009379520661320027,-0.007695065166147303,0,1
0.011330916053452907,-0.010371444511437952,0,1
0.012011810537867668,-0.010965042835495067,0,1
0.01138631847382385,-0.01182783986363472,0,1
0.011204806240400565,-0.012099187471189966,0,1
0.013503320814540054,-0.014613769544157947,0,1
0.010488148726359928,-0.011685949744853727,0,1
0.01085049180896803,-0.013892290460006798,0,1
0.010193205662691341,-0.009646298066072164,0,1
0.008761691663026866,-0.007585167027362624,0,1
0.012203412912209713,-0.009729934931566877,0,1
0.010464572421149832,-0.00912538190010743,0,1
0.010684129032703662,-0.010605658216823952,0,1
0.010727474930121656,-0.010114108635258608,0,1
0.011769578129859612,-0.01071911957419385,0,1
0.010843404887978596,-0.011244415899451063,0,1
0.0104546622044038,-0.011048079287270158,0,1
0.01155541060647211,-0.012536278517807985,0,1
0.011577340818639101,-0.012710215846660515,0,1
0.010835115970855602,-0.009530021163661166,0,1
0.01074964093353928,-0.012645931592948448,0,1
0.01022734762775515,-0.009066048578661782,0,1
0.010401552536262432,-0.009997232602767164,0,1
0.009685870163142344,-0.009194482773805796,0,1
0.01113561981268967,-0.010814244408826262,0,1
0.009121339233404205,-0.007231447477641605,0,1
0.014539261816920628,-0.01023086370563669,0,1
0.01143489703471691,-0.010359004143676416,0,1
0.01124351215549422,-0.009789058341669037,0,1
0.008497941231823758,-0.012102610062700286,0,1
0.011078677047924923,-0.01144862723345599,0,1
0.012120717779268438,-0.0125551184611453,0,1
0.01173429422866684,-0.011853045066209269,0,1
0.011154304262587383,-0.010260764539671029,0,1
0.010253889147818497,-0.010325608874837707,0,1
0.010669369024843015,-0.01043860170423116,0,1
0.011874582165829163,-0.009979361455132146,0,1
0.010289540349868856,-0.009691173193997647,0,1
0.011953979457187083,-0.013245855511572882,0,1
0.010377784227966995,-0.011058880246388873,0,1
0.011116046275586246,-0.011351195513636246,0,1
0.009823818413847458,-0.010821408202335172,0,1
0.010051884863665796,-0.009002759516361892,0,1
0.012286990360576235,-0.012097765970662476,0,1
0.011194125604331858,-0.013093437072553787,0,1
0.008621370053289059,-0.012050493245934588,0,1
0.011706749629749979,-0.009526278334745335,0,1
0.012373286337408506,-0.012779938336332517,0,1
0.009122130388651265,-0.010424556857996852,0,1
0.010890147863525634,-0.011000583219670484,0,1
0.010108868915870105,-0.011109381621383727,0,1
0.011221855381930088,-0.011220228646963608,0,1
0.011020847286981127,-0.012139567392813537,0,1
0.011690661491892712,-0.011178927795758903,0,1
0.010051928244796768,-0.012786326544264485,0,1
0.009743591256491787,-0.01174985764250095,0,1
0.007238906969733857,-0.009555652931660953,0,1
0.010525415876277235,-0.010747019514582318,0,1
0.011169371477913272,-0.009945279397959984,0,1
0.010259570346457518,-0.009538323328336377,0,1
0.01054093919409444,-0.010879446817974968,0,1
0.011002921698560935,-0.011199238904803654,0,1
0.010770412541063994,-0.01146165165165428,0,1
0.01142621067885901,-0.011093818252754345,0,1
0.011765745963986435,-0.011849885484151137,0,1
0.012321034532028796,-0.013080583126888364,0,1
0.010833975053262442,-0.006880126798815415,0,1
0.011392566820533584,-0.009688719130866785,0,1
0.01011387661024656,-0.010553849796724985,0,1
0.010814264914204227,-0.01059911099286215,0,1
0.009931023865981707,-0.012435537613469685,0,1
0.011024536066209104,-0.011504936938510013,0,1
0.010932134181763517,-0.011560118020005058,0,1
0.011587889780832656,-0.011043332220312946,0,1
0.010388939960021798,-0.011052569734498254,0,1
0.01030645598951402,-0.013815563482071382,0,1
0.012334887306199433,-0.010249179610394546,0,1
0.010220053495684746,-0.010280620228336375,0,1
0.008332548907066941,-0.010006493052050898,0,1
0.010235425625542563,-0.009443397729988317,0,1
0.01017751281681378,-0.01135927063513963,0,1
0.011823245730858892,-0.010381088023694768,0,1
0.010802236606761917,-0.011428832818694688,0,1
0.009391927513119161,-0.012418270760954494,0,1
0.011010043584150784,-0.0117366417765323,0,1
0.008399655032910402,-0.012236234865231085,0,1
0.012373624441686963,-0.012801247677838006,0,1
0.009790986708932688,-0.011691273901723491,0,1
0.009829067293579697,-0.010723955963601213,0,1
0.010010520310761219,-0.011050075129325822,0,1
0.010735243458068576,-0.011379383784606076,0,1
0.009377922541754253,-0.010421385786491232,0,1
0.010748668887632054,-0.013156764718102851,0,1
0.010350122608551839,-0.012203932931592335,0,1
0.0107793352370334,-0.011738250525225527,0,1
0.010973728971091092,-0.0069835351855792845,0,1
0.009875326572270875,-0.01122495223609322,0,1
0.010324648940476265,-0.011874137469463699,0,1
0.009272664147726668,-0.011844071076962259,0,1
0.010717349660269316,-0.011256158550611326,0,1
0.01163136294373607,-0.012170655499331154,0,1
0.010603707072679344,-0.011155225622175273,0,1
0.00993770336304092,-0.012394928963517415,0,1
0.011870404121079014,-0.012190498740802223,0,1
0.011300300543929592,-0.010078599892111788,0,1
0.009910322931012735,-0.010380122486289283,0,1
0.008480919073878525,-0.009816567176323574,0,1
0.010283181587516397,-0.011026460851086866,0,1
0.010006532671429222,-0.011591136552625322,0,1
0.008983338954427636,-0.009843370160102673,0,1
0.010837728992564861,-0.012720559733209662,0,1
0.01018270361318621,-0.011764020977572048,0,1
0.009797165179710816,-0.010906306440604526,0,1
0.01010402481745628,-0.01076257376227315,0,1
0.011409126163412784,-0.011865010000073428,0,1
0.009669552102297327,-0.01017186670146314,0,1
0.012541482475224058,-0.010514743067703437,0,1
0.00896895962855235,-0.011618611473957314,0,1
0.010499695088812738,-0.013123326486171778,0,1
0.009197508943376499,-0.009959743088502438,0,1
0.010183502296798118,-0.01022956372188883,0,1
0.010392221070030763,-0.01044154421437722,0,1
0.011362891902863922,-0.010351834327542202,0,1
0.009508187170237345,-0.011635680073849953,0,1
0.010589053852912558,-0.012178685865128984,0,1
0.010433672042095436,-0.011316458076851041,0,1
0.010771579660474265,-0.011267394752149313,0,1
0.00961405653233094,-0.00970427579094686,0,1
0.013839610803469425,-0.01142503466148853,0,1
0.010369822588179596,-0.011635378701637137,0,1
0.009926330900277048,-0.010064971439160087,0,1
0.010205771370812671,-0.011617063391604447,0,1
0.009527664952446984,-0.012692175541772027,0,1
0.009853987261954732,-0.010734190708442082,0,1
0.010583778145594393,-0.011028029797697583,0,1
0.010095749606722444,-0.0106360859562514,0,1
0.010140966079141528,-0.009957424472675013,0,1
0.00960408124861655,-0.01236341085883973,0,1
0.009768227769424587,-0.010532543042514489,0,1
0.008905226732514059,-0.009686984124835256,0,1
0.010641532901185058,-0.009677808859159932,0,1
0.0095789688779774,-0.009982619005455303,0,1
0.009733422880431549,-0.011552597917740602,0,1
0.010087353319000557,-0.01150805203594248,0,1
0.00959200109030969,-0.011271655318716422,0,1
0.009195493872331739,-0.011584330618463633,0,1
0.009682915880764083,-0.011081225509380737,0,1
0.008564496911747273,-0.01020611706480578,0,1
0.01076926302425337,-0.011430317439327348,0,1
0.010392157447201945,-0.01134235709019078,0,1
0.010798932205497496,-0.010674120807945478,0,1
0.01061814340163608,-0.011250227421193734,0,1
0.008328392606906133,-0.014247834083996068,0,1
0.010075933370400613,-0.012433596244250085,0,1
0.010228349179161288,-0.012184812401649063,0,1
0.012964514902929544,-0.012109020509478433,0,1
0.007105539104742184,-0.009755488013389131,0,1
0.009709767403156955,-0.010715186034180103,0,1
0.011004256534845939,-0.01283901364178268,0,1
0.009833711542506687,-0.011783101685096461,0,1
0.00862608341022585,-0.010545435219606391,0,1
0.00929531338869204,-0.011149432262939886,0,1
0.009574243587770733,-0.011573476673873435,0,1
0.008811183271806983,-0.01191400499827846,0,1
0.00957158296305474,-0.009693286547562687,0,1
0.011079838279038447,-0.011894055637613005,0,1
0.008972863539423913,-0.010278720840196702,0,1
0.010086490954882588,-0.014252287708277103,0,1
0.009380937098312841,-0.010449521829928164,0,1
0.009186539030562563,-0.011085180909497963,0,1
0.01043191089935098,-0.012108565986335173,0,1
0.008860766698219315,-0.011036222524122584,0,1
0.008075958223340961,-0.014239052327269481,0,1
0.006634482305557667,-0.010681704205258994,0,1
0.007494279783240568,0.0021794981532587097,0,1
0.008658641609952932,0.0018542515233023378,0,1
0.007137105181435827,0.0013755291969945367,0,1
0.006841680653661233,2.4170805928064128E-4,0,1
0.00810170550608172,0.0011273242024593274,0,1
0.005632818430791509,0.0047898592513860635,0,1
0.007504518305148697,0.002364108441300686,0,1
0.008340435988363419,0.0033860929541523694,0,1
0.011008731409150124,5.856979867769728E-4,0,1
0.008434114085673178,0.00228798346701936,0,1
0.009471378877439623,0.0038191074236699134,0,1
0.009183054671865146,0.003502051151734223,0,1
0.009510546400408769,0.003983723909779587,0,1
0.01026560450306861,0.005029314676425637,0,1
0.009788361814104703,0.004495881037922328,0,1
0.008514864638487387,0.00652682981512962,0,1
0.006728527823165771,0.0029103988074948867,0,1
0.010133278202556445,0.004948826127163768,0,1
0.010219047756910137,0.004972653592542029,0,1
0.008874308276472677,0.001363472720636642,0,1
0.008230507768797395,0.0032807446626629,0,1
0.008261118778043678,5.162912354563631E-4,0,1
0.00935347951873831,0.0020398101525131926,0,1
0.008208190774372875,0.002376465377498065,0,1
0.007677159324150763,0.0019871244206649337,0,1
0.009983725275000358,0.0022962553941678573,0,1
0.009152368691649494,0.0032949255900435025,0,1
0.009462789841826136,0.0038876122387546948,0,1
0.009552752379095966,0.004270183624985455,0,1
0.009480692662933395,0.004215635362988805,0,1
0.009415599136605144,0.006290757040023052,0,1
0.011593197967908636,0.004261183667406781,0,1
0.009454783254271291,0.004212946855275512,0,1
0.006201357095481089,0.006075332656028067,0,1
0.011215543354139292,0.0049606493205433715,0,1
0.011777460319628983,0.005471970473918279,0,1
0.010564528159635433,0.005214996199150442,0,1
0.008886113892604587,0.0017099376472822353,0,1
0.008453009691844598,0.0023386010478826974,0,1
0.008758592829659418,0.0023938722920742203,0,1
0.008695007815282822,0.0025101127617251414,0,1
0.006509903015607951,4.168539632809256E-4,0,1
0.008881770051637834,0.002804778314625059,0,1
0.010639761673786566,0.003727418249706657,0,1
0.007372769144143073,0.006133925217669805,0,1
0.008993273996794122,0.0037747561328012377,0,1
0.009349218493376317,0.0032516368725012622,0,1
0.00993310293934054,0.004402533654036929,0,1
0.009726784586309862,0.004271084011435252,0,1
0.01077962167943907,0.0033926388381225656,0,1
0.010821435114621561,0.0012361382693341983,0,1
0.011134098309140899,0.0034060590574787795,0,1
0.010254231107940012,0.004637089019741892,0,1
0.011147736333611467,0.004427977737506564,0,1
0.008263409645252937,0.0021688594655921824,0,1
0.007601206898854953,0.002859451011676221,0,1
0.00907303070804378,0.0026440298383017123,0,1
0.008616225608994917,0.0025419460199305904,0,1
0.008065513656564499,0.004028161420684182,0,1
0.008218860076359757,0.0036617490247775604,0,1
0.009114978172973277,0.0032127315140871903,0,1
0.009517246667462896,0.0035713094115187743,0,1
0.00926926052020171,0.0033583349480859497,0,1
0.009575132640687802,0.003168519170074629,0,1
0.011402779690108592,0.0021670707157058484,0,1
0.01051436008075005,0.004075538240105661,0,1
0.010379201826167195,0.003345258367605621,0,1
0.011044763298145875,0.0034294063033657937,0,1
0.009807751281334216,0.004377699832930428,0,1
0.009753777881513792,0.004155095376175287,0,1
0.01183198822193191,0.004444197762706179,0,1
0.007941508442493975,0.0014270601731435771,0,1
0.008168169751185735,0.00115757908201463,0,1
0.010459757668701787,0.0022887402484154267,0,1
0.008906659221407884,0.002280577074639497,0,1
0.009783467987781987,7.680892733415874E-4,0,1
0.00916139232932353,0.002655431839145508,0,1
0.010279880217165277,0.0022683210569743803,0,1
0.00778239884646981,0.0029627690778750585,0,1
0.00939781232140452,0.004653443976858663,0,1
0.009101983700292289,0.002755963236291053,0,1
0.009619439355064967,0.004028738126551475,0,1
0.009847105510241615,0.0032745032931204812,0,1
0.009863429890335687,0.0040039193769513095,0,1
0.010745432073770518,0.006361340604632572,0,1
0.010164547385573755,0.004434710497909795,0,1
0.008120346727046557,0.0037168313095197296,0,1
0.009423936178758653,0.004621683675159194,0,1
0.00775514424223347,0.002645784443796215,0,1
0.009062394188238211,0.0015235894960162004,0,1
0.009050107528125784,0.0023915924159748736,0,1
0.009451850600705974,0.001737591129613463,0,1
0.008788297142789189,0.002998223831207825,0,1
0.010513696818256467,0.0016592496099225936,0,1
0.011189922812420615,0.00165336419502595,0,1
0.006288647461633102,0.0029167004592669933,0,1
0.011504350317973392,0.0038876613249460923,0,1
0.010217952226146541,0.0029764947389894327,0,1
0.009638581831461324,0.003506756105688815,0,1
0.009979846328288872,0.0038592484482470437,0,1
0.010066495606736897,0.0037910137416316296,0,1
0.009179843691261328,0.004700452580507773,0,1
0.010857991139055157,0.004585068248877688,0,1
0.00862968145201882,3.9419546670004413E-4,0,1
0.009932764000284366,0.0013101279090833014,0,1
0.008337858100961854,0.0026723201275833065,0,1
0.008063340701026253,0.0026694995688494164,0,1
0.009539996124079107,0.0033157041565584577,0,1
0.009653007658756041,0.0021408583445668987,0,1
0.010740810782694961,0.002122233272945073,0,1
0.0094989385091502,0.0030214444876084864,0,1
0.009193673557517613,0.002507123757905812,0,1
0.008901885444766075,0.0032716037904913535,0,1
0.010925357419364555,0.0033302212425974603,0,1
0.009328204980482336,0.0037878155175870556,0,1
0.010496869758856229,0.0027773712315418537,0,1
0.010379210545973877,0.004107350605902829,0,1
0.009060174435661178,0.00434577175754268,0,1
0.010705828477583336,0.004663704853652936,0,1
0.008696932747968648,0.0018701616201681408,0,1
0.009873865040731905,9.184457391765757E-4,0,1
0.009887225967860536,0.002040625759891447,0,1
0.0092593465492786,0.0024876813776706233,0,1
0.00965537743325063,0.0012447373787188231,0,1
0.010363380624923106,0.002462709027266337,0,1
0.006699349677577309,0.0019281843485680387,0,1
0.010368036106164437,0.004619828136164993,0,1
0.00906373747131401,0.002339523504055949,0,1
0.010180256319463078,0.005138535206702367,0,1
0.009829764240083288,0.0034151495322866468,0,1
0.011086733003431224,0.004568846930519802,0,1
0.011381713299205997,0.004334751124517891,0,1
0.010422952269959155,0.003973500628545067,0,1
0.010290119987490283,0.0028349332744890226,0,1
0.007591654107556791,0.002713291794956801,0,1
0.010255178629663932,0.0027002058789956586,0,1
0.008588767374941495,0.001954290800545584,0,1
0.009417108392499929,0.0028836734764025834,0,1
0.00863698841791941,0.0032479827044339963,0,1
0.010650273470167781,0.0032312418848178823,0,1
0.009266263976648356,0.0031102810078661404,0,1
0.009984153535361194,0.0019387594567990022,0,1
0.010601689360979754,0.0014120675766216661,0,1
0.010000309749626256,0.0034705469285836858,0,1
0.009907073309925534,0.003586050243391281,0,1
0.009596255813150574,0.0039984548232511324,0,1
0.010301683107104585,0.004011512548361166,0,1
0.007244520101959388,0.004767598707282079,0,1
0.00953484675281408,0.0039792047748969245,0,1
0.008359086895299326,0.001921946322180787,0,1
0.008765667407188987,0.0019212513300078944,0,1
0.009248814382301858,0.0015453456578111246,0,1
0.008470865473534064,0.004739053344789323,0,1
0.009403731279146794,0.002635843717103024,0,1
0.009504270382071576,0.002802475904913775,0,1
0.0099075383342464,0.0032413331424958574,0,1
0.008801244389494173,0.0024146384747623937,0,1
0.010098174675420247,0.0031666803125787635,0,1
0.011859500454377994,0.0021861432247271707,0,1
0.010297735092261865,0.002221454012137435,0,1
0.009968166419730683,0.0026730065201285317,0,1
0.010714120429194464,0.003653944770923627,0,1
0.010225361416171712,0.003781667984453283,0,1
0.008949096169546589,0.0016858574006600564,0,1
0.008881813416446461,0.004331819297703076,0,1
0.008940622934078577,0.002019039085430848,0,1
0.009877004304851637,0.0034704261739025035,0,1
0.009204391928884921,0.00344568870293118,0,1
0.010066250694656458,0.0027647072942631307,0,1
0.008987716552203474,0.0031563297395943513,0,1
0.010072734557545314,3.999314833832899E-4,0,1
0.010727940783102395,0.0028407682887766185,0,1
0.010800084780658624,0.0027952905456042547,0,1
0.010501103601586273,0.0029551907446711727,0,1
0.012133491815253063,0.002587429668043251,0,1
0.010144517869467084,0.0029926125072668396,0,1
0.007983779868631987,0.005269959524355767,0,1
0.008911166591144154,0.0011601616478430197,0,1
0.009212653753530588,0.0023341520448648895,0,1
0.010582563038526241,0.0015640500854833712,0,1
0.010275718378281739,0.0020788004280007984,0,1
0.009878300520720142,0.0028616496100295407,0,1
0.011175161166867101,0.002751860149745083,0,1
0.010415238806518495,0.004166728748058198,0,1
0.010935839067912016,0.004331678155610744,0,1
0.010973372391251747,0.003310646488173203,0,1
0.010034697686926858,0.003359660732060309,0,1
0.01269485581953936,0.0034498897372796894,0,1
0.010206883407870414,0.004696280216160075,0,1
0.011637505933142452,0.003070970129948443,0,1
0.0087663477430428,0.0016366383310359354,0,1
0.009690304813049446,0.002100693304488719,0,1
0.009886543719748973,0.004044745967113763,0,1
0.009936791627140975,5.719727934383478E-4,0,1
0.011670034838214403,3.885452269730522E-4,0,1
0.010042839202360127,0.002682695020519298,0,1
0.00723689185051403,0.0018230445653959768,0,1
0.009574080459531273,0.0010764587541510886,0,1
0.010242166421489842,0.0032866793488818243,0,1
0.010485012522760158,0.0038740977308021913,0,1
0.010422013920156107,0.0028863522867442915,0,1
0.010935484098685368,0.0035427944733544283,0,1
0.01077097057973812,0.004451216721415053,0,1
0.007806964757850668,0.001319143948406721,0,1
0.01049348647025764,0.0021036613231337534,0,1
0.009687764459980337,0.001802587631700923,0,1
0.008298284251165746,0.0025724295481189567,0,1
0.01098714537912463,0.0021271332060947353,0,1
0.009310885369514707,0.0026860680541797356,0,1
0.010073357576538659,0.0028023706643324443,0,1
0.01036310706153684,0.0026267488017993478,0,1
0.011187709503626929,0.003841621556667802,0,1
0.010228544100276762,0.0060072625900299895,0,1
0.010172485075648618,0.004105613423487009,0,1
0.010875796191256788,0.0037949430751963095,0,1
0.008741358103563206,0.0010827622974251985,0,1
0.0092521078018159,0.00229062724487786,0,1
0.009643933030125802,0.002556656050842684,0,1
0.009665995270357372,0.0020887410879953058,0,1
0.010088086856895394,0.002266592209558049,0,1
0.009049048568617846,0.0027177220079586716,0,1
0.012655864321842424,0.0014848025816262464,0,1
0.010493060961640984,0.0026872426369990254,0,1
0.009372233654252545,0.004650447817623391,0,1
0.011941598759419629,0.0045417010533736445,0,1
0.011676965589129566,0.004147145871189977,0,1
0.00999247377687758,0.004864910265410204,0,1
0.009226957728977992,8.82207059892107E-4,0,1
0.008622909663552135,0.0026930999130145975,0,1
0.00839294475874987,0.0034863005844977995,0,1
0.0099639193832038,0.001857874652684027,0,1
0.009928946350305595,0.0020408665207029167,0,1
0.012462334135727626,0.002172224383563248,0,1
0.010249914440167473,0.003295550760683502,0,1
0.010167115625116213,0.004141751714150214,0,1
0.01067988717315623,1.1026602935410864E-4,0,1
0.01021030276896858,0.002735709050686561,0,1
0.01093438315744481,0.00327940379122158,0,1
0.010399583704623731,0.002547029931219851,0,1
0.00927414567474403,0.0027862905620039385,0,1
0.010631781680536119,0.0020444508391109033,0,1
0.009528688354734931,9.719066317466418E-4,0,1
0.010208813219523286,0.0020692829571220856,0,1
0.0104323291013474,0.002168751336435564,0,1
0.011450490838873492,0.0035924550355774776,0,1
0.009716057831291624,0.0021332115328803005,0,1
0.010788014382163254,0.0024994855875224964,0,1
0.010813593264244657,0.003134154952395443,0,1
0.011610072881127606,0.0041611972843985726,0,1
0.010048593942612892,0.001706014833260548,0,1
0.009901654640112405,0.0016867238202504038,0,1
0.010874955546754482,0.002115179424342084,0,1
0.009615566536338443,0.001302633117229659,0,1
0.010754057377105136,0.0014254699884019523,0,1
0.00870579522233815,0.0035487717562424897,0,1
0.010058345681219345,0.0015614441965911387,0,1
0.011056204505413865,0.0034696679475823187,0,1
0.01020553572687796,0.003111789626252136,0,1
0.011320404899120643,0.003978513827199526,0,1
0.010466794173952094,8.90576832081166E-5,0,1
0.008182380568915,0.0028104144837245194,0,1
0.008978033685943746,0.0011768426285953984,0,1
0.010349660332443692,0.0025685313852498357,0,1
0.009775856187988707,0.0021199396615552385,0,1
0.011350665156770745,0.0010804902300529402,0,1
0.008961407830955491,-2.3443667854571062E-4,0,1
0.010527753518193987,0.0026543447729674968,0,1
0.013582916759659894,0.0017581144215837855,0,1
0.012104326194185597,-3.6604223863151544E-4,0,1
0.010199472881887798,2.343638709734026E-4,0,1
0.009786168443030954,0.002210684010400849,0,1
0.009802864863655225,0.0020707951282401362,0,1
0.009586553096255187,0.001848560931943034,0,1
0.01147878381412752,0.002782525755200044,0,1
0.01126870029084799,0.002934407320796158,0,1
0.00927990817621085,0.0023704920148847866,0,1
0.010691331158212972,0.0016682506626815182,0,1
0.010934115051435506,0.002937617974221541,0,1
0.011769202828998158,0.002829184112805316,0,1
0.009459514250184422,0.002221923058978624,0,1
0.010633908420490683,0.0012259776356762352,0,1
0.012921189137110442,0.004331164533386995,0,1
0.008251389554837441,0.0032824853252519347,0,1
0.010142876903198013,0.0023081521229218367,0,1
0.010068703679572582,0.0026794517343919112,0,1
0.010788749813026794,0.0024566214412433092,0,1
0.010986141704189954,0.0015792385774026688,0,1
0.010690669311040481,0.0018375168552880608,0,1
0.010238336708840012,0.0012367034495302126,0,1
0.01044734183195693,0.0020176607161769256,0,1
0.012411842429960886,0.002152721179809686,0,1
0.01061008605921472,0.0016131364290641508,0,1
0.009395984948375458,0.002506160761648825,0,1
0.010716753683456192,0.003484628606131123,0,1
0.010005795896747258,0.0026913064810519765,0,1
0.011679076863100987,0.001428309046392947,0,1
0.008671229884341124,-7.872002951290272E-4,0,1
0.011268417475113821,0.002030404161297656,0,1
0.010665058508369395,1.366475838747985E-4,0,1
0.010380345443532848,9.442460804532405E-4,0,1
0.011462684016930862,-9.776803027651867E-4,0,1
0.010398060729308626,0.002853662485423587,0,1
0.010092735464759047,0.002789145540825532,0,1
0.00918135547685331,9.481338181354135E-4,0,1
0.010478462926778082,0.0017947255124989697,0,1
0.010118737310434405,0.0023344535637717452,0,1
0.011074826725962302,0.0012818573838721812,0,1
0.010684771488338978,5.890613140511866E-4,0,1
0.008302668083735405,0.004481503377331669,0,1
0.010780375950877205,0.001835125939959213,0,1
0.011775604339956204,0.0028040412994173275,0,1
0.010469179040806992,0.004825940027578121,0,1
0.011011033393737458,6.86858217813797E-4,0,1
0.010246373755151627,0.0012509727186522678,0,1
0.01060770129774996,0.0016235274852503027,0,1
0.010962626258717025,0.0015858955424522115,0,1
0.010658904323837181,0.0025331346700207496,0,1
0.00903828174815957,9.78711625545204E-4,0,1
0.011132256060154744,0.002384793220564622,0,1
0.010973306085747224,0.0018928810639053863,0,1
0.01083380250948529,0.0016894053272598869,0,1
0.010690029581842524,0.001703035244077427,0,1
0.009718003358908395,0.00313718634802392,0,1
0.010865014248742541,0.0021139078843358536,0,1
0.008661065439107753,0.002256642057472543,0,1
0.010500844460014593,0.002046224669159367,0,1
0.011353610564478133,4.919121250015548E-4,0,1
0.009966370714552572,0.0016004762384947981,0,1
0.008814139862813632,0.0016315111255019539,0,1
0.011766570952535587,0.0018633660970006603,0,1
0.010494042012665404,0.0016840145376710248,0,1
0.011576806406166382,0.00246104836628569,0,1
0.011399725369040789,8.493434105842991E-4,0,1
0.010386186707313231,0.0017333425289812962,0,1
0.011446018525252368,0.0018000458349130373,0,1
0.01166596113260408,0.0017841091478988872,0,1
0.010908047225184575,0.0018600936545418885,0,1
0.011313783795986406,0.0016894760168681131,0,1
0.012528057610587716,-8.697943837382932E-4,0,1
0.011668295946491162,0.0013804967181564414,0,1
0.010134915887069959,0.0017649915211704515,0,1
0.011137862076087818,0.0013264768832821454,0,1
0.014266599710567367,0.003149442807712458,0,1
0.009997490017271172,0.00111479302370745,0,1
0.011620852569734883,0.0018229819250513198,0,1
0.011569918721820794,0.00221247203436496,0,1
0.011871857124172146,0.001611029515307334,0,1
0.01129979284359044,9.617926000372209E-4,0,1
0.014570261329785986,0.0012287982141853968,0,1
0.011042120497400637,0.0011992015670837164,0,1
0.010747211671258134,7.197492794312239E-4,0,1
0.012432220791171887,0.001653607299824818,0,1
0.011450888797066051,6.514949710377658E-4,0,1
0.00990518363082901,0.0020062321045757454,0,1
0.012104542362764394,4.936938560856532E-4,0,1
0.01255191088673226,0.002241572142588105,0,1
0.012508796607842924,3.199342494613052E-4,0,1
0.010487687554191891,0.003950869551988589,0,1
0.01219925282083621,0.003019895877904569,0,1
0.011667959088359443,0.0017645393528343972,0,1
0.010804793930511836,0.002302041888317189,0,1
0.012376624070572948,0.002490689337715699,0,1
0.012282297686575343,0.001785941575250013,0,1
0.010352409184134296,-4.588007160540844E-5,0,1
0.010812532365030703,5.677297085384107E-5,0,1
0.012324407234082398,0.0018394862279359032,0,1
0.01106454565368039,6.182159194680174E-4,0,1
0.010161734707241604,0.002443529150945152,0,1
0.012380696625605746,9.93008252336398E-4,0,1
0.011735174773491003,8.950449127142515E-4,0,1
0.01187207673837819,8.502103213035439E-4,0,1
0.008735715434371582,-5.565643376698648E-4,0,1
0.007954630334421663,-0.0019468178218456703,0,1
0.010775256712206922,-0.0035485888117301172,0,1
0.009501555506495361,-1.0125858205099269E-4,0,1
0.007885930881932617,-0.0010966167516607696,0,1
0.00887754457453998,-7.526787899642253E-5,0,1
0.006696202377972634,0.003461740303710163,0,1
0.006114736056290086,-5.82343095018196E-4,0,1
0.00814528221254292,-2.5213371928987753E-4,0,1
0.00875235999277885,5.034111102007233E-4,0,1
0.007422680909076557,6.48637005037605E-4,0,1
0.008947734655801584,0.0017077861019779638,0,1
0.007962775992577172,9.659373735852708E-4,0,1
0.008268692383654538,-3.1685001626190787E-4,0,1
0.008187214646250465,0.0012632667383759592,0,1
0.008979166064568984,0.0021725699545733098,0,1
0.008570401515527442,3.1394446149382685E-4,0,1
0.008981865270407554,-8.920802171546865E-4,0,1
0.009111051955320167,-9.82425201384138E-4,0,1
0.008183666238801028,-4.967102997357141E-4,0,1
0.007371722770042573,1.8006011659120154E-4,0,1
0.010109196903234504,-4.8122992280660165E-4,0,1
0.007632255092005124,-0.004060405855985652,0,1
0.007927513834122959,5.535269099178859E-4,0,1
0.007882753296506357,7.585705833434255E-4,0,1
0.008369131090328665,-7.388217000288946E-4,0,1
0.008667939911967433,6.169155750189077E-4,0,1
0.011040300934179648,0.0026144191865498188,0,1
0.008953058325784056,0.0038589836850048266,0,1
0.010944452881887596,6.224738795555425E-4,0,1
0.00850444763211367,-0.001324080813109867,0,1
0.008514569183665333,0.0013099026672497187,0,1
0.008768377630197307,-0.0012484767547801588,0,1
0.007239809521384677,-4.424250835963668E-4,0,1
0.00852076295008524,-0.0016083826746734438,0,1
0.007488253193226567,8.658144786372963E-5,0,1
0.008752547717987915,-0.0016517634453052164,0,1
0.010142672711940526,9.809345673533015E-5,0,1
0.008654350786284778,-1.357188660389048E-4,0,1
0.008766775327350462,0.001053891787161071,0,1
0.008917782912136003,4.8546564169287226E-4,0,1
0.007840252645221927,4.4237406953617433E-4,0,1
0.009828261105102104,0.003310011266497274,0,1
0.007397194050043729,0.0012403536938339523,0,1
0.007711232611507371,0.001603448276994876,0,1
0.008610286237352357,0.0018566002943026345,0,1
0.008306068560015036,0.0012210802686500443,0,1
0.011420681007244084,5.641744081940071E-4,0,1
0.009324618554908314,2.1805373667630365E-4,0,1
0.008752574679584527,-4.8135471418225237E-4,0,1
0.008352693350168722,-0.001469887938450969,0,1
0.008615273666102626,-2.4790464462983407E-4,0,1
0.010281878663209188,2.942486030615024E-4,0,1
0.008500740956744525,5.697690589699125E-4,0,1
0.009141987151315333,-4.357339978218453E-4,0,1
0.007380814975092259,0.001330409976652685,0,1
0.009890839378254659,0.0013802286264023996,0,1
0.009319082185844272,0.0014778893795065514,0,1
0.007604483026081255,0.0010596519085599295,0,1
0.008113227445333318,0.001528892480693424,0,1
0.007684168691639501,0.002151813826441394,0,1
0.006972441321377612,-0.0011565628132164647,0,1
0.009220763861845595,-0.0014208995693921296,0,1
0.00976160187821971,-0.0011652489456097368,0,1
0.008082626108814226,4.553116603239918E-4,0,1
0.009508329887206268,3.4261088934834364E-4,0,1
0.00900066511595604,-2.9923937293816E-4,0,1
0.008165711677824972,3.160268476193285E-4,0,1
0.010893466878506227,7.553849678924091E-4,0,1
0.008544894756406471,7.22712165187678E-4,0,1
0.007356800977961024,4.0817797579028507E-4,0,1
0.009201469551910814,0.0012359565999966193,0,1
0.008107843246899069,0.0033958550667458013,0,1
0.009048681572512679,-1.1427665948841386E-4,0,1
0.006490506325041989,0.0022455545752396717,0,1
0.007214095889661792,9.610540823631401E-4,0,1
0.011434950544573929,3.144319815043803E-4,0,1
0.01015125255617388,-5.402224862355901E-4,0,1
0.007954524767458882,-8.986079384617257E-4,0,1
0.010043754079474922,-0.0032262781106871356,0,1
0.010284457657318858,-0.0010521942453616663,0,1
0.009022082684496998,2.8482998950727774E-5,0,1
0.00824217946437777,9.131322001133348E-5,0,1
0.008458685018872073,0.0010071157896535867,0,1
0.010218173811938186,0.0016798587416578768,0,1
0.008603125736827163,6.321581102197361E-4,0,1
0.009386498235962883,-0.0014525526083531875,0,1
0.008259051071056388,0.0011872790010117888,0,1
0.009686492200510741,0.0015922533215657062,0,1
0.007989719006635993,-0.0026737966158043988,0,1
0.008834766789423049,-7.20596181657989E-4,0,1
0.009507845456586365,-0.0013755756889538787,0,1
0.009334305720805456,-9.256573006779211E-4,0,1
0.012712834726841085,-8.848161592796018E-4,0,1
0.00828981594294795,8.400951170761822E-4,0,1
0.010117390284964395,0.003092849804851498,0,1
0.008854931557161785,3.681904301183857E-4,0,1
0.008676400905873146,-1.9965137065560508E-4,0,1
0.00888032019852655,-3.6724175569892464E-4,0,1
0.009417728079894992,-0.00136560890604598,0,1
0.009454702058111827,0.0015917549325723441,0,1
0.008993917493914748,0.0028022862574469433,0,1
0.00846413624066134,9.560953334357911E-4,0,1
0.010479886369786725,1.5288149655816888E-4,0,1
0.008762004084024217,-7.339470196020627E-4,0,1
0.009272049946202243,-0.0017501322172501798,0,1
0.010550413104233807,5.646780237142759E-4,0,1
0.010225636607709896,7.090029812851413E-4,0,1
0.00850473968310199,9.312894147111048E-4,0,1
0.005756423810939693,-2.9453914260638045E-4,0,1
0.009304517789795986,0.0012047600433384013,0,1
0.008688230822776278,4.1739576213032845E-4,0,1
0.01017794414871152,0.0019011561687113153,0,1
0.00811875376609655,1.4168886302439498E-4,0,1
0.008796069057843485,5.101302730678771E-4,0,1
0.00985975778086615,-0.0020408786283399745,0,1
0.009280166213867654,-5.150951996244416E-4,0,1
0.009001029747213387,-2.070551281484619E-5,0,1
0.009946274180122845,-9.445892330467467E-4,0,1
0.009511416934870629,-9.320938359627465E-5,0,1
0.007851133752391673,0.0011442404302919446,0,1
0.009330377936011882,-2.3728168034416284E-4,0,1
0.008670467365530761,2.8784093683407026E-4,0,1
0.008890860832727453,3.6680596490516466E-4,0,1
0.008976448831585387,0.002120525427668259,0,1
0.009067408626422602,0.0011328062655482805,0,1
0.0089756208030126,0.0020610767237131344,0,1
0.008025438449747605,0.0015096153564978132,0,1
0.007055176960975362,0.002416832193043018,0,1
0.007417592394003559,-0.002912281427914779,0,1
0.011091856957977483,7.362887488156037E-4,0,1
0.008194832644241392,-3.142374217665108E-5,0,1
0.009659729938624953,-3.453495462836969E-5,0,1
0.010408484972796157,-1.953352471237312E-4,0,1
0.009519755713077366,9.739364880884146E-4,0,1
0.009154021348727042,0.001360316889355481,0,1
0.010205186149343203,7.324342239126394E-4,0,1
0.009035882062806627,0.001273338800890217,0,1
0.010306350701037621,0.0017508657363142844,0,1
0.007888535768081548,7.226404342856542E-4,0,1
0.009788181866742043,-0.0019362322221521192,0,1
0.008802117972959022,-4.260928513840847E-4,0,1
0.010222471440288464,-1.7327672219265083E-5,0,1
0.00942742870423526,1.358635006188015E-4,0,1
0.009440239717852328,0.0014331097495550375,0,1
0.009058409367571525,8.75687314729112E-4,0,1
0.009176937711136623,5.799420044281856E-5,0,1
0.010263530700384705,0.0014135245931199485,0,1
0.009779185730037356,-0.002624019295199236,0,1
0.010442131373756222,4.88578054326809E-4,0,1
0.009574945422603011,0.001015025991126153,0,1
0.010216728251262592,-5.273725752350432E-4,0,1
0.006957668046636644,-0.002270251773399476,0,1
0.010116636461710014,-3.4442318510527237E-4,0,1
0.010112417617509622,-1.8897281258386083E-5,0,1
0.00988485536970374,3.607416798312142E-4,0,1
0.009510011662395183,5.904313693663395E-4,0,1
0.009679673824443099,0.0015891347099492553,0,1
0.00822333710337348,2.644308926677376E-4,0,1
0.009097779999801164,0.002051733378805548,0,1
0.009163181331248244,0.0011529735409692575,0,1
0.007997776664123555,-4.4674200454532134E-4,0,1
0.010068185991807333,-0.002438731561055316,0,1
0.00851299799824431,-0.0023038952516773897,0,1
0.011205330253052748,8.41565104326616E-5,0,1
0.008743790241577556,-0.0028336668171246374,0,1
0.009975928513229473,5.544840730211015E-4,0,1
0.009171792148602427,4.4910379138490115E-4,0,1
0.009199219867134392,-3.978001725335519E-5,0,1
0.008458334499977092,0.001229308827942054,0,1
0.009376598679035581,-1.7189287688904612E-4,0,1
0.008829052793979497,6.609539662168505E-4,0,1
0.009997404545579736,-1.3400309419552936E-4,0,1
0.009925612543403382,-0.002767951183579496,0,1
0.011286265384277155,9.803896833330975E-5,0,1
0.009873706549807834,5.59392800645649E-4,0,1
0.009524597974783392,-0.001100026476037588,0,1
0.010434976568703918,7.475018264137198E-4,0,1
0.009586605145523756,-0.0017474507861178462,0,1
0.006490322124611489,7.769237051300304E-4,0,1
0.01010341330116686,0.0015187836595886768,0,1
0.009371289304542547,9.869720141509504E-4,0,1
0.013623962170603366,-0.0016162809230558575,0,1
0.009750465185723832,-0.001977361482418659,0,1
0.009394931896095826,1.3116751588706545E-4,0,1
0.009496983035204394,4.8776109466393616E-4,0,1
0.01132544605161851,-2.0542831645843273E-5,0,1
0.009195502725147771,0.0010381715419608886,0,1
0.011234381790578956,-0.0021769570468442682,0,1
0.009553634490252797,0.0011062530660222185,0,1
0.008584095484235561,0.002006185859486148,0,1
0.009402731608974278,0.0013837538620610423,0,1
0.010548266077726293,-2.7008490857219537E-4,0,1
0.010419424748857578,3.4647196683094326E-5,0,1
0.010166060378994111,0.0013633527565325202,0,1
0.00796723086126977,0.002750189048155092,0,1
0.01002089801529724,1.9234269960895296E-4,0,1
0.010050135271128434,8.70580424948759E-4,0,1
0.009485714765769338,0.0018396263527133503,0,1
0.012110958557408867,9.596615547788526E-4,0,1
0.008310062003620642,9.489915826333503E-4,0,1
0.009786522466343995,-1.429687251231897E-4,0,1
0.010557475482569217,-4.529316668940407E-4,0,1
0.009958729436673966,-6.571983207059417E-5,0,1
0.009420452489442557,0.0010427684502109973,0,1
0.009682547489378166,7.819219525154832E-4,0,1
0.010231511455539076,-3.684190544455102E-4,0,1
0.01030928993312945,7.428542320329405E-4,0,1
0.007533382915198524,-4.0167666134476927E-4,0,1
0.01197067632145111,0.0013176606230481515,0,1
0.008784220290301428,-8.140281162557767E-4,0,1
0.01103829607845651,-0.0013346180967370887,0,1
0.009939995926210431,-6.202703334039009E-4,0,1
0.010221795732653458,0.00131097829914858,0,1
0.010010515187690963,6.158075780804341E-4,0,1
0.009912789543160027,0.004928354990799376,0,1
0.009344323169626084,9.928500492727987E-4,0,1
0.009837052994989715,0.0012125377318823773,0,1
0.009104263566995709,-0.001170672979052844,0,1
0.009559107125492539,-0.0025832300624979328,0,1
0.011825856718210107,0.0014633307321109843,0,1
0.009310217125149914,-0.0010872883100498784,0,1
0.01084886001087163,0.001407100870746276,0,1
0.01072642192559757,-3.8904123554584766E-4,0,1
0.009120788594135384,9.313770545664581E-4,0,1
0.010634825711273206,5.315890037796382E-4,0,1
0.006855105698446758,-0.001180639575535542,0,1
0.010546274480969621,3.7631839967232E-4,0,1
0.010304088892642725,3.5364076786444576E-4,0,1
0.010319105426510931,3.035006997240266E-4,0,1
0.01054536165524415,4.4941495209019247E-4,0,1
0.010366939194023038,0.0012101646090270416,0,1
0.00996756240391752,0.0011891423871711894,0,1
0.010174591259450935,0.0011775340174136782,0,1
0.011111301433366883,-1.5200028364672209E-5,0,1
0.00923594347997443,-7.713625089441714E-4,0,1
0.01046790599654651,0.0015743430248144402,0,1
0.008848138556721912,0.0014014536011960823,0,1
0.00953047398473825,-8.893942062347835E-4,0,1
0.010265799100026859,0.0012881327785313752,0,1
0.010354363488859574,-3.0295967104356533E-4,0,1
0.010872588160129959,0.001153493773371235,0,1
0.010694417686094047,-2.7960931134939944E-4,0,1
0.010231381256857517,-0.0010587261469160905,0,1
0.014020356043323596,0.001917046789871411,0,1
0.010248738166564818,7.275697981211866E-4,0,1
0.009908872334851933,0.0013178482189051877,0,1
0.010700663717280562,1.4201439194589323E-4,0,1
0.010634472020345495,6.694781324634845E-4,0,1
0.011054803329579473,4.3557392901082364E-4,0,1
0.011339140429730984,8.508085162991996E-4,0,1
0.010487987241280179,0.00102444213702482,0,1
0.01094547777552756,0.0015829254200377075,0,1
0.010918310037283073,-1.825838362726433E-4,0,1
0.010716893717566817,5.5012645044916E-4,0,1
0.010546882742639383,5.29325995287191E-4,0,1
0.00924352720116727,4.868252191685241E-4,0,1
0.010728461622228477,0.0010295852342213203,0,1
0.012102063964935404,0.0015118047099692618,0,1
0.010834123159506655,-2.3176672460467027E-5,0,1
0.010690189204819452,0.0014480363926424903,0,1
0.009460894837038289,9.030534997214604E-4,0,1
0.01080745217923875,4.752436556039839E-4,0,1
0.010228586241568097,0.001091463180810455,0,1
0.012482305455997895,-0.0019919862668907585,0,1
0.008331151590179376,0.0012783145787847502,0,1
0.006922609904548959,8.294961253245858E-4,0,1
0.009630127049088463,-6.526664825131061E-4,0,1
0.010712105924800455,5.613995659829003E-4,0,1
0.010413674309390207,-3.6780237101688624E-4,0,1
0.010069494027853928,5.497190145528843E-4,0,1
0.011081692249615964,0.0018171187821574943,0,1
0.010892197117039364,0.001392391913995118,0,1
0.012148436352771736,0.001434551212214741,0,1
0.010094692212207702,0.0013415761573017,0,1
0.010017002535462505,0.0018179490642642987,0,1
0.0097588676181623,-0.0016176797150332075,0,1
0.01038747786038458,-5.872388444942867E-4,0,1
0.011009946616544058,7.085839610640937E-4,0,1
0.011240202806787955,9.1313606485133E-4,0,1
0.011126334869039542,3.523955316231307E-4,0,1
0.01246089929368287,-0.0023886796432941075,0,1
0.009989484613817712,-5.292497637207075E-4,0,1
0.010385040880195892,4.1261747733935977E-4,0,1
0.010899428121290673,3.9771494729908197E-4,0,1
0.01113150430297729,7.240431444225098E-4,0,1
0.011861990797197816,0.002393083261535014,0,1
0.011549342395665888,0.001023661220481752,0,1
0.011489654731079215,0.0010300032028049226,0,1
0.009476488853048186,4.101134581204314E-4,0,1
0.008648554715014195,-8.424745621475843E-4,0,1
0.00861789573918329,-0.0014334719591143565,0,1
0.008568099220815325,-0.0015569966427846035,0,1
0.008187755784252163,-0.001817531019214219,0,1
0.007557539143853388,-0.0020158854774515317,0,1
0.00731937188034032,-0.0018931783308363745,0,1
0.0077862912678178416,-0.0012499726052939348,0,1
0.007280840299593641,-6.042454896635361E-4,0,1
0.00804877070879403,-0.001031963162004986,0,1
0.006923628182605552,-0.0017287275386888839,0,1
0.006920656427195691,-0.001411944268657822,0,1
0.00650000765913459,-0.001214017269016263,0,1
0.005292125269786932,-0.0012318039889727597,0,1
0.0052560757776595746,-0.001395407831799665,0,1
0.005853923580012185,-9.762941217242192E-4,0,1
0.0051492464333752295,-0.00182083054797439,0,1
0.004476114513812644,-0.003326198765966877,0,1
0.009570969666137947,-0.0018242888231465443,0,1
0.007368055385519073,-0.0011930322094253411,0,1
0.008454611352590517,-0.0033294107772587917,0,1
0.0090057499119597,-0.0012162135288448553,0,1
0.009903813081861444,-0.001337320816678661,0,1
0.008166774203301658,-1.7974063349495404E-4,0,1
0.0074743569672284385,-5.436211344586637E-4,0,1
0.007899600729121206,-0.0020829764580148095,0,1
0.007420713182600651,-0.0013529920950059195,0,1
0.007322954525415598,-0.0012969340265306546,0,1
0.007072874182648984,-0.00156480903849031,0,1
0.006490115121210862,-8.67754289449631E-4,0,1
0.005286366949610555,-9.149174978126891E-4,0,1
0.004639452650992647,-0.0015609303226911775,0,1
0.005971273850143481,-0.001302410079773531,0,1
0.005939000672262164,-0.0017038535089105983,0,1
0.007509075622065129,5.7911765357423395E-6,0,1
0.008508229033760922,-0.0011446916092816065,0,1
0.007054938647275519,-0.0018253593724129999,0,1
0.0077936044101032595,2.0974435255087515E-4,0,1
0.008177668441918676,-0.0011960012226404284,0,1
0.007894018027921954,-7.213461656953538E-4,0,1
0.008202557731954916,-0.001289030887929061,0,1
0.007483820460164244,-0.0010197302031602366,0,1
0.0067043348351760864,-9.795221943758603E-4,0,1
0.007385226449892537,-4.6070305153741103E-4,0,1
0.00657605339338773,-7.241944555373337E-4,0,1
0.006341069833922304,-0.0017152236855768367,0,1
0.006462956937707611,-0.0013491255601379632,0,1
0.0028871983000919154,1.2118772275191171E-4,0,1
0.005066034572019312,-5.655171295444782E-4,0,1
0.005625782360342143,-0.0011411918258495426,0,1
0.008711193143956448,-9.491234641770037E-4,0,1
0.009398994355855908,-0.00109106240973481,0,1
0.008021511282364325,-0.0015073360737323104,0,1
0.009345565439934382,-5.426239205446784E-4,0,1
0.0069774894332482905,-0.0027325056446605377,0,1
0.007245904327245598,-9.258976670251266E-4,0,1
0.007380105454375672,-0.001198925688112961,0,1
0.006811258601025604,-5.844124009776056E-4,0,1
0.00784545991375855,-0.0011078218640393396,0,1
0.006596929592651026,-3.060008042773468E-4,0,1
0.006281807686073371,-0.001059089328304416,0,1
0.006745893329312675,-1.259720220746954E-4,0,1
0.007707187655410835,-0.00292104321045234,0,1
0.004637612317854969,-0.0010327812603998412,0,1
0.0076049685510655544,-0.0033116249755540876,0,1
0.008593026310464054,-7.451825237533194E-4,0,1
0.008399801893287614,-0.0010140857632344425,0,1
0.008254149173116081,-9.925489309676118E-4,0,1
0.004707362917891862,5.625634330945175E-4,0,1
0.00858286584848221,-0.0017971996452526605,0,1
0.009645705040556162,-0.0023091277387966044,0,1
0.007596362780046717,-0.001185455758008017,0,1
0.010121965861774669,-0.002043305973685296,0,1
0.00698997697989457,-0.0018624151670996012,0,1
0.0058260027192635995,-0.0015458252034109964,0,1
0.009027254149876613,0.0015488591161552602,0,1
0.006287509060171501,-8.356093449570985E-4,0,1
0.005137875480069947,1.1286467513636311E-5,0,1
0.006173482871298167,-7.369325653715527E-4,0,1
0.00537807453755206,-0.0017527096596295086,0,1
0.008519094082167292,-0.0020086961825009205,0,1
0.007682140440295101,-0.0020051728957034393,0,1
0.008230666682747695,-0.0012262047538074386,0,1
0.00820234985702087,-9.277551366308281E-4,0,1
0.0071311398696490835,-0.0010120750174863516,0,1
0.007155323069335618,-0.0010799316669603944,0,1
0.008441859981541197,-0.0010293241969817468,0,1
0.006422934962897394,5.182140141278215E-4,0,1
0.006631240729086388,-0.0016008583331553147,0,1
0.007835248616033156,-4.869586601766847E-5,0,1
0.006882765293811266,-0.002260067116879525,0,1
0.006314635847894677,-0.0025882856327350476,0,1
0.006256666968598255,-8.573218755460009E-4,0,1
0.005832838462839875,-9.87894666734423E-4,0,1
0.007594560226245506,2.2226946448535836E-4,0,1
0.00813311743945513,-0.002571117256191328,0,1
0.006601028660397957,0.00238904394361586,0,1
0.00795804232998477,-7.904084233750453E-4,0,1
0.008171769747661478,7.972122517290844E-4,0,1
0.0077051978044933665,-7.066646573842977E-4,0,1
0.008002391508991022,6.487962002758404E-4,0,1
0.006184132693552473,-8.73186368181069E-4,0,1
0.009666042313608863,-0.0012975265096914186,0,1
0.008401812924183991,-0.0010669314542204008,0,1
0.00641361614700901,-0.001316146914725104,0,1
0.006043856830454429,-6.850596305452176E-4,0,1
0.006530046101019609,-8.255568248067212E-4,0,1
0.004789811226838865,-2.8602777898146056E-4,0,1
0.0071714825245780735,-4.3274044087141607E-4,0,1
0.005884337369615669,-1.4405036244952068E-4,0,1
0.008232886523107965,-6.866509824626102E-4,0,1
0.00807403155859234,-4.7931030696704026E-4,0,1
0.007931636805725515,-5.479333504395175E-4,0,1
0.007645608452285496,-0.0012231816073684917,0,1
0.006911074104587102,-9.36329746362749E-4,0,1
0.005956352932831411,-0.0017223111488318158,0,1
0.0078026258341597704,-4.3486411988679003E-4,0,1
0.0063082684567566626,-0.001328173243377231,0,1
0.006682134482562245,-0.0012214761834920733,0,1
0.0057726478247314625,-0.001774680242301445,0,1
0.006587658879886279,-3.179108636045701E-4,0,1
0.007121626045049775,-7.978074513647415E-4,0,1
0.008537176795384587,-6.441421691570634E-4,0,1
0.007863432541972448,-0.0010254077499944469,0,1
0.006124123790080738,-3.879129015462363E-4,0,1
0.008374883059815935,-5.306165778782659E-4,0,1
0.007353623653848197,-6.726405357919377E-4,0,1
0.006102449488948746,9.968516300524624E-4,0,1
0.007771918526290585,4.150133382210655E-4,0,1
0.00767947512804358,-9.327122956556713E-5,0,1
0.007001351687309528,-0.0023941343841491786,0,1
0.009119846924273322,-5.622810610334897E-4,0,1
0.006610328548098195,-6.552675607618114E-4,0,1
0.006054895982893144,-0.001545496632002006,0,1
0.008121315087273836,-6.034709747192445E-4,0,1
0.010205052650899226,-0.0025080445284015374,0,1
0.005121993552761689,8.906940002088031E-4,0,1
0.008721446873161351,9.799126245676724E-4,0,1
0.008305768289294973,0.0013255048324082841,0,1
0.007794579629750773,-8.97356524209917E-4,0,1
0.00909959118960868,-3.7664400615396946E-5,0,1
0.006606823553023354,-4.1334666165479165E-4,0,1
0.008493652847579582,5.975700461471455E-5,0,1
0.00738672533423848,-5.969849715331748E-4,0,1
0.006477554407820287,-4.5834548639216453E-4,0,1
0.0073200093233682755,-9.386943172059723E-4,0,1
0.007906616958244659,-3.881793644913358E-4,0,1
0.01147174745270119,-0.0021021409797014117,0,1
0.008469679228232187,-0.00186370050880372,0,1
0.007125332389632041,-6.090115061426721E-5,0,1
0.007669376186438913,-2.4952979488924185E-4,0,1
0.008531019711007715,-0.0015683239288884748,0,1
0.005798955072392102,3.59294489606345E-4,0,1
0.006825963024210864,-4.0972397367957183E-4,0,1
0.007788894171161847,-1.518364282968431E-4,0,1
0.006589643268721913,-3.2239640302386354E-4,0,1
0.0038020883645849385,1.975322259887901E-4,0,1
0.005721777743760681,-0.003301719678512497,0,1
0.008154397408509317,-1.3480141608296234E-4,0,1
0.008887060499875928,-2.77792055691974E-5,0,1
0.007700697483437697,-6.45334715708356E-4,0,1
0.00845666512372609,-0.0012813752565222745,0,1
0.007168337648546659,-1.2253234587557326E-4,0,1
0.007334455362728869,-2.3165547377055026E-4,0,1
0.006572322505737948,-8.625868360809436E-4,0,1
0.005294735841369114,0.001541102679310082,0,1
0.007452937848407484,0.002411104424833504,0,1
0.006311914497644832,-4.380335976730232E-4,0,1
0.006324287825679384,-3.3482412868339684E-4,0,1
0.007311275755417814,-6.124384113519407E-4,0,1
0.010796810419219597,-5.8965994572796125E-5,0,1
0.008677280091744144,0.0012121019880350884,0,1
0.006821650263717072,3.215636959426733E-4,0,1
0.011399893222979183,3.2950629346978734E-4,0,1
0.007662008854472954,-7.619221243525559E-5,0,1
0.008038748818508811,1.1887857327484914E-4,0,1
0.007360810095696298,0.0012302835875296853,0,1
0.007871355470791352,-4.558365752894E-4,0,1
0.006974019926976648,3.0212069679540617E-4,0,1
0.005769282717271997,0.0010096174508393227,0,1
0.008597211002188725,-2.6706950127994186E-4,0,1
0.008382564011581163,-9.072780621645716E-6,0,1
0.007529366588596926,-1.1295531826596455E-4,0,1
0.007567447737237798,-5.289332330914569E-4,0,1
0.007520459584378229,-2.5111053370854354E-5,0,1
0.006695437419331809,-0.0012170226922739644,0,1
0.007429743350052098,-4.514275538978559E-5,0,1
0.007222125840363605,-5.257659538735238E-5,0,1
0.009010973631396017,-0.0026419947973548054,0,1
0.006359546913028389,7.643535605946636E-4,0,1
0.008658771679099416,-0.0011262160921435027,0,1
0.00777620484884063,-0.0013313588803117121,0,1
0.006432389993394051,5.505684141222259E-4,0,1
0.006793409636800498,-5.007065965658067E-4,0,1
0.006784934488700703,-8.30714898149877E-4,0,1
0.005118121708992095,0.0014489522918197828,0,1
0.008329165255477299,5.025165685810152E-4,0,1
0.009532584134590117,-0.0013524197631080933,0,1
0.006287069216097105,6.980392471168877E-5,0,1
0.00685275544193718,4.1459209171613586E-4,0,1
0.008704873570212384,5.097900361030224E-4,0,1
0.010210313946405895,-0.0015341598859548288,0,1
0.007950706692407083,-0.001550674454708923,0,1
0.007116012707759279,9.330144137495141E-4,0,1
0.007581068431701021,-0.0015997374215891696,0,1
0.006721354383676801,-7.460027129101865E-4,0,1
0.007749408339781322,0.0010204130596102943,0,1
0.006493459756104844,-4.6064004543351574E-4,0,1
0.004308327685396031,8.602686314655897E-4,0,1
0.008976897657114628,0.0034051469691632175,0,1
0.00807999025870635,0.0011230532459786488,0,1
0.006913972161575469,0.0015701541222555297,0,1
0.008092950702809373,-6.289035675662338E-5,0,1
0.008377639211928082,4.368593446218321E-4,0,1
0.00745055617365096,2.2951536959643534E-4,0,1
0.007583210592739939,0.0010034855215645356,0,1
0.00528147484001083,7.471804942108703E-4,0,1
0.007192085251428805,4.813286914886123E-5,0,1
0.008800755568043148,-5.876601376107616E-5,0,1
0.008866237423390017,1.416170272958539E-4,0,1
0.008752971097134412,4.7077704553668664E-4,0,1
0.007508611489986836,1.6717416332098325E-4,0,1
0.007595352843923604,7.616609494963963E-4,0,1
0.00739581141356688,4.973959823207541E-4,0,1
0.00702287390145072,2.3220404642230048E-4,0,1
0.006799060110520834,0.0011772959084649297,0,1
0.009093373773721531,4.998462320244951E-4,0,1
0.008292628347499265,6.519004620469572E-4,0,1
0.010183250541475598,0.0011921460030281136,0,1
0.005766890530679987,0.0014738432194067014,0,1
0.008286858378171332,2.053159701173728E-4,0,1
0.006947173888957458,0.0015429670856836064,0,1
0.007314349423391392,1.0786073422291547E-4,0,1
0.0077237248469385015,2.925518110959811E-4,0,1
0.010239731584806828,0.0030248297704907998,0,1
0.007994418321600784,5.144061343611704E-4,0,1
0.010723507783439206,-7.372557623617168E-4,0,1
0.0073395689409286,-3.556958950103729E-4,0,1
0.00849814941731938,-2.224485380422791E-4,0,1
0.007122058214493635,4.945448813451212E-4,0,1
0.006905118112465689,6.93972815268706E-4,0,1
0.007578088888409931,-2.804034161516095E-4,0,1
0.007951761173453264,-1.0854774661146563E-4,0,1
0.008240551294719655,7.951885791027467E-4,0,1
0.006614610690218765,5.94317951425761E-6,0,1
0.006988263335402724,-0.001398942186350296,0,1
0.007186487473056787,-5.878717705043456E-4,0,1
0.007292949216859116,5.941297379602933E-4,0,1
0.010268207836059662,-0.0022897314174575916,0,1
0.007726485369384396,-6.667653507638891E-5,0,1
0.008148568967208615,0.0012864294042644975,0,1
0.007883863048555565,0.0020182674715065493,0,1
0.006449424694576215,0.0014242208802728864,0,1
0.007982148488859829,6.606110271276473E-4,0,1
0.007566800573592438,0.0019597411415955618,0,1
0.007687147422217205,7.013577403166929E-4,0,1
0.007369732747134189,4.361297948607839E-4,0,1
0.007302788408630924,-2.4797564601246775E-4,0,1
0.0071384158331605305,3.8607457101694E-4,0,1
0.006642032222593232,0.001639340767581629,0,1
0.00836997431491034,4.8137353756711604E-4,0,1
0.007855326058993478,8.82258954681388E-4,0,1
0.008448338374067731,0.0011127513675869636,0,1
0.006927545870453213,-2.7264957970602545E-4,0,1
0.007830561867348308,7.68118857499964E-4,0,1
0.00738220278193187,2.1911713089045568E-4,0,1
0.008146493729335276,9.321269323650318E-4,0,1
0.007360518897835403,2.9883180263752827E-4,0,1
0.008041334139963477,8.462664297776047E-4,0,1
0.0071744606522086635,1.378287361053246E-4,0,1
0.00897397666290471,0.0015220694149104916,0,1
0.007847979557041314,0.0020052583816239015,0,1
0.006906989724839412,0.0034893463161341357,0,1
0.00806066822506974,0.0015276077276385174,0,1
0.009013522122005626,7.451394186121998E-4,0,1
0.007756148362742532,0.0011230273688927692,0,1
0.0077626996422274115,-8.510289267145604E-4,0,1
0.00897143355685171,0.005209815494138427,0,1
0.008218785149753816,9.140090819207741E-5,0,1
0.008258744019399022,9.317526259554577E-4,0,1
0.008014958453575253,0.0010390622408255194,0,1
0.008063044072048255,0.0014963256082117576,0,1
0.008079774448752927,0.001047559414711884,0,1
0.007712980193245327,0.0015008267610082122,0,1
0.00823973976051724,7.292933078816105E-4,0,1
0.009353131405285422,0.0015329949291438669,0,1
0.007696719959428061,2.697944017952787E-5,0,1
0.0077176876809812184,0.0015842356324140296,0,1
0.00975089172399153,0.004376354988718643,0,1
0.0068317915686367985,0.0018398369219550965,0,1
0.007151352957001825,0.0011395122292346212,0,1
0.007685979149113112,0.0013852416558547442,0,1
0.005410476177301426,3.188936891948796E-4,0,1
0.007780237473162036,0.003311064623035706,0,1
0.007244171408562887,3.2060171357841646E-4,0,1
0.005622127694379514,4.545869850694434E-4,0,1
0.006139546576765615,0.0015257370199995776,0,1
0.0068882840146069916,5.822658939693332E-4,0,1
0.007121586896475528,-7.18038358488974E-4,0,1
0.0061346542739698804,6.120629874941955E-4,0,1
0.006498819751341721,-6.038076534621246E-4,0,1
0.0058026610003810595,6.761917159129889E-4,0,1
0.006091207560682183,-4.816079744123488E-4,0,1
0.005861576598108656,-2.655235925837888E-4,0,1
0.005311659699857067,-0.0013407711426401095,0,1
0.005906739050533744,-8.518749982748267E-4,0,1
0.0048292068561925465,-0.0023468333815007464,0,1
0.006795615600334808,0.0015675201578385224,0,1
0.007929038063548837,0.0031530133939930293,0,1
0.007644405593456835,9.480244664452213E-4,0,1
0.0075004376008645495,0.0016060301631908858,0,1
0.006671393769684742,0.0023914676289600325,0,1
0.006934947126620018,0.002145047889992542,0,1
0.007357468253476509,4.998653580412811E-4,0,1
0.005670462211914382,3.933186424173836E-4,0,1
0.006367620990558679,5.678057684945173E-4,0,1
0.006948574612465962,-1.1400788978234392E-4,0,1
0.006408847620370178,0.003629179065412893,0,1
0.004752264638640341,-2.7795567135254347E-4,0,1
0.00714918133005932,-3.768437209983949E-4,0,1
0.006663505309735371,2.3340705029599218E-4,0,1
0.006460299619630415,-0.0011286530518095099,0,1
0.006674723485672002,6.59380414358708E-5,0,1
0.005050068558173995,-0.00109659983695818,0,1
0.006245825867666159,-9.945618058134623E-4,0,1
0.004367862393964908,6.660742922524843E-4,0,1
0.007233796473814721,0.0016243724559453045,0,1
0.007750076523618211,0.0011069509921684268,0,1
0.00824760750461845,0.003354428057256169,0,1
0.007397372863855334,0.0020928344060507213,0,1
0.00694905692343904,0.001210609865960558,0,1
0.00888037519342027,0.0016965942183748862,0,1
0.006576110740437136,8.750490191275957E-4,0,1
0.007273463429040386,-2.1907499540816728E-4,0,1
0.006973263378469816,4.038410486535354E-4,0,1
0.004914304587363668,-1.888423484397004E-4,0,1
0.005620023900541177,-0.0013765505045158417,0,1
0.002836820686831327,-5.772923866580657E-4,0,1
0.006090862097623011,5.100200782701389E-4,0,1
0.005192127247952336,7.609724906643382E-5,0,1
0.006628629835287097,-1.848105532011933E-4,0,1
0.006003585979999249,-8.507485890767532E-4,0,1
0.004615418266741751,-0.0014698987457162022,0,1
0.00695955848620127,0.0023173817997486947,0,1
0.007071297566898818,0.002490700890375677,0,1
0.007565770091416104,0.0024977090706091638,0,1
0.007414051988059681,0.0014114572923810157,0,1
0.00842389815489617,0.0015491685824200096,0,1
0.006787000758200526,6.659145847908686E-4,0,1
0.0070294759097448275,5.620221546852279E-4,0,1
0.006575990253957442,0.0016725575761603528,0,1
0.004880803210216366,-4.959590785219893E-4,0,1
0.006672885869670735,-2.3776940198335134E-4,0,1
0.00623752328710008,9.626415072730046E-5,0,1
0.006345185942194545,4.0649185562102497E-4,0,1
0.00733134664618138,-2.146143380043792E-6,0,1
0.005244441369057414,-0.0014228066112681908,0,1
0.004299022726767494,0.0025483867656168092,0,1
0.004895188830548707,-4.2188390501227846E-4,0,1
0.003608704263525865,0.0012002450498471238,0,1
0.007896771825915149,0.002251306673176453,0,1
0.005915585040690776,0.0024801454037241474,0,1
0.004632169070586124,0.0010485922120270768,0,1
0.007029161910971181,0.001365157105550952,0,1
0.0067253569322242475,9.095815547623461E-4,0,1
0.006442115102247061,9.498226337388281E-4,0,1
0.005899022425381814,2.2855535974234238E-4,0,1
0.009661906849428935,0.0029397026601487796,0,1
0.00684441778654026,6.673364030007419E-4,0,1
0.005631779063354218,0.0016172262456369596,0,1
0.005292477357690638,9.988493972709243E-4,0,1
0.005524999159253527,1.0122596883620688E-4,0,1
0.004084572443897008,-0.001112745239250154,0,1
0.004865764484255582,-3.620087349172929E-4,0,1
0.004076744490173912,-5.018686083104564E-4,0,1
0.006038101580962161,1.9464376825517856E-4,0,1
0.00784797169311945,0.0015973092580586193,0,1
0.006373942378128904,0.001629665924657503,0,1
0.007326642160657786,0.001514217875607851,0,1
0.007563114174247672,5.890330702705075E-4,0,1
0.0068678981906361075,0.0011703935093481882,0,1
0.006621493439398295,0.0017889049590089452,0,1
0.006192702494208514,8.700260156312623E-4,0,1
0.006645860428902665,7.95427161448893E-4,0,1
0.007258465515921561,6.696557884384366E-4,0,1
0.006930353610120704,9.579116276091129E-4,0,1
0.007591322652918402,8.57003020511018E-4,0,1
0.006871156391983696,9.156469653163696E-4,0,1
0.007923593908673665,2.388386870820054E-4,0,1
0.005252648244778717,-0.002983761741596181,0,1
0.005452299655766153,3.5182908940251676E-4,0,1
0.006002338340774638,3.5703263039478517E-4,0,1
0.007201647106909443,0.0021111218173693186,0,1
0.00795926136428773,-0.0018104457552551643,0,1
0.004986774016809003,0.001544265245713912,0,1
0.006224965356589402,0.0034447724506483546,0,1
0.006782205384500103,0.002045012488323383,0,1
0.006603085185517476,5.575764161507359E-4,0,1
0.004127525638947629,-7.238397702330893E-4,0,1
0.007034403287586808,9.849829797191987E-4,0,1
0.00625626380450617,4.5035267993681676E-4,0,1
0.0057238318057630825,6.807385636718418E-4,0,1
0.005970914375426989,-1.323690118189051E-4,0,1
0.005727333592414458,6.595671658996717E-4,0,1
0.005580884445694175,-1.208913075261772E-4,0,1
0.0055061246743260935,-2.351312818766897E-4,0,1
0.0035439458071844184,1.8628996602217818E-4,0,1
0.007494618152783152,-0.0014886084923695752,0,1
0.006801832391190829,0.002219772330611132,0,1
0.006609509112146474,0.0031207752647997786,0,1
0.005628593577962712,0.005577591535184128,0,1
0.006435884935820996,9.737879805612479E-4,0,1
0.0067360657052339115,0.0016096071833706395,0,1
0.006078034511014888,0.001822636593864344,0,1
0.006067850400518866,-6.705533696144554E-4,0,1
0.00641201290320041,8.001405697616402E-4,0,1
0.00422257523397087,0.0014530510091515408,0,1
0.006210771675319268,8.767622312075182E-4,0,1
0.006712183759624945,-3.908977139310116E-5,0,1
0.00481552904489115,-3.2797274939765753E-4,0,1
0.005073118117053456,-3.8798813778996973E-4,0,1
0.005516259016365664,4.1913063838459636E-4,0,1
0.002433350933009353,8.70533457429492E-4,0,1
0.0075714274249690265,-7.880103411801524E-4,0,1
0.006325741247082532,0.0028279745173889082,0,1
0.006641614109350784,0.0010799973390428574,0,1
0.006621533133929687,0.0013855512507031376,0,1
0.008193900276236671,0.0024118490969234374,0,1
0.007315575967190355,7.213928833377486E-4,0,1
0.0060384898393939885,0.0011035612306005678,0,1
0.008363574083880781,0.00244269325879581,0,1
0.0059358272004918205,4.635782307688518E-4,0,1
0.006017472942854827,1.45095151976942E-4,0,1
0.008546836894528897,0.0010285230637288702,0,1
0.007690019806247899,-3.6220038389052676E-4,0,1
0.006077704439622539,-0.0022033088636670113,0,1
0.005890368033949822,-1.4695536838520674E-4,0,1
0.006763903267199351,0.0024031907185631946,0,1
0.006839053210438725,0.001930850447007698,0,1
0.006377598103245305,-9.226683621539066E-4,0,1
0.007225461895709883,7.475610166864301E-4,0,1
0.006191871697155005,0.003138385774277342,0,1
0.007951726544786581,7.102787048995272E-4,0,1
0.00651233611180664,0.0012022620248596362,0,1
0.006894041289509403,0.0013042676181576327,0,1
0.006294266548754368,0.0011464383724777891,0,1
0.006341320454933283,-6.109203296177746E-4,0,1
0.005098281613392391,-3.423129481749751E-4,0,1
0.00641602402681625,0.0015141990349290349,0,1
0.004645983641503389,-0.0017201942476382254,0,1
0.006252476881935427,-0.0015113259505378832,0,1
0.007273178027136735,8.876888424029456E-4,0,1
0.007561070495081741,0.002131596209925077,0,1
0.006772434314708507,0.0014276254561323472,0,1
0.006267008149393958,0.0014907548803048663,0,1
0.0054833113483317465,0.0010615905625877835,0,1
0.006032587243484262,7.496185682631162E-4,0,1
0.0049733459479388425,0.00344344485391359,0,1
0.006837451725522056,0.0016971220092826078,0,1
0.006223737617686026,0.001470099428866374,0,1
0.006408997701810997,0.0018934104765877993,0,1
0.00605598376867658,8.905638192856346E-4,0,1
0.005843498441241168,0.0012160809502188685,0,1
0.0033252147382516702,-0.0010415899639261439,0,1
0.005069609490725298,-3.0025853321443525E-4,0,1
0.007864797117616782,0.0028366443727434487,0,1
0.005609951358354715,9.585690370501495E-4,0,1
0.005881855901511151,0.00101276133163759,0,1
0.006958770813855558,0.0023715785013897557,0,1
0.006330100322348201,6.000928891077678E-4,0,1
0.0071840444315778955,-0.0014162931136374047,0,1
0.005198077418348399,0.0012827413565076767,0,1
0.005298367260927737,0.0013080653602779786,0,1
0.0057756918458766295,6.791613712256498E-4,0,1
0.005681277244131039,0.0010655789782084378,0,1
0.007244874560274769,0.0011277043661736077,0,1
0.004933100654886446,-9.317353011874797E-4,0,1
0.003650744658429755,1.7847053411605948E-4,0,1
0.00617680235688799,0.0016223075814463664,0,1
0.008141168192117222,0.002647669542315109,0,1
0.0068885793373638406,0.0016981609266319324,0,1
0.005258126820514633,0.002429543703106725,0,1
0.005890991713078554,0.002613546078366226,0,1
0.006522469457958252,0.0018128149871722266,0,1
0.0070466931710026414,-0.0010583322232768652,0,1
0.005228884932126525,0.0015241062073296826,0,1
0.005891984429796441,0.001376640900491537,0,1
0.005543414969400593,-0.0025987279192622123,0,1
0.007330092010745075,8.089406286595632E-4,0,1
0.0054723544045182735,0.0023186286929043564,0,1
0.004570531529290883,-6.232276508204409E-4,0,1
0.006653764094527597,0.0023524550243524,0,1
0.006616583979288536,0.002268808623624149,0,1
0.007662216632974793,0.0022740860116307556,0,1
0.00752694698727943,0.0027207550838261787,0,1
0.004232489432826693,0.0013905534104016659,0,1
0.00586318279722749,0.0014496253939601622,0,1
0.005782805959048576,5.93547984838629E-4,0,1
0.005189286072536377,0.0013915756951699441,0,1
0.005698300794788869,0.001005447701731097,0,1
0.005673742224527066,0.001170507484148751,0,1
0.005081839601042564,6.722938740886067E-4,0,1
0.005975799364335503,-0.0012870857229213216,0,1
0.006512571478312203,0.002245202854835001,0,1
0.009294212240226349,0.0033805047748267556,0,1
0.006506671027360505,0.0020208209844800903,0,1
0.007038840683564163,8.88365962545461E-4,0,1
0.005876135668388085,0.0018930317587970754,0,1
0.005857902655344174,8.158453007690658E-4,0,1
0.004583887048339164,8.376292927412718E-4,0,1
0.00537964739167599,8.111746874001237E-4,0,1
0.006234246774341609,-3.490645548922756E-4,0,1
0.005613467403277228,3.3634522146037515E-4,0,1
0.005279800760698617,6.727650106059925E-4,0,1
0.004692256376094196,-1.324579253331694E-4,0,1
0.006278107685908418,0.002820641821368154,0,1
0.005802767047051389,0.002502765415971108,0,1
0.005934749819474822,0.0053282623274107455,0,1
0.00294003356973846,0.0025550759400526646,0,1
0.005213122398257303,0.0018277478141503227,0,1
0.003172172712430817,-4.983605119306318E-4,0,1
0.005776954973145178,0.0013437432095822317,0,1
0.00654921472542036,0.001960078997530498,0,1
0.004933914888152017,8.727503628205192E-4,0,1
0.005913273346477414,9.14399321910712E-4,0,1
0.00464666663073365,2.5217134110707365E-5,0,1
0.00676917395620689,0.0021490528513917026,0,1
0.006552078447744956,0.0022583859366277765,0,1
0.00563584128025061,0.0017153355670857444,0,1
0.0064711754907425655,0.0019084563324805197,0,1
0.00788142477783264,0.0017320727303131282,0,1
0.006877340235908078,2.627725156353041E-4,0,1
0.0047782081262038485,1.4014235752614554E-4,0,1
0.008437755391945174,0.0011541156110162535,0,1
0.005503222767353376,-7.208680850062417E-4,0,1
0.008099159473778077,6.72609858260685E-4,0,1
0.006414682006394884,0.0010692249549321016,0,1
0.006618091120335735,0.0011199110598259583,0,1
0.006283590605688932,0.002266927573317035,0,1
0.00471566796958548,0.0015256994014112924,0,1
0.006799303174954341,0.0016216007871522374,0,1
0.006149967635864762,0.0018032611287661317,0,1
0.005896524277555987,0.001403600734504559,0,1
0.005608118400021219,0.0013154017607752311,0,1
0.005413293238898118,9.806179124717187E-4,0,1
0.0055093949861540455,9.968688614740507E-4,0,1
0.005449833721602749,-9.151346790745383E-5,0,1
0.005244597981240392,0.001058514321098565,0,1
0.006610082500485078,0.002991869750487634,0,1
0.006664178021438988,0.0019094286134332813,0,1
0.005761624528154642,0.001800093012368815,0,1
0.006704724140599808,0.0015880562914933351,0,1
0.004741030710814753,6.306950651221314E-4,0,1
0.005708181009779246,0.0024525489958986606,0,1
0.008180470410268472,-2.2416133067189114E-4,0,1
0.005840136441301275,4.851844292941724E-4,0,1
0.006168183317755802,0.0016523400490528312,0,1
0.004472732219397722,7.215826665693764E-4,0,1
0.004990166620072294,0.004191716457152427,0,1
0.006229766714985232,0.0023476289954767935,0,1
0.004979037479958372,0.0018604874537133693,0,1
0.005087597969542924,7.914320135834062E-4,0,1
0.005680297755061124,0.0015141455884457818,0,1
0.005614378895643791,0.0014310226858143087,0,1
0.0052443968537998495,0.0010268914313728932,0,1
0.005211587981014294,0.0014588820862525109,0,1
0.0045300378567835,8.804620488122903E-4,0,1
0.006467379161589108,0.002048673784098317,0,1
0.006780543991261934,-0.0017287447603827981,0,1
0.004743064433869525,0.0020292341226244726,0,1
0.004348411447233162,0.00231035733202419,0,1
0.0062622877043340495,2.9472421696580075E-4,0,1
0.00692484614288675,-6.527439503575285E-5,0,1
0.005216745052865453,8.249118401700687E-4,0,1
0.004310908080113703,0.0018324470327022884,0,1
0.003561944177927523,0.0012893168578930754,0,1
0.008587795993008424,0.0017427745052759286,0,1
0.004813671252581536,0.0010962902511453946,0,1
0.0057961213204292105,0.002503785829068355,0,1
0.005311207897466458,0.0015995634418106005,0,1
0.006782497479332481,0.001112626026920378,0,1
0.005559099530448197,8.417910745147607E-4,0,1
0.005247694030280247,0.001280738910589155,0,1
0.0050363992280748485,0.003768674425358579,0,1
0.004768733526081623,8.550345820496623E-4,0,1
0.006041567058145061,0.0023997213699599226,0,1
0.004243640128176296,0.0022598597774455124,0,1
0.005567332345051145,0.0013863457154806033,0,1
0.005800223130403264,0.0015398004607756852,0,1
0.0050204153366774475,0.002619587997143061,0,1
0.004901816577536403,0.002750137487717533,0,1
0.005626056425723661,4.7550816523895064E-5,0,1
0.0047367103057925205,0.0013552956260725409,0,1
0.006121942443577347,0.0031798274007220017,0,1
0.005064082213704375,0.0025129079410431414,0,1
0.005826678667841236,0.0033364881186359547,0,1
0.0050156380488084774,0.0019937747773794857,0,1
0.005489618440638505,0.0028490187320326867,0,1
0.005714750560256613,-2.511574360937293E-5,0,1
0.004434565731994654,5.852812697157993E-4,0,1
0.005950775499950802,0.0025029550921871592,0,1
0.005613315322987697,0.002351840699073984,0,1
0.003572888184371367,0.002817008713298476,0,1
0.004020759479987375,0.001380824074093822,0,1
0.005085679617381577,0.0017571543589307605,0,1
0.004907325438985883,0.005615800810361253,0,1
0.005495847794263549,0.002701218816065519,0,1
0.005116981782102169,3.3859160219066106E-4,0,1
0.006707838464648176,0.0023396774971507577,0,1
0.005893303692218309,0.0023633946179041736,0,1
0.00635137587585492,0.0024006203831851212,0,1
0.0058281358035806785,0.0023720359640181056,0,1
0.00598534104712173,0.001269945237323395,0,1
0.005803260976580285,0.001658096121989501,0,1
0.004857326538680171,0.0022289052879423134,0,1
0.006676805665891844,0.0034930719634115996,0,1
0.005168065272474324,0.0025643548586211738,0,1
0.0057546934516715074,0.001044744120411206,0,1
0.003806068358483914,0.001187131370875774,0,1
0.007604980609065009,0.0029880765126550275,0,1
0.0052387275449464685,0.00208364608869852,0,1
0.004688232964309418,0.0022723128218797347,0,1
0.005528813966102577,0.0018124568654652666,0,1
0.00504845882065013,0.0019428918643940717,0,1
0.0046644305002593225,0.002095326454489232,0,1
0.00429749159391377,4.331160768899283E-4,0,1
0.008609942350072054,0.0027788914027531584,0,1
0.0061911286711276246,0.0034729478784727963,0,1
0.004980057665250394,0.0025553921427222278,0,1
0.007193912508196121,6.168314595437918E-4,0,1
0.004956181386622171,0.0021902904303431644,0,1
0.005533875139395789,0.0026304869969386315,0,1
0.005129962565503106,0.0025712938764673268,0,1
0.004782637163518219,0.0031833311254687246,0,1
0.004419908094719838,0.0024990845893208147,0,1
0.004819763610465274,0.001844871668622202,0,1
0.007655668903760612,0.006246074522814451,0,1
0.004510397095411449,0.0034431398450068353,0,1
0.003972268533034931,0.0021630620411253907,0,1
0.0048787649661165815,0.0014047208886729355,0,1
0.004743304406489147,0.0017893153048908965,0,1
0.005469361558398655,0.0026125905819217375,0,1
0.004853567088376159,0.0025858136012456706,0,1
0.005082305714375644,0.002476538693987366,0,1
0.0046455361122052855,0.0023277854570465844,0,1
0.006192665083476708,0.0022195048393157876,0,1
0.007497226407808168,0.001505989405616022,0,1
0.004231665723515814,0.002274285683214101,0,1
0.008306196642319047,-2.90307685158868E-5,0,1
0.00433077712269927,9.001982800670121E-4,0,1
0.005275441906579607,0.003360141845642266,0,1
0.005038398208601086,0.002834675464381805,0,1
0.005646454349512699,0.003462334819889526,0,1
0.0044643367169476455,0.0026648203538684667,0,1
0.004752772884407123,0.003071501123213075,0,1
0.003742124676007779,0.0023901805225543414,0,1
0.0049115307039810175,0.0027595866261455886,0,1
0.004605201366206323,0.002233462900657929,0,1
0.004493620255042154,0.0028596629424771608,0,1
0.005425781905484706,0.006294122598127455,0,1
0.006782613111288869,0.005343279672687121,0,1
0.0066088520529403345,0.006758465404592905,0,1
0.006440695428426358,0.0053715222850800395,0,1
0.008215445203719501,0.007304961807856683,0,1
0.008448753616800737,0.005830547293752506,0,1
0.00865211493699499,0.007614078197748532,0,1
0.007225830842327112,0.006231878780756818,0,1
0.007373683530808255,0.006629978351657937,0,1
0.007285047962980631,0.006760760707758464,0,1
0.008689811300799656,0.006747543514718025,0,1
0.007880863594930778,0.006611972151964204,0,1
0.007841924867601898,0.007487318778876426,0,1
0.007577785064799782,0.00781743176699854,0,1
0.007300207964552093,0.0076707064558136995,0,1
0.009465113733651996,0.008933252096320128,0,1
0.008136948352735431,0.009481994045410742,0,1
0.007821150581225067,0.00826137598387546,0,1
0.0068875329371925,0.0027115572201292593,0,1
0.0070164968523542676,0.005343032777777236,0,1
0.005708088253736297,0.0025795802941926036,0,1
0.006011162809274362,0.004661564018672557,0,1
0.006904612211513008,0.005972363269476822,0,1
0.007326711879101488,0.006672505767890691,0,1
0.007259468598117227,0.007021144518414281,0,1
0.006740201709034271,0.006438414045142946,0,1
0.008787865981395799,0.006134862350259241,0,1
0.007536744778475356,0.005732849115794959,0,1
0.0061136972056061775,0.007984378394476466,0,1
0.006444509978061752,0.010847509050493347,0,1
0.00860771464836318,0.007741185634666019,0,1
0.008556008787494185,0.007766399571416314,0,1
0.005081654015019555,0.0064649008057933634,0,1
0.008461923775151751,0.008231755820852052,0,1
0.0073639369794897625,0.008697034876323213,0,1
0.010621280142509787,0.006065973945501291,0,1
0.0048698875872566485,0.00253945272662366,0,1
0.00620647556945667,0.006724646968684079,0,1
0.007503713455149624,0.0022622631405333567,0,1
0.007307368555283851,0.005973837836947022,0,1
0.006658023809341337,0.006558405304990622,0,1
0.006688404866866484,0.0052406099988172765,0,1
0.007295112862155828,0.007108092083506773,0,1
0.007619053916836225,0.005788947165931147,0,1
0.00787077239773973,0.006966573719888526,0,1
0.009872252408663849,0.007481228793356432,0,1
0.007317029417829425,0.004827131831336889,0,1
0.007822500408398493,0.0077673579203897235,0,1
0.007673595176876235,0.00762266624807184,0,1
0.007760593252537845,0.007819926897716161,0,1
0.008853162093079495,0.008607974643576976,0,1
0.008132896054075788,0.008459742717514505,0,1
0.00572062753874546,0.0035654711369179967,0,1
0.006386955274649367,0.004351355634337006,0,1
0.008546285545517845,0.0071005755693394285,0,1
0.007333936427534659,0.00531420617142729,0,1
0.00863907634334459,0.007219446681131893,0,1
0.007590349324263839,0.006303580447639067,0,1
0.008233869493840409,0.006793619757433235,0,1
0.0074578588234065985,0.006108398416658306,0,1
0.008480596083628049,0.005869075653210403,0,1
0.005963847648249406,0.00956618514925664,0,1
0.007736106496518168,0.007103737121221536,0,1
0.009775853304095472,0.009418711753341677,0,1
0.006996457032006643,0.00781242396451889,0,1
0.008495621269086295,0.009449937459108021,0,1
0.007722725405377863,0.008219450683237144,0,1
0.007429600195293917,0.008522498724270284,0,1
0.007637925917504862,0.004289068600448517,0,1
0.00706239103078664,0.0030700416041769076,0,1
0.0067263702962152335,0.006663138854953436,0,1
0.00721373207786223,0.005204676048949721,0,1
0.006174310646262528,0.006179497062579154,0,1
0.007759133748770124,0.006247534728175186,0,1
0.007671914760308043,0.005961668231581479,0,1
0.007788692030382879,0.004492890206850934,0,1
0.005599595597569439,0.00461492063640174,0,1
0.007508828098159681,0.006588522194113945,0,1
0.009658285328508272,0.005034029677559199,0,1
0.007763915152400683,0.007284257163065742,0,1
0.007611063207871098,0.005977696825572311,0,1
0.00779383058628212,0.007860715928304512,0,1
0.006750202940171581,0.0060031795480568455,0,1
0.007573451961076808,0.009070868600204497,0,1
0.007395575633643391,0.0064273248983466496,0,1
0.006422134746485398,0.005757748021190068,0,1
0.007620771356214297,0.007251137132681137,0,1
0.0075522106511623915,0.004990794767030838,0,1
0.00841935084466142,0.006341485403589348,0,1
0.007655394642374148,0.006246416917738509,0,1
0.007712324249171315,0.007502011435885759,0,1
0.008677251256120948,0.006389053076023639,0,1
0.00909090744836571,0.006030749767166869,0,1
0.007632734974999205,0.0054778949344853915,0,1
0.008147147927075956,0.007437756265124293,0,1
0.0071148247656748044,0.00629702575695408,0,1
0.006673605075671181,0.007451818400168881,0,1
0.007529804554236301,0.008596938780665768,0,1
0.007835299994253263,0.007228828849987219,0,1
0.008183046823536608,0.005009107098301853,0,1
0.009878929780965932,0.0053652900185573804,0,1
0.006998881318012318,0.004518623206944352,0,1
0.007269965291532139,0.005487055760305945,0,1
0.00821438641611481,0.002119366553938263,0,1
0.007789647754706082,0.005873997171731964,0,1
0.007841708699612975,0.006580546018423197,0,1
0.006376577991215635,0.007205669643725358,0,1
0.007824792979029114,0.0039794036254451465,0,1
0.008000519133296672,0.007451317188271183,0,1
0.009086354176402326,0.007703268125957464,0,1
0.008061353324042703,0.006270271229929558,0,1
0.008922412612527405,0.004172050472243441,0,1
0.008881483555555448,0.008616582926025991,0,1
0.008116356938775162,0.007922968588870535,0,1
0.008621239283652996,0.005948468517749152,0,1
0.007946175113063567,0.004990290933379325,0,1
0.010922837595488656,0.004682725278624599,0,1
0.00802368467153248,0.002527331483811943,0,1
0.007849121411569559,0.0058090681382157935,0,1
0.0070015517255181525,0.0051958429921263975,0,1
0.007523585326365634,0.0057480473058490016,0,1
0.006533671482247988,0.007143866372279951,0,1
0.007408787655449921,0.006276188852034129,0,1
0.007847328074644958,0.006422142317839665,0,1
0.00924674619397171,0.007187322645819623,0,1
0.00807336604965058,0.0069577429077175585,0,1
0.008002427947587652,0.007195662763965715,0,1
0.00870914915399228,0.009182890104579277,0,1
0.008156300418948121,0.006092900779329876,0,1
0.0079757529563649,0.003792277753582496,0,1
0.006391134088156748,0.0032517715188784095,0,1
0.006365131069855628,0.005983577689753012,0,1
0.008171454138089498,0.007196881768732666,0,1
0.008297838730052999,0.005671088091936072,0,1
0.007043716914638497,0.007893953315873843,0,1
0.007961118457923456,0.00655793687440447,0,1
0.007911285955145023,0.006718538378327054,0,1
0.007728428385026106,0.007490943522211489,0,1
0.00837465313639561,0.0069269864073397795,0,1
0.008432941671997419,0.006794706995052485,0,1
0.007426004653241759,0.007097666469288352,0,1
0.008181724919266872,0.00784251436194155,0,1
0.008654413818783954,0.004894118203555987,0,1
0.009018358916534937,0.0050279299147287,0,1
0.007358373486505406,0.005379115797189461,0,1
0.008959721781996959,0.00593239442595265,0,1
0.008122259904450504,0.005976177594802704,0,1
0.004905613996487391,0.005505531173590087,0,1
0.008997208856264833,0.006854073367938916,0,1
0.006846696905502813,0.004499634940432249,0,1
0.008428103246159334,0.004256521552614705,0,1
0.009433103600231663,0.007570558188658874,0,1
0.008295587533585601,0.007241690267630282,0,1
0.009024753230051101,0.008619165870545073,0,1
0.0076791182596739095,0.008365210474022845,0,1
0.008118710760012403,0.004480891961006626,0,1
0.008606248936814541,0.00557615075702403,0,1
0.007458928347785952,0.005491549745301962,0,1
0.006837002896463256,0.0047252260641025634,0,1
0.008099911729224972,0.005303026916689055,0,1
0.005935800633584372,0.006188740208876805,0,1
0.008201883095487084,0.0063355451892184765,0,1
0.0072763599667951375,0.008470417201532512,0,1
0.008369378328521113,0.007313919416633855,0,1
0.007655684867747301,0.006329099288312152,0,1
0.007586968301976638,0.006224207223917533,0,1
0.008137812400345959,0.006257065998176377,0,1
0.009382565808131588,0.00759223152683795,0,1
0.007919086045207375,0.005271231246747823,0,1
0.0085107736031562,0.006075581168180539,0,1
0.00833416950464846,0.005312171494514169,0,1
0.01018774930914408,0.005508881913068143,0,1
0.008032648287313827,0.0068863396712453406,0,1
0.008320859379695175,0.006185003636638104,0,1
0.00822139718628399,0.006213613230860853,0,1
0.008496149983874839,0.007524538390621995,0,1
0.008841522402939112,0.006271888683453824,0,1
0.008177840957538672,0.007034279945353838,0,1
0.00842844479318336,0.007326265622374386,0,1
0.009146506500700905,0.008489443153897307,0,1
0.00813319031520618,0.005134172778937317,0,1
0.008104178401023131,0.005181157795628232,0,1
0.00809340252918117,0.005392934099382776,0,1
0.004950107664430687,0.00617111083783498,0,1
0.008048458354952288,0.00562634497412114,0,1
0.008344947736807391,0.006235901312784212,0,1
0.00954405022694712,0.005923139796233442,0,1
0.008408672544510049,0.006535369879568244,0,1
0.008441504989576834,0.0067534354560501485,0,1
0.00963506675981993,0.01050297785839875,0,1
0.010060249649129296,0.00912870440529328,0,1
0.009015817044515147,0.007976146532317503,0,1
0.007219781550660367,0.0045404759102184115,0,1
0.007890603637546525,0.00539502934652001,0,1
0.008974773459329295,0.006424281606661661,0,1
0.008476753541383946,0.0058842504609597675,0,1
0.006969465676034578,0.007144471533842055,0,1
0.009288734447362628,0.007512619114450142,0,1
0.008946194005467135,0.006385592497938661,0,1
0.007952596996096564,0.006740225133661633,0,1
0.007319074620976028,0.007269899696949625,0,1
0.00966699471092169,0.005374949808886715,0,1
0.009389854201464175,0.00588065232249734,0,1
0.008094438385355595,0.005198613047125856,0,1
0.008335624395649057,0.005361577435343909,0,1
0.008381102995824166,0.005339831670912568,0,1
0.008004666975282416,0.00787243234998966,0,1
0.009803246649133004,0.003634700824085949,0,1
0.008403683117998936,0.006073172550566515,0,1
0.0075140524162465245,0.005243220997315798,0,1
0.008187946449650367,0.007331092348850297,0,1
0.007323483156950244,0.006165614237543348,0,1
0.008345023986224038,0.006732963605123806,0,1
0.009056547230351574,0.007523571065497213,0,1
0.00772289686590081,0.004314414287831324,0,1
0.009490303228898102,0.004987690977653735,0,1
0.007392093706235506,0.006103693247315615,0,1
0.00821280926943897,0.005947306046924367,0,1
0.00800867409571499,0.005621653151270775,0,1
0.009395170208830515,0.006728183855467322,0,1
0.006224984956158242,0.0046550652068976265,0,1
0.010177216166100431,0.006869923508102115,0,1
0.007595548927854239,0.007925341039200944,0,1
0.009319722793755357,0.004964339642935395,0,1
0.009104551540421203,0.0051221089373229955,0,1
0.008019090147744776,0.0048738281749408285,0,1
0.008864844555463105,0.004688817647013901,0,1
0.009636806057274187,0.005173188313233377,0,1
0.0060550618313753276,0.0033245729215953,0,1
0.008151624802462409,0.0063250187316891545,0,1
0.0083695176307038,0.005941812967626408,0,1
0.008622241839685492,0.006570870252779686,0,1
0.008250606809961255,0.006402537611995033,0,1
0.010043525403977549,0.008139836888353928,0,1
0.008531347975907006,0.005204063654258598,0,1
0.008160488588248468,0.001961822599430409,0,1
0.008955231150174147,0.004919158732375275,0,1
0.009437508193604366,0.006619863988332195,0,1
0.008312807669424015,0.0028093408756849686,0,1
0.009303043457529006,0.005924429687988426,0,1
0.009178084097884568,0.0069867493336006085,0,1
0.006853148385762676,0.007148179366463985,0,1
0.01174010764838884,0.006001216833485254,0,1
0.008560423116164098,0.0063228205005978555,0,1
0.009497463815656627,0.005659349289906358,0,1
0.007560945626859416,0.005942057803606291,0,1
0.007994684445765185,0.006199161062535099,0,1
0.010618821275905004,0.007331310788156038,0,1
0.007429232762333455,0.006134586146162004,0,1
0.00685815592213495,0.004229767764162277,0,1
0.008469893252661202,0.006750695941427706,0,1
0.009414259563534493,0.006886487882122828,0,1
0.009877173266172507,0.003196549125094581,0,1
0.0083227250930621,0.005054377979125481,0,1
0.009218937356240452,0.005394548190308678,0,1
0.007904028347365557,0.005817930900148364,0,1
0.009275620194940281,0.006628359929298514,0,1
0.008785380333635351,0.006607675567450923,0,1
0.00882213528470254,0.006551514058882567,0,1
0.007069957785644534,0.006521199127541195,0,1
0.007233778171854673,0.007400131553426354,0,1
0.008590713846043648,0.004556497556262084,0,1
0.009863254640034475,0.0055931766885057655,0,1
0.009324862002126405,0.0062764045862635535,0,1
0.0057624830900459,0.0039378062625217754,0,1
0.009612820504877728,0.005930745403842312,0,1
0.009324464477989389,0.006110228579243543,0,1
0.010139573008067207,0.006350955355099235,0,1
0.009035253738939089,0.005275509961845215,0,1
0.01083629713400326,0.0037805571946228664,0,1
0.00780595886136783,0.0032007674304101955,0,1
0.009059883300547786,0.005968169787158455,0,1
0.00916257514618641,0.006083227021977001,0,1
0.010422614803083933,0.005918326719530554,0,1
0.00889869903172621,0.006884179040766991,0,1
0.008832446241171818,0.005106499014893382,0,1
0.009099290011550585,0.004766262262161165,0,1
0.009557186904516506,0.004887572450349765,0,1
0.009594774492841738,0.006427279774646254,0,1
0.0094297192822885,0.008826298712059746,0,1
0.010396712094102928,0.006614372770690933,0,1
0.009294247493826532,0.005902406889902078,0,1
0.008812703438918759,0.005166078700588393,0,1
0.00908193998633987,0.005285393600806344,0,1
0.009503510694984535,0.005416167416722979,0,1
0.008930803191147,0.005351725032430377,0,1
0.008535699818747383,0.006770950292126012,0,1
0.009121758668908624,0.006811403658843505,0,1
0.00843457374895823,0.005939180438955452,0,1
0.01169842724446461,0.0037638790862886675,0,1
0.007340995686425313,0.004977399776324943,0,1
0.009418516276596036,0.005874671670259756,0,1
0.009119728426835769,0.00462831121869234,0,1
0.00951681204817203,0.006168292464925846,0,1
0.010154915043651057,0.005663511438087733,0,1
0.007765437317112847,0.006548143476628007,0,1
0.0068166754235950075,0.004154730381541004,0,1
0.009344459767639307,0.006552690218608824,0,1
0.009219148890036048,0.0062643862702812065,0,1
0.007603864096752447,0.007013691012823768,0,1
0.010095959888898338,0.006092668374976475,0,1
0.009992650757936608,0.005786664132825971,0,1
0.01109811877504699,0.002613893011378528,0,1
0.009315045609567637,0.006103559011015893,0,1
0.009488147308600264,0.005534184215351733,0,1
0.010151796796227224,0.004456937182995496,0,1
0.009632023742042587,0.005616922791600235,0,1
0.007340407934251355,0.007341228044572108,0,1
0.009544508025941777,0.004696794693851477,0,1
0.010401692806456664,0.005661410533564986,0,1
0.009707578451371242,0.006167301986507458,0,1
0.00978875599523729,0.005925829398626996,0,1
0.009662162387968505,0.0044756028953005745,0,1
0.009293708887872893,0.004617221121464502,0,1
0.01165158375057311,0.004438910743324127,0,1
0.010218386078232852,0.004646451576180512,0,1
0.010861113802897724,0.005480607937118368,0,1
0.01010651419955352,0.005584734676550574,0,1
0.011684661764236737,0.004800195405636686,0,1
0.01137850197395456,0.006599778093047046,0,1
0.009250886505879085,0.0052846926837380815,0,1
0.01046719152357698,0.004656789941151489,0,1
0.00871778469735099,0.006814208951376533,0,1
0.010555374435901536,0.005525291182325136,0,1
0.0069302628435535816,0.005162852201596135,0,1
0.005966635491155052,0.004849455686160447,0,1
0.007990380646349013,0.006077354608738365,0,1
0.004426591254217743,0.005915633644374789,0,1
0.007168146422496523,0.0031291521400220383,0,1
0.009191687671479267,0.0048615610468389,0,1
0.008232848875582986,0.00537309792593751,0,1
0.00685270891249282,0.005097051950567491,0,1
0.00830145300813839,0.006374169569935075,0,1
0.008451946775898094,0.006632564679490651,0,1
0.009848079920000452,0.0047938514179462315,0,1
0.008581120844448266,0.005961899044176945,0,1
0.009131852152937341,0.004364369518690752,0,1
0.009490595595672894,0.005104483635286218,0,1
0.007892562335036412,0.004592761296929294,0,1
0.009769386289726694,0.004949645594322305,0,1
0.006535222537208441,0.003592396581716284,0,1
0.007296288247847489,0.006313008957377613,0,1
0.007580913115764331,0.005212613801502014,0,1
0.007680831795932088,0.004901437756947223,0,1
0.009435831301115553,0.004995411104826958,0,1
0.008224493997732316,0.004986812965703972,0,1
0.007271749764772042,0.005517786522436926,0,1
0.009836378902344569,0.005110855806287869,0,1
0.008791921579453587,0.004197761747477531,0,1
0.010648228272818399,0.0061945206220304335,0,1
0.009494378143546069,0.005053510209369726,0,1
0.010865765433696656,0.005861176547026374,0,1
0.009290183572475066,0.0053736948721192,0,1
0.00891550183213641,0.004595611089498757,0,1
0.010187215838790679,0.005130101048583882,0,1
0.0069311525443531115,0.0042411738527722495,0,1
0.009026103940690169,0.0037512602528706977,0,1
0.007400230688786003,0.004646986084419788,0,1
0.006622806583950333,0.005267019570953419,0,1
0.005631180830429019,0.0052022733177193355,0,1
0.008441174675835376,0.00500680717164742,0,1
0.007761828912104693,0.0036258805292424994,0,1
0.008395046789121273,0.006036870832004659,0,1
0.010033184865869623,0.006701369683851388,0,1
0.010822521050839787,0.006128048081051021,0,1
0.008764840606400655,0.005543141295168795,0,1
0.009386920043612938,0.004793327543095757,0,1
0.01030873078280406,0.005483744219090419,0,1
0.010426536207536283,0.005015800690131654,0,1
0.011095385976502198,0.004484634270784828,0,1
0.006853660483475495,0.004121050126726017,0,1
0.007261192825128289,0.003944141493299523,0,1
0.009460943045304147,0.0017428848806446992,0,1
0.006259363127467188,0.005325484833425399,0,1
0.008463306598470019,0.004762790057613053,0,1
0.007045392545726054,0.0058106578660565384,0,1
0.008873763088491138,0.0027262910540483015,0,1
0.008504842636026775,0.0048206846719197815,0,1
0.01011349689460135,0.004938841462301634,0,1
0.009202881451560129,0.005086743397083672,0,1
0.008685743973876576,0.0037081754647986164,0,1
0.009166219501908584,0.004255634371188292,0,1
0.007581262697391565,0.00481456808227769,0,1
0.010313040464950796,0.005606317113845182,0,1
0.006524341352908112,0.004815611894945656,0,1
0.00567795037972743,0.0036961800847350214,0,1
0.007817597210273914,0.004474076846029257,0,1
0.007920807679865262,0.004689110921512713,0,1
0.007770070662263029,0.004514602176164193,0,1
0.008691545400234644,0.004456737873944862,0,1
0.008131886771139355,0.004256745070512068,0,1
0.008826116000696623,0.003170537865750993,0,1
0.008789926198931474,0.0020767433712989736,0,1
0.008777203572030802,0.004563451210126688,0,1
0.009162034825363622,0.005238898040466218,0,1
0.00959210141186709,0.0046560515751930395,0,1
0.009662616816318779,0.003994039150412201,0,1
0.009784887194189863,0.004678698495791818,0,1
0.0072584484531895005,0.004435931646441322,0,1
0.00706883889308195,0.004242785997345355,0,1
0.008916088057257155,0.004267426229548487,0,1
0.0078330784969739,0.004458020045577086,0,1
0.005989679419372495,0.004985378034847565,0,1
0.009464134827031878,0.005259491167214821,0,1
0.008737499102334356,0.004083989317754588,0,1
0.009119709894651338,0.005737478332033279,0,1
0.009287265441247226,0.004998849705073346,0,1
0.007975340284421609,0.0041406497464351,0,1
0.00922685150579554,0.004239451332553768,0,1
0.009568032108232798,0.003853462179950882,0,1
0.00982140662983083,0.00477766701464625,0,1
0.00622539247811182,0.008131427218165855,0,1
0.007469206205765819,0.002758687414626529,0,1
0.008337156684834446,0.006854355653993628,0,1
0.007351693095880214,0.0052347853652982305,0,1
0.008076345426297,0.004029821164388803,0,1
0.008108493643917794,0.004263202515622841,0,1
0.008064477646500692,0.004088969826603186,0,1
0.00991966244681861,0.004558739926669552,0,1
0.010105859666731075,0.004193562168641432,0,1
0.010651028933838087,0.004611331936398325,0,1
0.00980462781040869,0.004561873046480528,0,1
0.010125956148932911,0.004711944812922263,0,1
0.011165108699864206,0.00596774076089046,0,1
0.008741608876749931,0.005930418143504435,0,1
0.004572233741006258,0.004264381021486518,0,1
0.009396483305416045,0.002863065522984197,0,1
0.007889858200480064,0.004488227314830782,0,1
0.006929447905012455,0.0041185552594986885,0,1
0.008275396087254529,0.005720436669043805,0,1
0.007809978926842156,0.003786592341005062,0,1
0.009300168038060042,0.005410157483093395,0,1
0.009440023425091702,0.00442827851777677,0,1
0.009092678271939046,0.005831007367506993,0,1
0.009307125235794658,0.004677625242888689,0,1
0.010096584495833108,0.0022430498133898954,0,1
0.007147898178583777,0.004151534005844564,0,1
0.0065913750354219345,0.005001211521988557,0,1
0.009182600065401182,0.002865316725744671,0,1
0.008021470520606923,0.004902653575907697,0,1
0.01082653914044212,0.003798857992808678,0,1
0.009200764265195723,0.004168532142427238,0,1
0.007430464335509683,0.004792314148359885,0,1
0.007745129342298475,0.003778672833874633,0,1
0.009287000778513702,0.0044420598078063755,0,1
0.006897331539799878,0.0035506124696001846,0,1
0.0063746451088412615,0.002479455193727399,0,1
0.009938987723526898,0.006467729109242283,0,1
0.007268302650445146,0.004792426547079643,0,1
0.006143632895813889,0.0035239803513285382,0,1
0.008071159001312582,0.004721599348992963,0,1
0.007580936847559474,0.003611481935568467,0,1
0.008483986897751287,0.006807730363352474,0,1
0.008934642830184907,0.0031066783632550314,0,1
0.009725891942282487,0.005301482520461706,0,1
0.007651705990297684,0.004651992883731852,0,1
0.008656510176234646,0.0053417365587661815,0,1
0.009072587257210498,0.004010488881099182,0,1
0.005806659185567661,0.004203287363312451,0,1
0.006955389331146985,0.003930653062682862,0,1
0.00635115026664837,0.004520843166642496,0,1
0.007893272977283664,0.00321841441290941,0,1
0.00831356899615741,0.0038595575627107335,0,1
0.007754656360627747,0.004484821914490773,0,1
0.007974067560718119,0.0037527652426401037,0,1
0.008052164615856287,0.0034935147202370467,0,1
0.008419225751679435,0.004562074006621851,0,1
0.009166573183128482,0.0045319475768051945,0,1
0.009601761258069563,0.004444527120033298,0,1
0.010609028776669615,0.005318731853838125,0,1
0.008944144298565064,0.003168885464708187,0,1
0.0068562168298403735,0.004142574422714128,0,1
0.008386680376278446,0.0038416644866721195,0,1
0.005621517743627698,0.003374168319628549,0,1
0.0077153608860587135,0.005369825430276961,0,1
0.008647192575064867,0.004482004807690305,0,1
0.00846549305429187,0.004024814671788555,0,1
0.00821337860414462,0.0037789033413908315,0,1
0.008436144160590627,0.004365416465810351,0,1
0.009190510294110776,0.004387739055541063,0,1
0.01270890767941774,0.00358656590294238,0,1
0.006176373072107488,0.0030318095747197994,0,1
0.007539620925746241,0.002851926892856581,0,1
0.007384685033224231,0.0022900196315420425,0,1
0.0071124539127342045,0.004165822710339323,0,1
0.006850418598117844,0.0038930268284000247,0,1
0.008160521321205087,0.004194931290499401,0,1
0.00793524983279124,0.003843237630470096,0,1
0.009799235168923585,0.003990862166619277,0,1
0.00939745149073001,0.006404801098528789,0,1
0.009438742392719359,0.0038817198288938685,0,1
0.0076152336573232565,0.0034837007074029367,0,1
0.0078101153533899695,0.00404156502698568,0,1
0.006905675715119473,0.004536312674333916,0,1
0.008418540794329037,0.00453038874599639,0,1
0.007902000454499807,0.0036932295131468324,0,1
0.009455430811813737,0.00449677869525118,0,1
0.008758420343613271,0.003738395468466848,0,1
0.009682540303726152,0.006071152999978833,0,1
0.009943938866901663,0.004239922281909949,0,1
0.0062833811645582995,3.0896062792413705E-4,0,1
0.00617080198213422,0.003199239460494134,0,1
0.00852640556773643,0.0035340795867916256,0,1
0.007487128000805568,0.004709056363117137,0,1
0.008829501635122238,0.0030020185776360345,0,1
0.008356758160165572,0.004225391329947596,0,1
0.012336166270270394,0.0022645293501427767,0,1
0.009039575192608194,0.005948162045562227,0,1
0.007847820222412616,0.0030307837518912233,0,1
0.009443708384599337,0.002356975411002137,0,1
0.007624565765668516,0.003615260871346831,0,1
0.008108489493013798,0.0049044960465029815,0,1
0.007916382482416733,0.003210346608766453,0,1
0.007620594960254459,0.0033331782809352104,0,1
0.009300878122086723,0.0047652370412581075,0,1
0.007756299111469521,0.0027989432427252135,0,1
0.007156999765385116,0.005177544816978667,0,1
0.009131985050675973,0.00523029603355079,0,1
0.007135962931823773,0.0030671144070160573,0,1
0.006597468280519712,0.0030477471771266375,0,1
0.007949967432892242,0.0035532257713731643,0,1
0.006769815367581753,0.006009105681488729,0,1
0.008513914708826004,0.0035194321083867972,0,1
0.009055818985197101,0.006452252088210659,0,1
0.009203748001192133,0.0030302342893485557,0,1
0.007948041553530714,0.0026356859791267697,0,1
0.0075927540764760834,0.002892477583620579,0,1
0.007729406359521005,0.0034356645942019036,0,1
0.008566463579764616,0.0032860146764167515,0,1
0.007641826752992248,0.0032309178013391403,0,1
0.008735977982470236,0.0033580524573303384,0,1
0.008689929538604936,0.0034547026356642435,0,1
0.007506466769790663,0.003091516949672572,0,1
0.008192155603908768,0.004494860633086641,0,1
0.0067676711144991665,0.0031369262249244124,0,1
0.007519621921578298,0.003725623540772628,0,1
0.007878849183418527,0.0030210903459803574,0,1
0.006862098948264992,0.00290164572087799,0,1
0.008506833066437085,0.0037866006048368024,0,1
0.008379135717748601,0.004910103635501835,0,1
0.01103868759894382,0.006541406659150446,0,1
0.007717313039134993,0.003170298889317215,0,1
0.008007097842835114,0.002720838085804887,0,1
0.0050472150841558245,0.004855397010987061,0,1
0.006633321460625802,0.0036211589030007885,0,1
0.005209098471916516,0.004929907294449411,0,1
0.008502211897827036,0.003845831834435247,0,1
0.008430375298285385,0.0030216098193952884,0,1
0.008656540362606647,0.003908448495636987,0,1
0.007750964284985924,0.003398811497312517,0,1
0.008645208518987545,0.003354392019381848,0,1
0.009054366355723655,0.0022053170672286762,0,1
0.008537083711041707,0.0029135280323371888,0,1
0.005852616934750936,0.0022873614102656764,0,1
0.007147970778182745,0.002837601072939855,0,1
0.009818411243491372,0.003796941862030386,0,1
0.008157081414769951,0.003045731941201529,0,1
0.008357944486081832,0.0028929821210394164,0,1
0.008671753571710399,0.002938295158167564,0,1
0.010475105934069287,8.77788249641261E-4,0,1
0.008731346187259762,0.003955768529096562,0,1
0.008234699899949271,0.002532315576043236,0,1
0.007668698523005331,0.002761589829171249,0,1
0.008042485340422036,0.0031294712543861393,0,1
0.009645207672112079,0.0031124581393764702,0,1
0.011509676431344667,0.0024841438170082808,0,1
0.008198861887865679,0.0025136926137854306,0,1
0.007824140639110822,0.0029884032336491514,0,1
0.008457691412616162,0.0031007424319280494,0,1
0.008960620891846908,0.0022260079686276407,0,1
0.007098220532375797,8.989232491035277E-4,0,1
0.007863880380646986,0.002808024968023445,0,1
0.0071516819975979,0.0024999332545267198,0,1
0.008211715276638764,0.0031627333810333213,0,1
0.00803615081059697,0.004311119093768125,0,1
0.00753332887516434,0.002655808787002321,0,1
0.007131221720302317,0.0023470640060779158,0,1
0.0110626809359816,0.002284608645053785,0,1
0.009755554956901662,0.0014622490926329641,0,1
0.008817430979087684,0.0026345162529379275,0,1
0.00860781256624825,0.004338015676421812,0,1
0.00935650775158236,0.0016659658288525835,0,1
0.007015333799826758,0.0023718978810903144,0,1
0.00845272546968171,0.0014173275840801633,0,1
0.008695063378319785,0.002444239463616996,0,1
0.008222740862454187,0.002281031698578275,0,1
0.010539603076665233,7.219209920911184E-4,0,1
0.008054338526665157,0.0017026760082156495,0,1
0.006410803568962156,0.0017347341638328509,0,1
0.007686787313402965,0.0038781952114757615,0,1
0.007987424127194437,0.002523769750602829,0,1
0.005447854576854343,0.002192117209277741,0,1
0.005983931038553506,0.0012533456892993454,0,1
0.006594238882973489,0.004047510632913498,0,1
0.005313816733489119,0.005105852858457929,0,1
0.007565756091715488,0.004603299328761591,0,1
0.007001660014855604,0.00427210469363675,0,1
0.007812372231957314,0.004457179669544002,0,1
0.008149485256697859,0.0053931584561619965,0,1
0.007288157517360947,0.004395757271965438,0,1
0.007668893057717778,0.0025297119953045922,0,1
0.007009923362977474,0.00625550815292666,0,1
0.007765223371496242,0.0035113788884784335,0,1
0.0068463914009025545,0.0031653281995102614,0,1
0.009429353202525559,0.006010190751626572,0,1
0.010591685918602968,0.0028616301399213184,0,1
0.008780474361857974,0.0031222935254537603,0,1
0.008637983609794246,0.001518807001677878,0,1
0.0069440993134290705,0.006273250183238507,0,1
0.00593932658904306,0.00444526969750992,0,1
0.006954669480314882,0.00425437465952391,0,1
0.006493988216890624,0.005128152163649428,0,1
0.006803593403708011,0.00377535899155957,0,1
0.008240351703648818,0.003678101218399849,0,1
0.005567994541225867,0.006721149965687094,0,1
0.00768893782590021,0.0021791106887256023,0,1
0.008454260154854483,0.004372719740200923,0,1
0.007544514484008089,0.003110525125247576,0,1
0.007516319127511362,0.0026227008190080575,0,1
0.009412799655387315,0.004376264628396063,0,1
0.008982771538912835,0.0016960777444926267,0,1
0.007518842905577684,0.0023244359622609126,0,1
0.007448297999284549,0.004829153068064015,0,1
0.006530168545993978,0.00515337722709837,0,1
0.004612389120175386,0.007237125168389946,0,1
0.0062289642804512204,0.003668809085794183,0,1
0.00756409892523879,0.003969908585080287,0,1
0.00746190803428269,0.0020117018478116346,0,1
0.007501137079785053,0.003312492043983597,0,1
0.008928672295600371,0.0034505564638703055,0,1
0.008178861196355428,0.004246329453281611,0,1
0.008639634361891713,0.0024599095252848466,0,1
0.00843324453644575,0.0017000596603766432,0,1
0.007992050061106294,0.003723009921454606,0,1
0.007729496658370599,0.0013345905282613642,0,1
0.007531863803392784,5.46828390582434E-4,0,1
0.007126247539451815,0.006672326366050849,0,1
0.007094433569011139,0.0047800214037342185,0,1
0.006739422268815167,0.004045426190193483,0,1
0.006681630463077751,0.005127512177145151,0,1
0.009360458322076187,0.0030414985002777638,0,1
0.0055103570621996435,0.003391058966569868,0,1
0.006572595018951837,0.002899876858365695,0,1
0.008739750321431082,0.0021536948875101754,0,1
0.005567010228669044,0.0019137321414031598,0,1
0.006257152851712098,6.65492490550368E-4,0,1
0.0076763444360999945,0.0024281710822816518,0,1
0.00748363338453505,0.0024412725495153178,0,1
0.007530933521256714,0.0013096754849010858,0,1
0.007237905821870932,0.005636022766359058,0,1
0.007009790631801344,0.004109608901523026,0,1
0.006816770711642466,0.004382938830870181,0,1
0.006942030603240899,0.004163408319530214,0,1
0.007424315297070162,0.0062814329783785604,0,1
0.00679891472029738,0.00369823497486495,0,1
0.006505225971706588,0.0031935436732860208,0,1
0.006412403307058259,0.002132034892545674,0,1
0.007152664257370824,0.0032840422834942034,0,1
0.007302392904330767,0.002614158993714339,0,1
0.007351188277478518,0.002507263324884214,0,1
0.005893332214742132,0.0024597237050420478,0,1
0.0072187636448868995,0.004229087379228586,0,1
0.006634136775719801,0.004169152416467251,0,1
0.006856463899624392,0.0041648821710536035,0,1
0.0060223797137511515,0.004468464531758761,0,1
0.005000508935332889,0.003249598323961659,0,1
0.0067808597857525795,0.003911168155373612,0,1
0.007235585471902297,0.0031587856595970986,0,1
0.006798845846710325,0.003032071280614825,0,1
0.007101226321031838,0.004087352531953536,0,1
0.007503310672112393,0.002650929094650123,0,1
0.007080337709140534,0.001070247615238415,0,1
0.007456016972791563,6.283549275279221E-4,0,1
0.006389357082896148,0.004526460083975714,0,1
0.006522554123650178,0.003656097437966377,0,1
0.005160688275917007,0.0010076409791426216,0,1
0.006634893134011549,0.004060246239718255,0,1
0.004590458437641441,0.0012946077570115632,0,1
0.006250420523641052,0.002498243754170605,0,1
0.0065841761152671515,0.002727930423093596,0,1
0.006098070462741585,0.0012903463166199932,0,1
0.006535705892266722,0.002880991924650047,0,1
0.007209126352397944,0.002778418558678081,0,1
0.006963556641914598,0.0020258263935727643,0,1
0.007659474976470606,0.0034768913753795384,0,1
0.006615962716748444,0.003218922307587421,0,1
0.00754476865639509,0.003268870384436471,0,1
0.0037630385452443412,0.003726730404488754,0,1
0.008356100980182548,0.004148711831766807,0,1
0.005621412881100814,0.0032789223601766425,0,1
0.0069615289407808645,0.003735678917805696,0,1
0.004874602315006204,-3.3862498325626627E-4,0,1
0.005576993732222728,0.005905148871348533,0,1
0.007529866863458007,0.002352180786051619,0,1
0.007458581325087253,0.002858218210819642,0,1
0.006670726757306847,0.001511710517676889,0,1
0.0047896000666879665,0.002684051554548236,0,1
0.0062738920395933664,0.0038693370945848725,0,1
0.005967498642690386,0.0037177574723642466,0,1
0.00567180680038758,0.004464287659850396,0,1
0.008093001192236283,0.0031997464837882398,0,1
0.0064931129323045084,0.002971560122857309,0,1
0.005165252008193508,0.003431432031977062,0,1
0.004918899846801264,0.002894466981634459,0,1
0.007912575950557822,0.002639479700387138,0,1
0.009442504964633319,0.002638969851804257,0,1
0.00726792778603724,0.0024153045222696477,0,1
0.006128836514351751,0.002744668392385894,0,1
0.006273917579536712,0.0042278381787185185,0,1
0.0074178810540480086,0.004624585624545468,0,1
0.0076555283684747,0.0031644096095334888,0,1
0.006600410625323769,0.0037209464347956185,0,1
0.005453307507120578,0.003540580437451797,0,1
0.005604190453212031,5.306965661324414E-4,0,1
0.006815255589939816,9.960397285541942E-4,0,1
0.006656933943052627,0.0014214466296546963,0,1
0.006338314155030071,9.510427436398813E-5,0,1
0.006556626563668202,0.004464166393551077,0,1
0.006233424288337956,0.004015680417601597,0,1
0.00647043065561023,0.003848906606102757,0,1
0.0049486810803879904,0.0031082414825345187,0,1
0.006061796382668346,0.003245960389162927,0,1
0.00759758942356912,0.004023772833437984,0,1
0.006798828955615515,0.0036689373710856467,0,1
0.008238143488531507,0.0037374952628779668,0,1
0.006672445188499504,0.0027219254034360468,0,1
0.005434878027809299,0.0032674865735372377,0,1
0.006642151630156809,0.0027943760101550386,0,1
0.005232793791660063,0.00407952155073938,0,1
0.006203321507013824,0.0035380053091246507,0,1
0.006320254940670365,0.003360826253015976,0,1
0.006897260912648073,0.0041596297804523345,0,1
0.006364657157718425,0.003481013345671391,0,1
0.006441198120359295,0.0017263396396418429,0,1
0.007963910924921644,0.001916442497069608,0,1
0.007281925539511329,0.0027151884382114826,0,1
0.006660803224916177,0.002328565085322341,0,1
0.0065052888946160225,0.004485000297386941,0,1
0.005329442025595575,0.003589398343219409,0,1
0.005374414881621293,0.003798616446929987,0,1
0.006898410346291511,0.0038766271276984266,0,1
0.006336408847403769,0.004324879012793031,0,1
0.006396628500390268,0.0022394674723373773,0,1
0.005143322489726026,0.0023731348741904902,0,1
0.006587536864482342,0.0024524737580444585,0,1
0.007701540052062244,0.003430261723545146,0,1
0.005813386827159866,0.004271274985065612,0,1
0.006257619349833154,0.0035982258131448275,0,1
0.007529432557793557,0.004702837226316112,0,1
0.006625502265557112,0.003669693792706369,0,1
0.006510622263261625,0.0036192826334232957,0,1
0.005993012697727545,0.0028163370634756565,0,1
0.0038448178554348227,0.002483481320618912,0,1
0.003643891997647427,0.0028564878419435,0,1
0.0046523630434885535,0.005735572849465791,0,1
0.005434850098340673,0.003806043689015677,0,1
0.006782481150811182,0.002830336201604946,0,1
0.006258170674866073,0.0043480674992384906,0,1
0.0058620056670177535,0.0037672197006732495,0,1
0.006466395940201297,0.003084668991505614,0,1
0.006540239342477164,0.0030978113825035924,0,1
0.007394603141078659,0.0028415814990039477,0,1
0.005979757832180453,0.004363208089206394,0,1
0.00556007214259578,0.003220238087712953,0,1
0.00566009994570466,0.003632804113372088,0,1
0.005441371008688636,0.0035225607013093276,0,1
0.005373615494355627,0.0021036681983663897,0,1
0.005887380936502312,0.004269951348513947,0,1
0.006908386548840027,0.0031160351407082767,0,1
0.00410873818921711,0.003201041039396192,0,1
0.00485996091287259,0.004213602291685081,0,1
0.0043902496678237535,0.0019770467927852763,0,1
0.006155199927373708,0.0028885101401953605,0,1
0.004523724203905949,0.0028653739676721634,0,1
0.0042917129657895165,0.0022194377473942666,0,1
0.0035594058603855188,0.002863896564414824,0,1
0.006695820823587688,0.002904849208018549,0,1
0.0064669755840394616,0.003016735722125859,0,1
0.003949649462938956,0.003649556515104492,0,1
0.006082576743098825,0.0043158105516106614,0,1
0.006247566944533138,0.003058430611364611,0,1
0.006110734323057089,0.0030778190896785236,0,1
0.006813486173703958,0.0024922979773314923,0,1
0.005423859809034297,0.0032578710467863477,0,1
0.005607149231716929,0.003633537342342095,0,1
0.005630297128663633,0.003241937079184371,0,1
0.005081729663635086,0.0031849032308618303,0,1
0.00596766951340449,0.005644934482541006,0,1
0.002510636757465086,0.003829439624701895,0,1
0.0054181566686912945,0.0014477022406175783,0,1
0.005196770160780263,0.003705077676599516,0,1
0.0060636980685045,0.003279764235680407,0,1
0.005151891447597942,0.0033357822456637483,0,1
0.005885564982991768,0.0030012036957005783,0,1
0.005341755333180788,0.002462428123450355,0,1
0.00535839968851015,0.0036273614162963107,0,1
0.00555083940207984,0.004129915212520749,0,1
0.0051634083930296865,0.0037483448354013902,0,1
0.005509354937372602,0.003157989593783274,0,1
0.004798094519181464,0.003183363153689003,0,1
0.005918821781111132,0.002788893242749646,0,1
0.004933462594198341,0.0034802238691527135,0,1
0.005267571279833075,0.003154429779699774,0,1
0.005083949823051971,0.0032579374842048466,0,1
0.005470264350260288,0.0035454276092713004,0,1
0.005311096526819513,0.001968696653111574,0,1
0.005168812749699088,0.0032140770442004593,0,1
0.006740577059642366,0.002447838838126951,0,1
0.005350787057574384,0.0037363044404436574,0,1
0.005775768070691293,0.0027985821579118234,0,1
0.003863905429379654,0.003152235528729186,0,1
0.0076182722361718075,0.0029429065624195336,0,1
0.004745205928556735,0.002794254766475576,0,1
0.005431901008642292,0.0026071634965142377,0,1
0.004460292618811457,0.004595266422088708,0,1
0.005005223032107874,0.0018283614696089625,0,1
0.006527340952621307,0.0021058519435572087,0,1
0.005462421351716712,0.003248587140530998,0,1
0.004944216896597071,0.0014385974692346353,0,1
0.003571159098393329,0.0023244611737851797,0,1
0.002155961101565199,0.0030866075937534586,0,1
0.004945180435690886,0.0030417974961361085,0,1
0.0028743938675826037,0.0033220252111221217,0,1
0.004834722409150061,0.0029376477878089637,0,1
0.003895996395403193,0.0023078202933868902,0,1
0.005556451577629002,0.0028544086239202723,0,1
0.00412933632410381,0.002418415729807263,0,1
0.0053367134178686935,0.0022767033275325156,0,1
0.006034750500197233,0.005237819151314204,0,1
0.004074613193768692,0.006931835068000073,0,1
0.005631026939713827,0.007075151855240965,0,1
0.0021840597983176597,0.009180132733905479,0,1
0.005979833195034606,0.005560529593983554,0,1
0.004849623993488372,0.00803734339649946,0,1
0.0055989465343900275,0.0064191433412152665,0,1
0.004498192249723237,0.00757150567126463,0,1
0.004708942443191455,0.011133574397006664,0,1
0.003929138138934612,0.007570848745825455,0,1
0.006662193578270138,0.008756265009129557,0,1
0.005228046815572791,0.009571837147994968,0,1
0.0038663441872079786,0.010545724654861761,0,1
0.003639602771113946,0.009189992726052186,0,1
0.004956175524973541,0.009812997782683958,0,1
0.003841493361165619,0.010535387444926212,0,1
9.644527608843381E-4,0.008948902499151506,0,1
0.0036813562028183327,0.010793468880092551,0,1
0.0035273142330794526,0.010410430808945827,0,1
0.004507028391719366,0.006944456983039625,0,1
0.0036138178399812175,0.006760539844753538,0,1
0.004066945218026035,0.00733432259903345,0,1
0.004367248944413712,0.007454946496428379,0,1
0.004274953934050722,0.007874383199609142,0,1
0.003933576918383737,0.0072442768712442755,0,1
0.005647472680203115,0.009555631704249256,0,1
0.005098429155266584,0.009222617800532813,0,1
0.003888449246497834,0.009720870495370031,0,1
0.002197521517256534,0.008440541079462464,0,1
0.0029110693546782113,0.006102189687524321,0,1
0.003045788978957672,0.009234383639206659,0,1
0.003811359439793736,0.00968845343756823,0,1
0.00378811214214054,0.009910766020362113,0,1
0.003430015931335507,0.009447663607249378,0,1
0.003247168499672615,0.01164915498556765,0,1
0.0035164291818920927,0.010685805368220483,0,1
0.004689645965366885,0.006985553542616195,0,1
0.006866962952529194,0.006759633826693252,0,1
0.0030577619698272255,0.008178692129690062,0,1
0.004199141256329752,0.006701883618743236,0,1
0.0052184781836017245,0.008681349836832232,0,1
0.003969866872628849,0.008140792624637775,0,1
0.007019737171150169,0.007503129323894531,0,1
0.0064306964524521205,0.008513969326906673,0,1
0.0039527168525350575,0.00867173004497921,0,1
0.003425502196412688,0.009679303905575715,0,1
0.0053871489356949655,0.008565347956784262,0,1
0.0047779280921284965,0.009121842002457454,0,1
0.00353456069314534,0.010052866863699815,0,1
0.003431230464720608,0.009528517201682978,0,1
0.003577244133793297,0.008063793196389895,0,1
0.0057346646897927876,0.012587651272733327,0,1
0.004095239309899456,0.010592622748150923,0,1
0.005397170664929181,0.007008023669872643,0,1
0.004951316669445697,0.007830795378800397,0,1
0.004993317889010197,0.007849237611083274,0,1
0.004819969627247008,0.007594592553103238,0,1
0.004881857609311406,0.007752075032844423,0,1
0.005210133873332151,0.006677246006461963,0,1
0.004211862414158913,0.008707764309956876,0,1
0.004542258759891537,0.0085180360649881,0,1
0.003991874643975533,0.008919590349297731,0,1
0.004104380409249683,0.008987609671573742,0,1
0.003504318714739365,0.00914901266401562,0,1
0.004876771750562546,0.008668221505311179,0,1
0.003917451802567117,0.012169805728453161,0,1
0.004760450791864048,0.0077570391853635885,0,1
0.003901674881810572,0.009816885143598129,0,1
0.0037444630918696243,0.01016778663662539,0,1
0.0040155304185836285,0.007748179680055804,0,1
0.005500141618436271,0.00949315051585048,0,1
0.004093933371224513,0.006285649399863189,0,1
0.0027794065332390934,0.007013242267035457,0,1
0.0054076328350757255,0.008262951518028234,0,1
0.005009483191544414,0.008211460653349687,0,1
0.003864731030284101,0.007770806598883258,0,1
0.004781015593334101,0.008508309508547668,0,1
0.0044957348513706245,0.010242171629111394,0,1
0.004450158272087108,0.008832903553481593,0,1
0.005515024981665847,0.009050973542920091,0,1
0.005819793573975897,0.006570451518450638,0,1
0.004070398665229561,0.008950028798454,0,1
0.00503978418482703,0.010129140632295239,0,1
0.0024248073392326656,0.009770237723034352,0,1
0.0021329694316373016,0.013430270827774154,0,1
0.00329951967675573,0.008857121198313214,0,1
0.005398623357211618,0.005361034917418525,0,1
0.0045714315693845065,0.006288354250022402,0,1
0.00388802559391132,0.006495786978416073,0,1
0.004548013301589992,0.008273855683111484,0,1
0.004038249492690992,0.007676521247666739,0,1
0.004089810681248135,0.007590977925795539,0,1
0.003700147800020988,0.009876588375497998,0,1
0.0013393376671238428,0.00820011416123298,0,1
0.0044616264559147354,0.009142075624373447,0,1
0.00375718398485554,0.00933548751911054,0,1
0.003537885460417323,0.009557840904719301,0,1
0.003948938286531399,0.009890849378990653,0,1
0.004185895720948221,0.009570881699793176,0,1
0.0029719754186169735,0.009513719169914073,0,1
0.003733529562653578,0.010605742195348497,0,1
0.005289578776239496,0.007063043660396392,0,1
0.004676930843177743,0.007231029792516307,0,1
0.004710580690913726,0.007089196608561971,0,1
0.003897272951747009,0.007440762296000663,0,1
0.003812302174343415,0.007741542638985319,0,1
0.004460713739076391,0.007921023763066243,0,1
0.004358812059903606,0.008475244321128247,0,1
0.0051301432954904145,0.009093725919040833,0,1
0.004555477143520115,0.00909610656016986,0,1
0.004148175241137659,0.009269088835838268,0,1
0.00684750268088034,0.010146753615617872,0,1
0.005237803444266095,0.010616281371507434,0,1
0.004870851559274208,0.009410048661970077,0,1
0.003765208107819916,0.009027134529305385,0,1
0.0046610050966427435,0.01013767280102311,0,1
0.004861501903994556,0.010493678885131225,0,1
0.005230366141470828,0.007272180249674062,0,1
0.004026799002321568,0.004659324437455618,0,1
0.004087396344679915,0.00885600094333363,0,1
0.005044815137574989,0.0069927977579960655,0,1
0.005083335867745994,0.008399249599379944,0,1
0.006174157578051021,0.009128749921184622,0,1
0.006267826606813018,0.00798688140992297,0,1
0.004887477652924577,0.008659137738526985,0,1
0.003535557449423569,0.009882183410560417,0,1
0.0022251905144737246,0.007693010024948923,0,1
0.00406144882979355,0.009512314386323065,0,1
0.0019070396459232829,0.01232072661639776,0,1
0.004253366591100351,0.009781769792549286,0,1
0.004347972644753004,0.009994758190354164,0,1
0.004855150212374356,0.008343328695457647,0,1
0.005099704650986669,0.007466304651086092,0,1
0.004914165293103438,0.007484224448891617,0,1
0.004277871617280311,0.008728445774225843,0,1
0.00845195211472143,0.007129971759342189,0,1
0.004490907273637502,0.008045485864340398,0,1
0.003618891751048792,0.007645120074361823,0,1
0.005240422766080641,0.00866509798724117,0,1
0.004885780217959368,0.009489233034052106,0,1
5.273385823053203E-4,0.008272482757705023,0,1
0.0055469927105797935,0.008753829489174388,0,1
0.006218856952566416,0.01007611102783675,0,1
0.004172572478277927,0.007922151588004646,0,1
0.003431665417267755,0.008242508108059989,0,1
0.0037780301747406225,0.010128808411709765,0,1
0.004337573425735468,0.007924654253598121,0,1
0.004369933653148515,0.008201654529524162,0,1
0.0053556854294197955,0.007759729750999923,0,1
0.004510348429000368,0.008078241239381452,0,1
0.004655530551110477,0.008206901332961224,0,1
0.005588351689837911,0.009520888314234536,0,1
0.002642288109060099,0.010248085271192489,0,1
0.0048366821368889075,0.008748857469674689,0,1
0.006283687281018498,0.009283481214883036,0,1
0.0015014081356774973,0.008047714924554632,0,1
0.004003402587888945,0.008645513516090888,0,1
0.004494749900340755,0.00977256567212845,0,1
0.005379586476150808,0.00890665796694633,0,1
0.007049773319867103,0.008838532131732236,0,1
0.005223493865058359,0.00627926249262796,0,1
0.003736790571240922,0.007909915863875617,0,1
0.004897357198294792,0.006022312318737506,0,1
0.007931925007703271,0.0072215389087998275,0,1
0.00512714660123703,0.009082633911717396,0,1
0.005664878222700854,0.008674652141374757,0,1
0.005860112244083374,0.00933454183644843,0,1
0.005545860595041643,0.009088498735113646,0,1
0.005250535921778954,0.007911172388783817,0,1
0.005147230988141649,0.009653182986673116,0,1
0.006552886395829388,0.009672095023057787,0,1
0.0053041453934621905,0.009884681913242972,0,1
0.003153010680238932,0.010866284101957054,0,1
0.005201685256825918,0.005908773768212706,0,1
0.005129912393376621,0.007811382072523582,0,1
0.004746862915932763,0.008319276888134003,0,1
0.0050798253687886225,0.007901857320324883,0,1
0.003382665012604967,0.0068945774256808645,0,1
0.005068527711185919,0.008416667995302557,0,1
0.003141447096345578,0.011639002543137477,0,1
0.0047015988460758,0.009132874863157727,0,1
0.004288424062327859,0.009154376863239146,0,1
0.004862139668595741,0.00991822121467266,0,1
0.003746632972145426,0.008685607931643016,0,1
0.0029544766255126254,0.008616615411610922,0,1
0.0059683599862557,0.00935796515006807,0,1
0.005150908353434772,0.007371729747143546,0,1
0.007525036725696227,0.006919024819026151,0,1
0.00454713188913902,0.006126896775841509,0,1
0.003101538575888393,0.009786663201529187,0,1
0.005324915688584915,0.008213222377617315,0,1
0.005541486624587999,0.008392834765409326,0,1
0.00496807338759253,0.00888161270284304,0,1
0.006480642952382217,0.009212234321616388,0,1
0.005202165693733407,0.009218975070103315,0,1
0.003071972241469815,0.008333914585874458,0,1
0.004821164702607438,0.009219175174491764,0,1
0.0052987297990560725,0.009804120665677799,0,1
0.00841127590556414,0.006784111817421228,0,1
0.005854115343533374,0.007983815087471277,0,1
0.005388107429178314,0.007902632127673717,0,1
0.0038727800188039416,0.007787460207019304,0,1
0.004185578473871755,0.007195106513883041,0,1
0.005222090003896155,0.0074272515372167695,0,1
0.006282927251373485,0.0078011057445450775,0,1
0.005019194136884277,0.009069508610734226,0,1
0.00665605540066903,0.007727904130408925,0,1
0.006066633844832734,0.007842006469254518,0,1
0.0043876814442007405,0.00896760904215703,0,1
0.0052515193115213275,0.008879130248680001,0,1
0.0038258578346594607,0.008090315007338417,0,1
0.005433947860197413,0.0078066943932753215,0,1
0.0063328224933711045,0.007473273293553096,0,1
0.005689426599510194,0.007839162099929079,0,1
0.004833893453491843,0.008638360043005482,0,1
0.005215054317570743,0.008537582923092913,0,1
0.004432134977307138,0.008576168507149795,0,1
0.005431576858186275,0.009523224006198453,0,1
0.0037923375806914175,0.009594724535330482,0,1
0.0038805575986456528,0.00745342276203124,0,1
0.004186168647764793,0.01053720485007009,0,1
0.005243244047653491,0.00938102573029678,0,1
0.005505682054451223,0.007835292206349757,0,1
0.004687468316294873,0.008613756756265517,0,1
0.005552142778433173,0.008046712047335243,0,1
0.00526439019287123,0.008375969733694179,0,1
0.005607136797051734,0.008634688068717741,0,1
0.005212923613762948,0.007266884050084157,0,1
0.005399892232553496,0.008032819072114977,0,1
0.005365534134327337,0.009300034994497318,0,1
0.006560716475943111,0.009690218573339886,0,1
0.004907181751640192,0.008573284148962568,0,1
0.005191173916016072,0.00962332261830631,0,1
0.005959262625680123,0.007623869855943063,0,1
0.006163756437483291,0.007774294404851725,0,1
0.0047384286877328215,0.0067491159136246655,0,1
0.006581484808220233,0.010205880217528135,0,1
0.005482004077002727,0.006530697064804385,0,1
0.005366953063106384,0.008781352295897075,0,1
0.005129699746373365,0.008713031347228306,0,1
0.004989664442788802,0.007476769798641082,0,1
0.005796728795426,0.007906498822876648,0,1
0.005049955894851082,0.009617271638674188,0,1
0.00496398597075703,0.009807691008091224,0,1
0.005815005162823546,0.007651689992040286,0,1
0.005803805616491582,0.007728763477160442,0,1
0.0051671323670632215,0.009937648749612395,0,1
0.0056082172160432,0.009089472912180664,0,1
0.004355735333469411,0.010321834425406119,0,1
0.005076251046835348,0.00817538367337966,0,1
0.005509353284286103,0.009586656856597294,0,1
0.005176846748943931,0.01043143265757389,0,1
0.0024686214280544,0.010954942141160273,0,1
0.00664324902547508,0.0069135651093462265,0,1
0.005121388100285185,0.00824841882186136,0,1
0.005944181106180813,0.007963971720633225,0,1
0.006735866679125233,0.008828628634109516,0,1
0.006138922595236808,0.005929098046544564,0,1
0.004828823380353421,0.0083756758677033,0,1
0.004137582104568782,0.008682812065331532,0,1
0.0052206698350616264,0.007617184859197982,0,1
0.00551674793117182,0.009079529370102696,0,1
0.005670103888152639,0.006350741584610896,0,1
0.004637426890522678,0.0092686689979551,0,1
0.006491555290936099,0.006435048176826059,0,1
0.008719530043478536,0.011010072533596121,0,1
0.006345012925618195,0.008695926936516434,0,1
0.005601252624889461,0.00885789088246196,0,1
0.00494165915060204,0.008757261412948879,0,1
0.005994345079179335,0.00926394121410171,0,1
0.005901643144529013,0.010487464442905102,0,1
0.005653005786017594,0.011307026524273416,0,1
0.005608444224082216,0.010035498866033258,0,1
0.006699779482786929,0.007443719819694143,0,1
0.005869134507610733,0.006926033293672396,0,1
0.008327750161184876,0.011243412287548642,0,1
0.006114570520455055,0.00800643898209441,0,1
0.005958060337573706,0.008632751458033813,0,1
0.0070169776071427456,0.009152935648251748,0,1
0.005704417796417037,0.009574438422635377,0,1
0.005719626668196642,0.009166206206927529,0,1
0.005588089035811248,0.009695008016214935,0,1
0.005693432386856122,0.007385564335115214,0,1
0.005859344903132224,0.007967875532743146,0,1
0.0057186354149265,0.009903176628699294,0,1
0.00583382244080579,0.008490499651368487,0,1
0.006345742397647576,0.00869609041744603,0,1
0.005766473098716417,0.008592464163386514,0,1
0.006142910976254914,0.008653060130675653,0,1
0.006448140338647289,0.007266248120294679,0,1
0.004831252331867789,0.008160964170927985,0,1
0.007459389020328898,0.007358688100889507,0,1
0.006062487000250665,0.00844291391551173,0,1
0.003850924096955325,0.007616101043086423,0,1
0.0070981883506181275,0.007446689210332627,0,1
0.005107307026308676,0.00892241535191366,0,1
0.005954797392975547,0.0091513697464722,0,1
0.005657414824042515,0.009743767175041098,0,1
0.006861447665219191,0.006057783167988857,0,1
0.004758698272751608,0.00816530166905625,0,1
0.005115140962226537,0.009314782128508016,0,1
0.005756680367676331,0.008531743447586553,0,1
0.006641854615159286,0.008273533049378655,0,1
0.005568369465889492,0.00697656987038705,0,1
0.0067217514848296085,0.008565059961840777,0,1
0.00966596820144317,0.007128909870181089,0,1
0.006279455221167203,0.008277762245523543,0,1
0.005984156133136646,0.008905671693718533,0,1
0.006174897100174799,0.00838793117649662,0,1
0.008531126496011876,0.008384745975531327,0,1
0.007103383061729637,0.008733869986630515,0,1
0.003565881818504284,0.00924899078578624,0,1
0.005535854141114878,0.009476557905510906,0,1
0.007049272310907285,0.008196968190628314,0,1
0.004935155481157846,0.008539040582792149,0,1
0.006232547159072854,0.008750714023477926,0,1
0.006144024112919506,0.008394343584310257,0,1
0.005966591001687402,0.009208973661565865,0,1
0.005640030608849514,0.009785451826456227,0,1
0.006992416077009986,0.008944312758129706,0,1
0.006535884087395719,0.007191620794169817,0,1
0.006154376970450663,0.008296441218027138,0,1
0.006218680676874237,0.008455980916527802,0,1
0.006085243667239321,0.007724446886079697,0,1
0.0069919963847230385,0.00962177608894417,0,1
0.006482311214126093,0.0082247793246011,0,1
0.0059039190324523105,0.008527915822876013,0,1
0.006475462878258224,0.00855849168844864,0,1
0.006360879772353216,0.008713138089212737,0,1
0.0063365626097132794,0.009059914564517898,0,1
0.006281805273842167,0.009175868548123963,0,1
0.007366483955126094,0.008854591974550081,0,1
0.008641071415354635,0.008090516421872642,0,1
0.006611078661915301,0.008120057615315122,0,1
0.0053361526883537415,0.012026010520020697,0,1
0.006062136205293672,0.010824742579726016,0,1
0.00639702429606358,0.006833340561527971,0,1
0.007106209590058952,0.008497021370398575,0,1
0.006673533348758444,0.007415258699804837,0,1
0.00834341704142014,0.009370184476915601,0,1
0.007611229122421126,0.009868129201122258,0,1
0.006041336273577031,0.008903459011861943,0,1
0.009125022630324145,0.006400613007099976,0,1
0.005680479436079674,0.009355058536798987,0,1
0.006599331452933814,0.009974693088790386,0,1
0.006589768865806941,0.009744220146076128,0,1
0.007469034175400734,0.007964033998853301,0,1
0.007987805242814484,0.010589110016376716,0,1
0.006358579332178928,0.008677136898329699,0,1
0.006410157759873471,0.00842728041393572,0,1
0.009957969274009373,0.007682285867499239,0,1
0.006898173619702857,0.009131658164180443,0,1
0.006907648166464138,0.008940927559747264,0,1
0.005517793723539139,0.008531256610174079,0,1
0.004486561259265659,0.007913343649338293,0,1
0.007492515880279294,0.009651349567148335,0,1
0.006773106831589449,0.008299483819886535,0,1
0.007264192110702344,0.009116350257990156,0,1
0.007127850186021327,0.008472993396298,0,1
0.0066808580655827515,0.008601179248070563,0,1
0.005361784299193626,0.007875487966605622,0,1
0.006449740251895123,0.009588119011757552,0,1
0.006980490541764669,0.007870292991782877,0,1
0.003910331742726138,0.006383792197613673,0,1
0.0025403034719332454,0.007199501573688915,0,1
0.005664287762667477,0.0075583554678355265,0,1
0.004895430981838113,0.007393328896896368,0,1
0.005787537206847204,0.006840994135822069,0,1
0.006556010772478894,0.007521488685318041,0,1
0.005857997890049153,0.007700421485539313,0,1
0.007111448033703453,0.00902889013131662,0,1
0.006394798619020186,0.0069974164223741255,0,1
0.0062744557226865,0.00821637465480083,0,1
0.003951190258537806,0.00695375904515736,0,1
0.006851710538373864,0.008261587104507315,0,1
0.006012049973870746,0.00615604539039539,0,1
0.009012624835598167,0.00920481607919977,0,1
0.007230208767653958,0.011917881659445665,0,1
0.006706463868901853,0.006192120641626934,0,1
0.004482923557273992,0.006735706928197581,0,1
0.005139415677132791,0.006529336422929161,0,1
0.00618316569098257,0.006405514523410467,0,1
0.0052169606245040506,0.006901740410422404,0,1
0.007014363499968181,0.00746698483188432,0,1
0.007217964195797367,0.004678964385453175,0,1
0.006045959614076406,0.006767121649830056,0,1
0.008431528200031319,0.00708245653368901,0,1
0.006156499205731109,0.008299532088105573,0,1
0.0066888160690722915,0.007964137760366311,0,1
0.009930233764670083,0.007420229583500506,0,1
0.007210154828428143,0.008553774087370382,0,1
0.006898206068542534,0.0087979457361845,0,1
0.007471309845834081,0.00920067398409261,0,1
0.006230990784757693,0.006651176643692371,0,1
0.005005517222891724,0.00751018362900185,0,1
0.0051403771221756765,0.0058057221841373375,0,1
0.00833985109980032,0.008733586198871475,0,1
0.004913035012379254,0.006737678449267146,0,1
0.006606718590605218,0.007522026415276371,0,1
0.0061398049097805656,0.007919122985581197,0,1
0.0063447126627948075,0.007899929119739465,0,1
0.005897831317049062,0.00799972536520266,0,1
0.007062270858468706,0.00855595760214891,0,1
0.007093950285709891,0.007933502341451246,0,1
0.006089444530749817,0.008906196584108388,0,1
0.007618826217260752,0.007757144666794627,0,1
0.006738483811462295,0.008391754246924413,0,1
0.0024559356953186133,0.004055817197080094,0,1
0.00641138979832554,0.004165319511308156,0,1
0.003703019772305451,0.007029292390903348,0,1
0.0067401249849137305,0.006195508964368065,0,1
0.005127586636998688,0.006915233135376448,0,1
0.0020122367611225397,0.008484335729689409,0,1
0.006593338090364463,0.008341490035490836,0,1
0.00651374958803978,0.007330296395770371,0,1
0.00464535741631524,0.008514172449148386,0,1
0.005891977654837131,0.006939091810946062,0,1
0.007232483968058724,0.008236051916400158,0,1
0.007011447001811202,0.008003079450045613,0,1
0.00774632585896057,0.007699181397962955,0,1
0.007965520394156522,0.007425746870755754,0,1
0.007093014447967416,0.006746965073813908,0,1
0.005290679520657274,0.007494930845313144,0,1
0.006671387796202278,0.008569537298300978,0,1
0.0065112496557950175,0.0074500481892777635,0,1
0.006209297691275026,0.0077109685255994835,0,1
0.00639213698493453,0.00702149068434707,0,1
0.00623965484897417,0.008325428152704215,0,1
0.006389357995731308,0.006744313187455107,0,1
0.005909344410963377,0.008589372788713549,0,1
0.006687437535451018,0.006228676291847601,0,1
0.005872554116314605,0.009041012622949287,0,1
0.00716105155238822,0.008227423117750784,0,1
0.006796803869441361,0.008159811639075617,0,1
0.0047984497433583,0.006377118228109414,0,1
0.005043418462651282,0.0074598509288645075,0,1
0.005844459720762672,0.007565019639256605,0,1
0.0058318667494349635,0.005887213985408726,0,1
0.005414568178809184,0.004612188249032871,0,1
0.006467087479377751,0.00574548760478233,0,1
0.005973203141854354,0.007199381156310938,0,1
0.006312249739106605,0.007516276602146381,0,1
0.007229997101318924,0.004475147746804481,0,1
0.008874933794967685,0.007701880200972727,0,1
0.007973954799981989,0.007591222688539146,0,1
0.00793856597331598,0.007093114844572822,0,1
0.009509458185709451,0.007894898457467315,0,1
0.005371691514392625,0.006402408507108534,0,1
0.0021540587056913885,0.007030418011815795,0,1
0.0024429574811664608,0.006628434387877295,0,1
0.005637874686153715,0.006975372327257102,0,1
0.0056312961626522025,0.007400482189078896,0,1
0.005277134658973825,0.007379675427337406,0,1
0.006717862017253798,0.00810793154152946,0,1
0.00780259181498368,0.0074863222016494525,0,1
0.006606814374635564,0.007601449008920625,0,1
0.007579837152297489,0.007989852303894008,0,1
0.0071302170104795195,0.007060120643441678,0,1
0.007755127589462929,0.008356970614814302,0,1
0.004580219896477969,0.005857944361280001,0,1
0.005481842136078724,0.005933349689439342,0,1
0.0045273495965248755,0.0060583125331042246,0,1
0.004368226412819917,0.006594046530092827,0,1
0.008266456751366186,0.006945081027010013,0,1
0.005915318349231359,0.0050654873497946555,0,1
0.009550094958397872,0.008129593206112505,0,1
0.006461280550503749,0.007146825355537153,0,1
0.005992920254435175,0.007554358268716295,0,1
0.006287892612764119,0.008438092070613797,0,1
0.006705036415825112,0.005595686456911773,0,1
0.0062850921856556444,0.005012439534506917,0,1
0.004556079252918762,0.006627514672336671,0,1
0.005489579065739939,0.006997963087563452,0,1
0.006268991837729974,0.006361771902875061,0,1
0.005633883015769545,0.007444240687326416,0,1
0.006552495537407947,0.006780424319154824,0,1
0.006263546633922013,0.006920913386561204,0,1
0.005483195854155858,0.007059343310198522,0,1
0.005989443329314364,0.006235350873653217,0,1
0.006647853046750664,0.006912851495326236,0,1
0.007759064344239815,0.007957595711232857,0,1
0.005647874379078066,0.007611779502074665,0,1
0.005273176612425099,0.0058700907534931105,0,1
0.005456983083273029,0.006295612874226665,0,1
0.00526402001798153,0.0058938498481548125,0,1
0.0044464884772250045,0.006589419842535109,0,1
0.005592215526085965,0.005888765304839993,0,1
0.006549118973344554,0.0069575578467230455,0,1
0.0055971227871966485,0.007608158086561093,0,1
0.007855115948787409,0.007581880410899394,0,1
0.007036494072987088,0.006544989957425449,0,1
0.006552694807205085,0.006519720930358191,0,1
0.008535187658500573,0.007838573017969669,0,1
0.006489750890335087,0.007087903009536204,0,1
0.0056986377640058025,0.006138514323665944,0,1
0.009660407252792965,0.006078067942337858,0,1
0.0053976928519210475,0.006681849193383963,0,1
0.005841518284935547,0.007882268555846743,0,1
0.006902674524471043,0.007070794158101105,0,1
0.00657268575068822,0.0066534156900380425,0,1
0.006979797926306251,0.008183434310911756,0,1
0.007371257504486006,0.007950566776302643,0,1
0.006952408508340051,0.006685267976942426,0,1
0.007179788835041519,0.007482700250765158,0,1
0.005217274331149311,0.006511131925525711,0,1
0.00797275140329388,0.0040033474107166785,0,1
0.0055725958253147094,0.005278014026878581,0,1
0.006090497330340216,0.00707634844753497,0,1
0.008448707616066553,0.0049474629409387684,0,1
0.006518988885407169,0.006720499958015138,0,1
0.007649590183171094,0.008371235474502988,0,1
0.0058456304626672536,0.00705313599563734,0,1
0.0060183510675392215,0.006773364477072058,0,1
0.004769957222029207,0.004514721240793259,0,1
0.005729005292658681,0.006187790438874074,0,1
0.0061747490412585385,0.008593204108676627,0,1
0.004976168451058772,0.005754046604367645,0,1
0.007076667565426137,0.006242145978511245,0,1
0.008137957680094314,0.007323295159592475,0,1
0.005868145009879324,0.007529774337169572,0,1
0.006964426746232285,0.008373008852599253,0,1
0.006341990067101561,0.0068177536460199235,0,1
0.006266097888127914,0.007315117862293909,0,1
0.0050594604515543954,0.0050311458503705395,0,1
0.005885550986740842,0.00596840610453564,0,1
0.006318554013283774,0.005093627219778889,0,1
0.00610687009686332,0.0050527154399244946,0,1
0.00632512000048373,0.006955874628345497,0,1
0.006875291688071064,0.00783911360752729,0,1
0.005945946169320222,0.006657213309114065,0,1
0.007149720410057742,0.006319658957348245,0,1
0.004943578213141107,0.007449258452104123,0,1
0.006061300133045441,0.005818103930945371,0,1
0.005905225728833013,0.006760746677069376,0,1
0.007127799773962662,0.009181649733227949,0,1
0.005723511420925028,0.009256721026088214,0,1
0.006910846176098274,0.007928759559387986,0,1
0.006731851465328658,0.0063395925123326735,0,1
0.00729365773001949,0.0077584197900406595,0,1
0.006914758056351433,0.008025784100908782,0,1
0.006855693307859779,0.0066713187158707315,0,1
0.005316869920291388,0.005366106181162937,0,1
0.00431956703609894,0.0067824299027767765,0,1
0.006611342932897064,0.007049434324814306,0,1
0.007782126318328012,0.007092786983551799,0,1
0.005696409958325676,0.008299754305968337,0,1
0.006715937181936142,0.005039504287688083,0,1
0.00707785524102271,0.005062400045185796,0,1
0.007111425411515024,0.007445891686399134,0,1
0.005404616827710359,0.005156706796776021,0,1
0.005648193150832898,0.006064602095966329,0,1
0.0053961785353572106,0.005990788387238806,0,1
0.007350351429076394,0.005382094216923428,0,1
0.00594214848929187,0.006551894820289025,0,1
0.006749351979082608,0.007075589788790081,0,1
0.0068761248965792604,0.006578655397092622,0,1
0.0073450774406001885,0.008811765384636525,0,1
0.005258913555620107,0.003948272399182231,0,1
0.008748943202660576,0.0051137696407057,0,1
0.006731997886439246,0.005090407001214188,0,1
0.007547019616959705,0.006196792391083707,0,1
0.0054058617253079115,0.004174395288477088,0,1
0.006672088499353273,0.006669179158842456,0,1
0.0076834505697101615,0.0064822605567686035,0,1
0.005551881528870876,0.004609048896515839,0,1
0.005254662512822304,0.006999326744175324,0,1
0.006139085847435071,0.0068292015560035895,0,1
0.006278265800464054,0.006102992958569293,0,1
0.006211537925144294,0.00726293254366831,0,1
0.006225666768167546,0.006220793802443283,0,1
0.009812422214799232,0.00592246704308358,0,1
0.0069765628837511915,0.006700678490968971,0,1
0.007000690649642659,0.00566795766515591,0,1
0.006212100387837595,0.0057628225668507164,0,1
0.005928809418644912,0.0072436556238244226,0,1
0.006897726534151552,0.005524978111867487,0,1
0.004836296996609895,0.006118224908018141,0,1
0.0072555998971372505,0.006656850420053331,0,1
0.0057155905956890315,0.00599274807988888,0,1
0.005740029189567017,0.004711963104765309,0,1
0.005696460794312001,0.004181555415461368,0,1
0.005635076634196156,0.006809830370613216,0,1
0.005443995930527536,0.004918605879905092,0,1
0.005647212087541746,0.01014480273762142,0,1
0.006104793244492294,0.003726376285290992,0,1
0.0063750864776168596,0.005864677796483334,0,1
0.0054919820925553265,0.005527600080824648,0,1
0.0073700636672374776,0.005998615301716145,0,1
0.007445980312581797,0.005504126003763848,0,1
0.005996381347946641,0.005667247744178105,0,1
0.005181693460475123,0.005235850946674608,0,1
0.007705532849323112,0.006617262691247329,0,1
0.007030028943091518,0.00517135830938904,0,1
0.006934195687281022,0.0065158701630622,0,1
0.00795169549293375,0.006764687594228767,0,1
0.0061629845018000215,0.005635668424507576,0,1
0.0059622328697518994,0.00633218032461617,0,1
0.006862951570333078,0.005878142573684052,0,1
0.007622523293580069,0.006858896013553238,0,1
0.006613985537061872,0.007186993420796235,0,1
0.0038297288403665933,0.002971003980992881,0,1
0.005838217176114952,0.005666619553174086,0,1
0.007352342210118951,0.006394947054224867,0,1
0.0073023491228348895,0.005918583891068251,0,1
0.007015401769106224,0.0038975007549599205,0,1
0.006731703849478142,0.005636297462842309,0,1
0.006809275411785342,0.005633153766803144,0,1
0.0065800307874239105,0.006430450571477556,0,1
0.005797502885384799,0.004419036769450016,0,1
0.006352010113383151,0.006959720766088218,0,1
0.005868649772655182,0.005005869094667641,0,1
0.005275490084988765,0.006979530378983491,0,1
0.0053449518775971075,0.005348858440943426,0,1
0.0068826005877916365,0.005857989184252204,0,1
0.006608331234534824,0.005374045891524639,0,1
0.007494027041380093,0.006471907896789215,0,1
0.007490742011964816,0.005692560740648472,0,1
0.0068863135554320136,0.00582537305143825,0,1
0.006035916798630558,0.004723814951093746,0,1
0.006559609577508066,0.006124707046561061,0,1
0.007664295923833784,0.006043910378036232,0,1
0.0029918874781266125,0.006738838697125484,0,1
0.004001035300471014,0.007090149775778174,0,1
0.00152014007137482,0.008621522446830225,0,1
0.002306635624834169,0.010087435747572098,0,1
0.0017080276441121206,0.008673129033452302,0,1
0.003913032811585798,0.007446655334026097,0,1
0.0026609367688619503,0.00960515107076424,0,1
0.0029952704328217268,0.008649066248039145,0,1
0.0028354006320771624,0.009377639755054292,0,1
0.0017825649846716697,0.009316729591807422,0,1
0.0025646987650950154,0.009056232429677047,0,1
0.0032785909151287584,0.009357591448779736,0,1
0.0028220483316532233,0.009986431343567413,0,1
0.0043251154886356415,0.013237263401993138,0,1
0.003405006757379051,0.011665249222507485,0,1
0.003645299373409475,0.010405777608721786,0,1
0.003311575138080462,0.010221027234941539,0,1
7.715812792626325E-4,0.009322332919202717,0,1
0.0028915963834975932,0.008469383793808571,0,1
0.0012689609604215554,0.007864220107509668,0,1
0.0020924030035596006,0.00851600918739448,0,1
0.002003258329304629,0.009389953215544956,0,1
0.0024592407131039627,0.007498210998862919,0,1
0.0030234708806277516,0.007107934330439196,0,1
0.0024502800412931473,0.009277965927049653,0,1
0.002456332122784923,0.007832929470430265,0,1
0.0026292696181941153,0.008832493605031683,0,1
0.003221446393434677,0.009599892672291594,0,1
0.0033908436619386707,0.009627145594680583,0,1
0.0044430331707743485,0.011138147434360455,0,1
0.004472925366008311,0.013539847171303349,0,1
0.0033790572020079273,0.00958833570449232,0,1
0.0032779200494986826,0.008822910422705756,0,1
0.002676867500360951,0.007154727971445023,0,1
0.0012421095710232674,0.009526937088938857,0,1
0.0020362247679289306,0.008115676904992798,0,1
0.002310318639441058,0.007975796223824466,0,1
0.001339726044646584,0.007666730196566082,0,1
0.0021976184151270783,0.008790874372260352,0,1
0.0034796901003886415,0.009267772970480969,0,1
0.002481471320365921,0.009176940448480308,0,1
0.003195847274689643,0.010706880061701172,0,1
0.0026292306012003085,0.011055600647901558,0,1
0.0017343617031058572,0.011065126617797662,0,1
0.0050998948574106084,0.010501590784893359,0,1
0.0023235673342299596,0.006075871238008385,0,1
0.0031957207467185065,0.010188697829545805,0,1
0.003409906550018736,0.009058644095948056,0,1
8.331490309447957E-4,0.007580614214375583,0,1
0.002619897975009333,0.009199535408324664,0,1
0.0027494855840106912,0.008990910882695477,0,1
6.359428253561128E-4,0.007940877663216191,0,1
0.002049811116365355,0.009847533826059397,0,1
0.0011324765256340253,0.011153374825383984,0,1
0.002065329428420548,0.010082308349966259,0,1
0.002637870569631611,0.012543624517947084,0,1
0.0027467556024189013,0.010422540659122442,0,1
0.003089053797118056,0.01028024191823722,0,1
0.0034209562518057357,0.009491528077200322,0,1
0.004109639139790975,0.010664253797199008,0,1
0.0029356029543874903,0.009628842732556833,0,1
0.002527372601073064,0.009195947675477647,0,1
6.352527495456238E-4,0.008585080483103028,0,1
0.00226046064868572,0.007122692700286176,0,1
0.002132112230831787,0.008473708859618841,0,1
0.0020129062183509732,0.008770883981489928,0,1
0.002597422281354433,0.006322606561248094,0,1
0.002051735116900876,0.009794211982439505,0,1
0.0019331879604110964,0.008497619467627648,0,1
0.003280003270290185,0.009453060203824953,0,1
0.0015193452052918936,0.00897068009314693,0,1
0.005914225729769209,0.010093394525254719,0,1
0.002763452678957173,0.009905609748232335,0,1
0.0016122277412681629,0.011400192363905,0,1
0.0031872426768633924,0.009766183810956579,0,1
0.003977462401654142,0.00933624399226781,0,1
-0.001140689129325195,0.006991068194606576,0,1
0.0019945247681790734,0.006756543952777717,0,1
0.0016298753274336041,0.008767240718641366,0,1
0.003133722626686286,0.008338287376414497,0,1
0.0020653277976763343,0.008012201643352378,0,1
0.0035302854657523726,0.008872779532262199,0,1
0.003385130434127383,0.009187894618017832,0,1
0.002697013294721129,0.008770996101091806,0,1
0.0027889036166654294,0.008885833267628566,0,1
0.004646790922452412,0.008743522276059769,0,1
0.0031999243783131853,0.008779103916332442,0,1
0.004209561401762183,0.010506097763430287,0,1
0.002415440994823055,0.01061921465640728,0,1
0.003450016953512323,0.010111912811253447,0,1
0.0021193613128437914,0.007953449794262497,0,1
0.0022188120378075797,0.008404310706601392,0,1
0.0012901164939568368,0.0051184602368262305,0,1
0.0019616223847778586,0.007488709015831269,0,1
0.004080602941948474,0.008545682623542288,0,1
0.0021156188301983386,0.008042798390000971,0,1
0.002533718960370862,0.00863811689345212,0,1
0.004231652863351464,0.008839130009536844,0,1
0.005837285884789886,0.008496378454253623,0,1
0.0033966480528922604,0.009407182015791117,0,1
0.0031420769650929007,0.009314233548244243,0,1
0.0034126237837696087,0.008942636670593704,0,1
0.0035772448561713975,0.009303128627269673,0,1
0.0015864618587560103,0.007677798984190659,0,1
0.0022536361461141254,0.007919723606445947,0,1
0.0030818906334359334,0.011543835803487211,0,1
0.00254481171464856,0.008347998347091457,0,1
0.0018542705146874622,0.008455068660161604,0,1
0.0016676576620288262,0.00941165270935375,0,1
0.002862261271246993,0.009046637938865027,0,1
-2.1026480872556798E-4,0.007596003542004559,0,1
0.002002998965145971,0.006868452403443311,0,1
0.003715710673237665,0.008124503499639304,0,1
0.0027680674704340406,0.009368572722987167,0,1
0.0027700206429035474,0.009796919558483195,0,1
0.0056652714685075595,0.011981926349812285,0,1
0.003031421762317086,0.007668586791086518,0,1
0.002019108177518745,0.006765420797358766,0,1
0.0017280786005750308,0.008801396371645698,0,1
0.0021752489845475857,0.008187757567757975,0,1
0.0028053336212968192,0.009643439475924791,0,1
0.0029282273499245657,0.00921689822445889,0,1
0.004407727891078609,0.009144913184185153,0,1
0.003190696028132301,0.00914258733576248,0,1
0.00165100985395105,0.010250678934391683,0,1
0.002589639546189926,0.009959126348291984,0,1
0.002795384490301331,0.008116665719966627,0,1
0.006364631139874244,0.00926650151450982,0,1
0.0035658087553312565,0.008330343790354258,0,1
0.003724358528387694,0.007345113641500494,0,1
0.0016020785754815102,0.008219731574125172,0,1
0.0038827905620291954,0.0084744401105996,0,1
0.004284848117318131,0.004541280460456131,0,1
0.003016004854740815,0.008534342701841361,0,1
0.002924326129659861,0.009307377328759928,0,1
0.0049847474740844465,0.009766130864060715,0,1
0.00343872640615026,0.009244913301966293,0,1
0.003589372419149355,0.009069640207985208,0,1
0.003172932172558938,0.009443790380404412,0,1
0.0039047463516254078,0.010449982706113296,0,1
0.002343415932111458,0.007584551647078077,0,1
0.001382188589332296,0.0075119444428710025,0,1
0.0026038662299220985,0.009088247645332979,0,1
0.00289376439836969,0.006829315043353148,0,1
0.0028075008751780013,0.008737759543968836,0,1
0.005431118954155949,0.005448395743060023,0,1
0.003416882520807035,0.008104230625227679,0,1
0.0024533385070853765,0.008769823392697591,0,1
0.003004231866306477,0.010920835833760937,0,1
0.003000469964913315,0.008617081552223219,0,1
0.0035576161689738275,0.00929269454609451,0,1
0.00434633366235352,0.00971940324788438,0,1
0.0037947340916590117,0.008524739371143201,0,1
0.0028107668953245768,0.008162489327674249,0,1
0.002945059196904188,0.007862013437768696,0,1
0.005221962705567433,0.00505408434133288,0,1
0.002363485582101163,0.008701441927281579,0,1
0.003342385594362434,0.010716386742688771,0,1
0.0032615785038010913,0.008807768918260732,0,1
0.00263919879997904,0.009632881348366876,0,1
0.0031573939663195813,0.009624928325726537,0,1
0.003447790758414647,0.008072404644057984,0,1
7.959386641744294E-4,0.010716098978092534,0,1
0.0028889029509492833,0.00791714024436721,0,1
0.002464857076711098,0.008550169278899454,0,1
0.003229869802817555,0.00840898146134467,0,1
0.0018683126376237875,0.010804318630030363,0,1
8.999867869635155E-4,0.007917238690389154,0,1
0.0029202674421141437,0.008672015047385682,0,1
0.0038859491284679464,0.008371516908762736,0,1
0.003400175566723871,0.008963919403182202,0,1
0.0031753593206659716,0.007420031300253495,0,1
0.004846199676979754,0.009843586860569077,0,1
0.0036180099497553136,0.005560820450518149,0,1
7.368421551995991E-4,0.00931251174688176,0,1
0.0026588595987759945,0.009732318362543941,0,1
0.0030848847246493154,0.007836077534864103,0,1
0.003229897212152896,0.008626115334467816,0,1
0.0016858826234277741,0.00857729454210073,0,1
0.0030072997780670554,0.008451382729296061,0,1
0.004752359055119138,0.008807203707793152,0,1
0.004410290799696586,0.008945335843326267,0,1
0.0021894929880567995,0.00841961785429789,0,1
0.0030203622389997032,0.00802839097923161,0,1
0.0020944671031287738,0.00863930584068771,0,1
0.0019780920262172474,0.007889799533553309,0,1
0.0033112172090161286,0.009574753112501841,0,1
0.00482862491755871,0.008853265900947926,0,1
0.003298715471761701,0.008655833981298128,0,1
0.0048251773464453454,0.0066708864705762325,0,1
0.0024487425382164582,0.009396837268255433,0,1
0.004434188134986975,0.00858647230997222,0,1
0.003936578161186707,0.0065761248419917775,0,1
0.0064178511589578855,0.007074334877934112,0,1
0.0011381390040433737,0.008111187265058856,0,1
0.003305614150389211,0.007928175095197292,0,1
0.0027149751978199376,0.007644902254498793,0,1
0.0028610044157290275,0.00820677219681044,0,1
0.005555740700238657,0.004895902040578545,0,1
0.0037232681428890036,0.010431804653613728,0,1
0.003458530249620594,0.009746984119232027,0,1
0.0028741276424349396,0.007717050274417352,0,1
0.002494377026722481,0.007894813160790503,0,1
0.003623885769631408,0.009103649964419135,0,1
0.003187327808938513,0.00983026511708547,0,1
0.0038711092830998736,0.008269645292264285,0,1
0.003650489343129309,0.008944359679499652,0,1
0.0029396100447374837,0.007962981441471348,0,1
0.00257940610118957,0.008051408260001204,0,1
2.7778746395389694E-4,0.006742964650990489,0,1
0.004903212487371949,0.010390661351329674,0,1
0.004175743683272142,0.006764028361030091,0,1
0.003686037651901073,0.007806767607969596,0,1
0.0013219986895025245,0.009772012460130796,0,1
0.004067109452906095,0.007259503235847213,0,1
0.003262103575201708,0.009484947019263664,0,1
0.0030801379634706008,0.008020553514667983,0,1
0.0026185261354361882,0.007441761796288221,0,1
0.002065536256733563,0.008299498556958882,0,1
0.0029748592565275634,0.005661443061945579,0,1
0.0033131820022199517,0.005883132493799877,0,1
0.0024820754936803434,0.0074347163362088456,0,1
0.005115248243815617,0.007743143313340992,0,1
0.004337968651129401,0.007769926843352163,0,1
0.004531640490906799,0.00793502680032674,0,1
0.0029156826612038445,0.007061123827398309,0,1
0.0036779920828575625,0.008802136834659595,0,1
0.004964996587114462,0.004156628932574224,0,1
0.0036761325924249107,0.007926662431362027,0,1
0.0032290915612681794,0.006581523795823634,0,1
0.003295945801149743,0.008006932566804993,0,1
0.0029841996660784653,0.005793377891151791,0,1
0.0026494103607666583,0.008107296675100068,0,1
6.319548163786313E-4,0.004576545856582623,0,1
0.004067044316607843,0.007848392831672827,0,1
0.005185984382778845,0.007842504773969925,0,1
0.00509307208657595,0.006903240029773667,0,1
0.004513863446367244,0.008005785725646959,0,1
0.003985745217103085,0.00724753635528036,0,1
0.002979230081687421,0.009440825712221828,0,1
0.0030313218969048555,0.008517260870858242,0,1
0.0041162125481366794,0.0086037302581465,0,1
0.0037359443510045017,0.007929947323444457,0,1
0.0037425256872421603,0.008003264059614523,0,1
0.003729102140410989,0.007135747922276201,0,1
0.0035109502799683745,0.0070979675409590815,0,1
0.003258822464216931,0.005887126607163254,0,1
0.0034343873109339996,0.007516168795165814,0,1
0.0054332164928651006,0.007775908390533101,0,1
0.004865082306218223,0.008363366913025822,0,1
0.006295899565742396,0.010029819175490418,0,1
0.002666676215944015,0.004428809316359193,0,1
0.0025744842051559458,0.00703791745228353,0,1
0.0039858152869164986,0.007459603338594334,0,1
0.004135847567430336,0.007997641680101537,0,1
0.0012188433034750136,0.008984514050638851,0,1
0.002921355184349989,0.006285092446981892,0,1
0.004950115709651343,0.008594412981563517,0,1
0.0030016036113433738,0.008719178463596631,0,1
0.002839005684786249,0.005708384898978106,0,1
0.005130614825313981,0.0062946498924251965,0,1
0.0027971179794173406,0.0070744129988055925,0,1
0.004050684829727353,0.007590048086762799,0,1
0.004626203804637351,0.005971701603641845,0,1
0.003635997488130597,0.007945274334122347,0,1
0.004309731626823778,0.0074688434854467845,0,1
0.0024882433397697182,0.0062781476472816055,0,1
0.004088039526721763,0.00589375223882185,0,1
0.0019455599656173271,0.009117986787016922,0,1
0.0036698815340535863,0.006566764418060555,0,1
0.005357263577844764,0.006421165215369258,0,1
0.007492020260116514,0.006605672517228527,0,1
0.004431324760808468,0.008165967980544428,0,1
0.004422057198696679,0.006746416933928337,0,1
0.002652129820016191,0.007288647029547756,0,1
0.003722296904126135,0.006482432034826295,0,1
0.004206027313348005,0.0070784318822370365,0,1
0.0045995638811993115,0.006925048177324719,0,1
0.007670345342567238,0.004957634081028759,0,1
0.005959049926571115,0.0041482441942207885,0,1
0.006826938585582802,0.0050103327990034755,0,1
0.004653237729592652,0.0038888089467679146,0,1
0.006443820553412926,0.006894946900396412,0,1
0.0044257756715223315,0.0038200841252814793,0,1
0.006420459019427036,0.0026511534127802447,0,1
0.006368438529950411,0.0034562477020959803,0,1
0.006012200265464453,0.0034704384083618397,0,1
0.003952528547967872,0.0028991171482071914,0,1
0.006006398270607057,0.0030734234252382925,0,1
0.005266125247470524,0.003612308915122568,0,1
0.004029060336936708,0.002517583158697,0,1
0.003787631271657618,0.0033782191852729077,0,1
0.004867298342374459,0.0035978808278015546,0,1
0.006553896262706928,0.0047003773019363825,0,1
0.008620651396001587,0.00689736518405416,0,1
0.005312367098202438,0.003319921261399984,0,1
0.006220880483156599,0.0036876272529935807,0,1
0.007579448059447689,0.0018047851786610913,0,1
0.005399695809525534,0.004536952525286714,0,1
0.006769202981532674,0.004527428726512009,0,1
0.004815391917535959,0.004810380588248867,0,1
0.005380434282090268,0.003936192226683396,0,1
0.005348959924262914,0.0031038290578564555,0,1
0.0029678190074692475,0.0011814126448528733,0,1
0.0046088967223630335,0.0033991598754188326,0,1
0.0046526128638481245,0.003635022805989746,0,1
0.003911325263025071,0.004592179634500514,0,1
0.006469901387696671,0.005016954467209682,0,1
0.006341512436007673,0.005404053948956994,0,1
0.005339927241835748,0.004264513937111872,0,1
0.0068295203365145,0.0065679326839147975,0,1
0.006405680268503452,0.0062347219541143755,0,1
0.006452562874654873,0.0031661011596321245,0,1
0.005030698364566224,0.0044108604036314026,0,1
0.006578580332233466,0.0039389144477134,0,1
0.005154804772607913,0.004847869789310284,0,1
0.004822813642347931,0.003973178029286362,0,1
0.004656601326066147,0.00446388597858467,0,1
0.004002135972192634,0.0037165349768541562,0,1
0.0044944324057110165,0.0033433472352238742,0,1
0.006556863604328459,0.005034640742396341,0,1
0.006329566991639025,0.0048745466575648815,0,1
0.005882571042997411,0.005103860379554263,0,1
0.004642069024048388,0.005368890485565465,0,1
0.005473300431431681,0.004882094619872839,0,1
0.005858223183831662,0.0044811093821846976,0,1
0.006338001228709937,0.00589986140408667,0,1
0.005445539730478769,0.0039004349313367555,0,1
0.004283485141631901,0.0029255103837549654,0,1
0.005602893605491341,0.002009952723758621,0,1
0.005233896871626645,0.004031560587476815,0,1
0.004604696773139959,0.003434524765410812,0,1
0.004855319795187288,0.0028791251843266544,0,1
0.006419978533561389,0.0054377746285386224,0,1
0.0062359722205783345,0.0038674642977616154,0,1
0.006159314778969633,0.00507261853326622,0,1
0.004711509121230282,0.0040681246626442895,0,1
0.005549233957685228,0.004733752287146494,0,1
0.00438865688182425,0.005221427436609732,0,1
0.007797783923755762,0.00619964252055584,0,1
0.002855003705949378,0.004747117174701616,0,1
0.004971267569556512,0.0029310540379403785,0,1
0.004799282211580753,0.004004522686265354,0,1
0.004762671993991773,0.004153497734102722,0,1
0.005467517784079628,0.0038341022067901547,0,1
0.005117958661709041,0.003078857233886306,0,1
0.006397047437150816,0.005121129784800774,0,1
0.006045666333315402,0.0034026142188942694,0,1
0.00509797657085123,0.005532514086697744,0,1
0.006272766235264995,0.004554775179106616,0,1
0.004980811925851736,0.00437832635398474,0,1
0.0049647165954414445,0.003928104925483272,0,1
0.005490125602922176,0.004272592370673896,0,1
0.006164968126878306,0.005815773691499265,0,1
0.005296924394296764,0.004205090485973758,0,1
0.004595160935632616,0.003741701924380432,0,1
0.008571236032955041,0.002914352673095754,0,1
0.005969295464470141,0.005354723536416481,0,1
0.006293016795733916,0.005676925217248343,0,1
0.005357170638827845,0.004506837684627414,0,1
0.005549164524415095,0.004126564098653345,0,1
0.00616126531921561,0.004901852132832527,0,1
0.0028649923098689784,0.0016603945379981189,0,1
0.005313316742169916,0.004643001814547135,0,1
0.005635458488610252,0.004330473922579718,0,1
0.004706617718042903,0.004496537874863591,0,1
0.004135464365914935,0.004210533391057912,0,1
0.0036997185562824006,0.002702336210956878,0,1
0.004315144260756437,0.00407092888703232,0,1
0.006554506625530982,0.005163167653962201,0,1
0.007951036028316164,0.002478935909003625,0,1
0.005846016782596101,0.004357918957770669,0,1
0.004439382519862988,0.0047411991347376765,0,1
0.005755035152420285,0.004920804919779928,0,1
0.006738904758856029,0.0038105663805722482,0,1
0.004287303160267479,0.00513389875735058,0,1
0.004490595525971109,0.0042194733754140614,0,1
0.004993778349568541,0.0025975917050367467,0,1
0.0072527446372813,0.006172958155293136,0,1
0.003156593872017191,0.004627390014059398,0,1
0.006356561861238643,0.006343739647402414,0,1
0.006912217402351585,0.008832555517063538,0,1
0.0067672943465326135,0.005978246713299335,0,1
0.005028620183297679,0.005513679005323774,0,1
0.0054830571163056625,0.0037053833117232857,0,1
0.005233971778492738,0.00577377149566952,0,1
0.005022107978882122,0.004158399170939295,0,1
0.004454779065916933,0.004550670053093309,0,1
0.004900593058941996,0.006029856037072499,0,1
0.003464710286332285,0.005441212713552003,0,1
0.002909480332343971,0.0030694993090008313,0,1
0.006051262107233313,0.005901519063183241,0,1
0.005464329076426629,0.0053967102063763464,0,1
0.003284817930559827,0.005842290116984309,0,1
0.005258188249798775,0.005212351646626464,0,1
0.004824078797949293,0.005830238646650568,0,1
0.00487510028811998,0.0035628862449748546,0,1
0.004995290165900486,0.00349993844529045,0,1
0.004255557675269645,0.004607738375949165,0,1
0.004886473555891609,0.005013142167583373,0,1
0.004967875704105306,0.004924028063932883,0,1
0.005721623118386538,0.005702256754318985,0,1
0.004960016736964865,0.004864888190351338,0,1
0.0048859109074568755,0.0056607087721776755,0,1
0.004324498593431391,0.006777032468692935,0,1
0.005027486275773768,0.0050394657795651,0,1
0.005014150893310162,0.004414870273830477,0,1
0.005158927900271117,0.004235975608588357,0,1
0.004647689952152348,0.004370367003274809,0,1
0.0038109455570839693,0.00391731556275984,0,1
0.005927548082353522,0.005532916551122538,0,1
0.004754384238899823,0.005905337165902903,0,1
0.005105973493564033,0.004539798277722267,0,1
0.0060166025648767125,0.0052761032764815875,0,1
0.004928549555969675,0.004097076833339753,0,1
0.005586466480516125,0.004840550241600197,0,1
0.00495597104470236,0.0063133066110610415,0,1
0.00509585852477129,0.005063594816261699,0,1
0.004949729189300859,0.002874801229874454,0,1
0.005604214889231481,0.0059851458382256945,0,1
0.006483462605606003,0.006857369722785142,0,1
0.005136956151210488,0.004410091719776759,0,1
0.006724768155276223,0.0033069482040880343,0,1
0.004476482508290369,0.006096251012180549,0,1
0.0021503946548900098,0.005284324048394532,0,1
0.006224324784659016,0.004677251713043578,0,1
0.004472867528995829,0.006221397630646353,0,1
0.005603239686631814,0.005663912229669061,0,1
0.006140960284139005,0.005416911883728015,0,1
0.00503576616845139,0.0075525078903295306,0,1
0.0047142918556166,0.0037843978135666573,0,1
0.005699070223395262,0.006289717625916562,0,1
0.0037700174827719327,0.004774746012868255,0,1
0.006584679547769338,0.004626705077951818,0,1
0.004758287076789302,0.005739232141899081,0,1
0.006116560683903467,0.005808314181763621,0,1
0.006188330544704614,0.006059309825792967,0,1
0.005587073420226269,0.005349006645493502,0,1
0.0028357391475518,0.005200828612771003,0,1
0.004854367873613805,0.005964500598975443,0,1
0.004171212407883,0.0025011768186980385,0,1
0.0027701291272394053,0.002296361396242838,0,1
0.0036438988947901786,0.00358709444791694,0,1
0.004229217129548829,0.005978432521250128,0,1
0.005937041700062079,0.005571530153614785,0,1
0.005243581167496753,0.005710661856027888,0,1
0.004713461755852006,0.006578418409182631,0,1
0.004910931096571785,0.005484933375821835,0,1
0.005703766031709407,0.004475517954939509,0,1
0.004615711221635026,0.005073616341097776,0,1
0.005384915768482453,0.005340297823796557,0,1
0.004918964930940445,0.005486614727768287,0,1
0.0034502016684239377,0.006015567859507624,0,1
0.005122931141983867,0.004284984393778185,0,1
0.004284910852016708,0.0056201474795890246,0,1
0.0049208562980997345,0.005751161322269015,0,1
0.004117148768126386,0.007384889573431292,0,1
0.0044809412618648575,0.005284737416835104,0,1
0.004774081248868287,0.005823810426933606,0,1
0.004514639037962242,0.005787889047886831,0,1
0.003582598324130641,0.005423139564853778,0,1
0.004727721654082609,0.005758590185089399,0,1
0.004494629849977654,0.005062019823766907,0,1
0.005128315397541891,0.005659614926453548,0,1
0.00530441114868389,0.008286315597067722,0,1
0.004969959328361022,0.006282676290181639,0,1
0.004982954576856239,0.005576466837257405,0,1
0.004237320291790047,0.006242457441536948,0,1
0.007465048949864149,0.007428542112011082,0,1
0.00662324389246657,0.005579635385912193,0,1
0.0061019099164462435,0.00541728507791675,0,1
0.005292303759949152,0.006023491851692606,0,1
0.0033612166261592835,0.005900576885140514,0,1
0.005301432930170022,0.0061372856260810595,0,1
0.004205885899986294,0.005013898194531363,0,1
0.005031786626211172,0.005839981287504531,0,1
0.0047528808320120505,0.004767679094573155,0,1
0.0038509610994674494,0.004748772735127045,0,1
0.002907523138627438,0.0031349548526613314,0,1
0.0027312903356097396,0.004594551661672054,0,1
0.00508446425964135,0.006812144326946885,0,1
0.003689226592166708,0.00557302915286083,0,1
0.0049983770130828265,0.0059790784670304825,0,1
0.005076749816099656,0.005947899759426711,0,1
0.004518477156285472,0.006318367162416049,0,1
0.004418344585931175,0.005755704808576904,0,1
0.004313700405529472,0.005524031968993378,0,1
0.006439998043958071,0.008617444078900999,0,1
0.0031821234548314015,0.006718218556773635,0,1
0.005315793208665586,0.0069020331288275755,0,1
0.005417932139035146,0.00661254077864193,0,1
0.00496504276441043,0.005278447442212703,0,1
0.0066301827507661264,0.0057892290432573525,0,1
0.0027759177875757816,0.003200573512594413,0,1
0.0046582044477699,0.005592210518827139,0,1
0.0044020403939192265,0.0062751257574631255,0,1
0.004524975865627995,0.006556950679180977,0,1
0.001296477694614317,0.0077444933429460655,0,1
0.0013257611953424186,0.008215076071153873,0,1
0.003875917290540129,0.01000289558041549,0,1
0.0017950565101702625,0.008460337156924663,0,1
0.0022353408071200233,0.006545770732497007,0,1
0.0012996947462232662,0.007607270266383692,0,1
0.002633875453857713,0.007443418272777551,0,1
0.0018567035909348656,0.006589262902734743,0,1
0.003023759456063182,0.00749298966062214,0,1
8.876711450906959E-4,0.007780386475795471,0,1
0.0030544016500931963,0.008524300405006261,0,1
0.0036647361464447275,0.007749090164799568,0,1
0.004308475831433312,0.007617586282714923,0,1
0.0037741489160121066,0.007105760015256425,0,1
0.0042971951361019155,0.006719764330541896,0,1
0.003230517599643365,0.00831750331348397,0,1
4.923624691370482E-4,0.0078056049111085825,0,1
0.0012316197932782356,0.006664079826098406,0,1
7.362964483714948E-4,0.008344214750173638,0,1
0.0035960796695698742,0.008900415128774975,0,1
0.0018947980071412805,0.007951929856084547,0,1
0.0021068837676918545,0.008051061588828902,0,1
0.004334172583873352,0.008978798336660656,0,1
0.0022079138445822493,0.006577801898482771,0,1
0.0033981850581063576,0.007230768604697085,0,1
0.002907309408644882,0.010183346261055673,0,1
0.003241530013569459,0.007244116029259528,0,1
0.004124560494718375,0.00834789862138983,0,1
0.0035945646517995286,0.006428638839722154,0,1
0.005097707937494017,0.007068469898168254,0,1
0.0037328979044033944,0.006917936604614194,0,1
0.0013495055436594,0.008783125031825724,0,1
0.0029676472174523945,0.0066447154183531636,0,1
8.777500652204186E-4,0.009311397947929814,0,1
0.00498560363697417,0.0067243278952372676,0,1
0.0018575245285739896,0.009600932761151789,0,1
0.003180771005678366,0.00765736290505258,0,1
0.0020144755249714304,0.007142607211691123,0,1
0.002863638171088835,0.006999110655219584,0,1
0.0027725078197674948,0.006843556825637984,0,1
0.003982652626488054,0.0069866569435534515,0,1
0.0033293096805098463,0.00684340318233194,0,1
0.003919391267345779,0.006823361152431227,0,1
0.0037077610682898525,0.006785758525712463,0,1
0.0038244727280429994,0.007154109800163515,0,1
0.0017208961462153328,0.007771480422854976,0,1
8.702472393261565E-4,0.008756802447212879,0,1
0.002299279250731098,0.007485602459276933,0,1
0.001873481984379349,0.007544315290409399,0,1
0.0010168847992804866,0.0061867973793137175,0,1
0.0035937654721920117,0.006400623172338127,0,1
0.002438988623440695,0.006494908005451358,0,1
0.002689036725986204,0.006955506028166806,0,1
0.0043916122338005514,0.008195195654351832,0,1
0.003522140034748692,0.007027683766080038,0,1
0.0030135477709973086,0.006701954439186918,0,1
0.0024682575183197037,0.004067791421183059,0,1
0.004006414598669484,0.006047674823920541,0,1
0.0026213190095993725,0.0030658599137854776,0,1
0.0010696399361208762,0.007656768900254783,0,1
0.002092209784613929,0.007814472590346844,0,1
0.0017399472966560627,0.007267018556844064,0,1
6.858859342379759E-4,0.006565228747169331,0,1
0.0020763155764684906,0.007340789922115044,0,1
0.0022836406155807283,0.008207908085465208,0,1
0.0021845017624666386,0.00835517043286241,0,1
0.0018954176791659803,0.008673521042841748,0,1
0.005774853220182563,0.006516494540801619,0,1
0.0029569686534911153,0.007994522368976227,0,1
0.003571782928247252,0.005933500399738094,0,1
0.003607370953736565,0.007084019890305611,0,1
0.0030231694435231505,0.005738400771972203,0,1
0.004788671759375729,0.006553325099319705,0,1
0.0012765708708255823,0.008158624936355621,0,1
8.984598366885085E-4,0.006683603089631314,0,1
0.0038459690152209524,0.006381677901982015,0,1
6.289596201396573E-4,0.006857664726757172,0,1
0.002803137793717408,0.007531846956529851,0,1
0.0012979012560259398,0.007977964012173284,0,1
0.002706795549449547,0.010898763802097321,0,1
0.0037106864402964524,0.006894411628016699,0,1
0.0024906666157130616,0.006730875735157467,0,1
0.0037522853806973215,0.00593409007137755,0,1
0.002297076880063474,0.007037228084453027,0,1
0.004343741254115882,0.007033161229892815,0,1
0.003667101023120817,0.006500217854371165,0,1
0.0013088236486210616,0.007144990862545872,0,1
9.938603672661874E-4,0.007063964874159241,0,1
0.0025557805077001832,0.007802658775024365,0,1
-5.712323625014199E-4,0.0058383030202035545,0,1
0.0013973136412712213,0.006909888818453287,0,1
0.001919827778777808,0.009553461969105562,0,1
0.0028172998875790074,0.0077809666056439936,0,1
0.002326768741168909,0.006728003359347641,0,1
0.0019165061055476588,0.007413867114998568,0,1
0.0018798907305073317,0.0072762540402349415,0,1
0.0031844721107055227,0.006384619200275611,0,1
0.0041247964749638625,0.006332891940324707,0,1
0.0036794838170594005,0.006623439671301913,0,1
0.0012174806805817357,0.007429637745012345,0,1
0.0016822939505725812,0.006785417703116203,0,1
0.002337363013927002,0.006727074585381758,0,1
0.0020023166594348653,0.007181357125922467,0,1
-5.451954294790096E-4,0.005531117948577841,0,1
0.0024104347983245965,0.006875550189040438,0,1
5.754231332316819E-4,0.0039020373397761405,0,1
0.003695616815124177,0.0073164613890723705,0,1
0.00225165273830163,0.006304409299033135,0,1
0.0027403078429073923,0.0065101407726345425,0,1
0.0030815599496797834,0.006561766931925604,0,1
0.0025391874114448734,0.006472106012560721,0,1
0.0013237383251901312,0.006961884361040234,0,1
9.92985854389819E-4,0.0061071262986555136,0,1
0.001985098741784797,0.00629946252036041,0,1
0.0019128100831015593,0.006885695469859405,0,1
0.0013584969682210795,0.007508961975414383,0,1
0.0021135803531439202,0.007959545381534606,0,1
0.0019597444282443257,0.008068177187566652,0,1
0.003440540012202537,0.006014390765776401,0,1
0.0028187458991171515,0.004075593993472807,0,1
0.003512703409537017,0.004981735719983575,0,1
5.690826243112346E-4,0.005543331711315008,0,1
0.0012453610367604683,0.007291137920933446,0,1
0.0025823292976482753,0.0071181376184800225,0,1
8.563078207207605E-4,0.006776224087812603,0,1
0.0015680132738729168,0.007469172202407843,0,1
0.0037873253016354946,0.00598555024036788,0,1
3.9807506645813377E-4,0.010004708812901074,0,1
0.0021573959776114596,0.005666573545680587,0,1
0.002275019141608896,0.005506111708792512,0,1
0.0013919364243629908,0.006562471787913433,0,1
0.002029041277570376,0.00655398579429173,0,1
0.002965164687049994,0.006856664761525957,0,1
0.002585768865978571,0.006032289697458005,0,1
0.0011823596915943762,0.006737202314205746,0,1
0.004672400727864795,0.005169588079271014,0,1
0.002015565239709075,0.007230771898490948,0,1
0.0022827992547873434,0.006452835291951185,0,1
0.0021789223216923987,0.006665434215690603,0,1
0.0013444805130692395,0.007343847550694886,0,1
0.001065181016344428,0.004811095855697954,0,1
0.002683954936527148,0.006001778863108925,0,1
0.0017281661706214546,0.006737695493982426,0,1
0.0010294785554331312,0.0050851613732069475,0,1
-3.108665458601686E-5,0.006320197474296224,0,1
6.224899171944423E-4,0.008217448243256988,0,1
0.0016841021946751382,0.006833369356809141,0,1
0.0019164749560613517,0.006586259750121881,0,1
0.002100782391456755,0.006659140135247652,0,1
0.0010699034899455547,0.00610955366344284,0,1
6.159101407497697E-4,0.007399434084253278,0,1
0.002778135202292874,0.006636513006908689,0,1
0.003305342341099676,0.0073800364293393015,0,1
0.0026137840732712667,0.0048991335031094456,0,1
0.003280160024638854,0.0059743222109416,0,1
4.5494664047054066E-4,0.005815166503399246,0,1
0.0010492249650648985,0.00808510635194967,0,1
0.0023843735110070222,0.006798681868786075,0,1
0.0018942822353163323,0.005631247618586074,0,1
0.0037649986558770635,0.006359006598341248,0,1
0.002423915284345558,0.005985297458695497,0,1
0.002456496661705839,0.006005416608477288,0,1
0.006340577610372462,0.004147850273818253,0,1
0.00600771231138953,0.008207559154687358,0,1
0.0014875323722506578,0.006800346904417126,0,1
0.0013365673055969415,0.007382836686300811,0,1
0.0016211416034146088,0.006551841583385679,0,1
0.0030739559116150666,0.008078987289186787,0,1
-6.542209920767875E-4,0.005785220573377893,0,1
0.0024159423551357003,0.007065681592055203,0,1
0.003674652728226919,0.0067292664821518655,0,1
0.0011005501018051193,0.005769282469468214,0,1
0.002774804301608486,0.006187910421192208,0,1
0.0011676159352852933,0.005910750212277536,0,1
-3.5569729046686826E-4,0.0060358694052975006,0,1
0.001640186844549722,0.006729613604783457,0,1
0.0012656479163738275,0.004965506816821649,0,1
6.195743027532561E-4,0.006850203754105277,0,1
0.0020955145919203852,0.006280198604246944,0,1
0.0010479940907159022,0.006996716925642879,0,1
0.0059611537439452885,0.003898470631066254,0,1
0.001966440411048272,0.004664697891507836,0,1
0.0015834012765162163,0.006062987151552145,0,1
0.0011620107083233863,0.006652417996816022,0,1
0.0015508455677387194,0.007329098684953713,0,1
0.0011155041384302146,0.0061710951320110355,0,1
0.002850116627792662,0.006098916460408448,0,1
0.0026637627954256044,0.005869700727787453,0,1
0.0023579944867838294,0.005864079849128345,0,1
0.0021950428040146005,0.006513349239662404,0,1
2.1793633658731445E-4,0.0034391971879898383,0,1
0.0010024971908974662,0.006326467419038033,0,1
8.091116686767042E-4,0.007043144809539622,0,1
0.0016612602005174678,0.006299153033384664,0,1
0.0025954030446790916,0.009352365139408686,0,1
0.0013620973276709074,0.005840098982022463,0,1
0.0021176540671813708,0.006112687191367381,0,1
0.002131215550305422,0.006001399809156092,0,1
0.003571097654194119,0.0029422265204288767,0,1
0.001227460473246308,0.0058871860974564014,0,1
2.688617089597451E-4,0.005204918309020677,0,1
-0.001223357752767796,0.006198431776444912,0,1
0.001626741499716611,0.003637971110738048,0,1
0.0020451927534300457,0.006503781818259018,0,1
0.0013395163199024188,0.0062455119810077885,0,1
0.005360323414553558,0.00577037735949328,0,1
0.003247921149838661,0.006445735067549208,0,1
0.0010428040909402914,0.0058748089028365195,0,1
0.0011104550785771623,0.004821907840943294,0,1
-0.0010548411993520667,0.007478499632189591,0,1
0.003589427566814834,0.005800410858714123,0,1
0.0012187214291172345,0.005147300088910269,0,1
0.005236883017708594,0.0035493015266601967,0,1
0.00436374283512497,0.007988935448384887,0,1
0.0016341163352189085,0.006553295100725836,0,1
0.0017089622496671718,0.006233062357061238,0,1
0.0015667109006228307,0.006380541244386176,0,1
0.0012473665391589822,0.007255381004645991,0,1
0.002223904556569195,0.006118851827065034,0,1
6.556028888510718E-4,0.006962436027632051,0,1
0.0015678162246922215,0.006616306773882508,0,1
9.428355695924229E-4,0.006899278255357639,0,1
0.001028005695661398,0.008787259415087125,0,1
0.002772438258424381,0.00626229382540203,0,1
0.002844395257262953,0.004950625444814734,0,1
0.0010122900601900828,0.0062590817479345265,0,1
0.001481384871460717,0.0059493787243344864,0,1
0.001238549256595556,0.0059701702801440715,0,1
0.0012496828498177487,0.005992109496248992,0,1
0.0012222271901544883,0.005713293179098496,0,1
0.003250147364709308,0.002914728068356791,0,1
0.001887050611289302,0.006822383447692692,0,1
0.001342538488104795,0.005808085315423492,0,1
0.0013702994923593893,0.005721995411083028,0,1
0.0012179065131835464,0.006539719253785981,0,1
-0.001128767756843829,0.003429662966267587,0,1
0.002535020824878557,0.005617448304214691,0,1
0.003157476670213232,0.006543447588032946,0,1
0.001283173379523813,0.0054073384867770235,0,1
0.002811928597881557,0.0068272050920412854,0,1
0.002401086040239606,0.005967987784571754,0,1
1.948729097721386E-4,0.006049716260593192,0,1
0.001502862395604759,0.005092186767207586,0,1
8.899916066141435E-5,0.0060353077785536835,0,1
0.001775008335996187,0.004669044048546396,0,1
9.541556346396398E-4,0.005965696368249433,0,1
0.001921170595316279,0.006110533411662236,0,1
0.0025362873657943995,0.005850120226293742,0,1
0.0018262945796004633,0.004286902614253936,0,1
0.001384674555764744,0.0036400264187136785,0,1
0.0015745328219862293,0.004547527984567989,0,1
-0.0011672353684520317,0.006356614292794715,0,1
0.0036467549720271544,0.004670117721925007,0,1
0.001834229858049547,0.004877023874664889,0,1
7.710588232384085E-4,0.003953572101028291,0,1
4.145934540120182E-4,0.0031480391036442165,0,1
0.0014661815098335584,0.003954830239032561,0,1
0.0011548795423608855,0.006489050580349398,0,1
0.001043588970681924,0.005888212854873461,0,1
0.002588072444834208,0.006489135780891162,0,1
0.001027895186461555,0.006068251036702684,0,1
0.0018494921195753762,0.005500017247127183,0,1
0.002790893171275265,0.0068608224087905205,0,1
0.001804543329760462,0.005282284993712359,0,1
0.003886343544850203,0.004577842113640293,0,1
0.004444049505362427,0.0031035292250163773,0,1
0.003674350481513695,0.002651276432390855,0,1
0.00363256444115132,0.0032209329752252943,0,1
0.0032940718148383678,0.002541730044970681,0,1
0.003572949704192218,0.0035108444475727353,0,1
0.0029199224762863564,0.003813014554678275,0,1
0.0012816841928309833,0.005203109352977709,0,1
0.0047007899883074935,0.0024816696352620883,0,1
0.0022482196446593507,0.004904933672845536,0,1
0.0027881066651840956,0.0039245821932235355,0,1
0.0016551176102501054,0.004107294453529074,0,1
1.2424910500250858E-4,0.0056834012785801245,0,1
0.001765428516168844,0.004110330000267424,0,1
0.0011151963609043478,0.004643657130982795,0,1
0.0012303376076937616,0.004913359981502126,0,1
0.0014694109890046666,0.004597193492030492,0,1
0.0013170255311204708,0.006398897140542617,0,1
0.0011043613882693185,0.004702601626711032,0,1
0.0031158590950112713,0.0036991724089184474,0,1
0.004289668543621416,0.0064530471345839325,0,1
0.0028129033213493276,0.003271322165912407,0,1
0.003010511107829645,0.0025040551782987024,0,1
0.004014832113231856,0.004612171433070014,0,1
0.002567416852008581,0.00323850847947937,0,1
0.0021742881645110427,0.0041325292962020085,0,1
0.002865303347751393,0.0035342668342529223,0,1
0.002483929460151952,0.004093002789779246,0,1
0.002505717494922569,0.004946226493735753,0,1
1.392497688134907E-4,0.005137728945212507,0,1
0.0026380995409921405,0.005348000096471494,0,1
0.0015844178847076614,0.004597722762156059,0,1
0.0029890004491889936,0.003895823958651539,0,1
0.0013996914796912026,0.00466549659162905,0,1
0.0014264901577871819,0.0038504345957504505,0,1
0.003980849919251773,0.0030449259402011474,0,1
0.004285284412192036,0.00444650919428107,0,1
0.0034149071488735693,0.0033893090096437524,0,1
0.006561719150078174,0.003312666824089887,0,1
0.0030106842655560056,0.003904381088059065,0,1
0.004259387631597814,0.004589483273681345,0,1
0.003122733711202227,0.004235226455142379,0,1
0.002991773714456712,0.003946063098303539,0,1
0.0032719641179331455,0.003842235509878161,0,1
0.0028294300035078056,0.004558188809179559,0,1
0.0025447760990793093,0.004049041097430422,0,1
0.0021381829028994247,0.004204985007114195,0,1
0.0030574259232741857,0.003367994915631109,0,1
0.001703508630269773,0.0046763583043299235,0,1
8.644073557104477E-4,0.0053816370826409825,0,1
0.0012062782714550313,0.0049806099364188275,0,1
0.001728800919730909,0.004916283439497849,0,1
0.006436666805868516,0.0017075131369017219,0,1
0.004121887945848617,0.004332927019369135,0,1
0.003166839449019153,0.003179078235973799,0,1
0.0036352214745818618,0.0037260769552133087,0,1
0.003711247657047144,0.0059032849643894615,0,1
0.0014034185389971091,0.004416152958460579,0,1
0.002914843112207554,0.004078927965692577,0,1
0.0025176268791532682,0.0067678267472703335,0,1
0.0025678933445812636,0.004237300681008842,0,1
0.003665997804112054,0.004677640559228794,0,1
0.0026028894038689246,0.005816434868412552,0,1
0.0019281453780368109,0.00460755449779134,0,1
0.0017771518766503073,0.005453253816633112,0,1
-3.569422675335149E-4,0.005872665904502096,0,1
0.0013657903489818427,0.004761505841933345,0,1
0.0061129398182624365,7.523639843936463E-4,0,1
0.005069296482907658,0.005389673440240302,0,1
0.0011436743519800056,0.003156192061349972,0,1
0.00454560517203866,0.0032331739396564215,0,1
0.003839795697114292,0.00351129031319554,0,1
0.003651789755877375,6.419751135495615E-4,0,1
0.0025590781031495902,0.003686892837940165,0,1
7.552365206274313E-4,0.004303880556842604,0,1
0.002736200592670979,0.0044210837364537185,0,1
0.0025245194768888078,0.0035983874599018095,0,1
0.0019528195505552166,0.004122494034112135,0,1
0.0019457588674185043,0.004551544755706261,0,1
0.00208261021408424,0.0052853249466074306,0,1
0.0021525898926766586,0.003464838867031345,0,1
0.0015254630366005305,0.005076752688742129,0,1
0.00355155713602245,0.0032262187503791125,0,1
0.0045007530891859665,0.003393818158240894,0,1
0.0038499664275212417,0.0030241303556112716,0,1
0.0047349848753516005,0.003494234946194749,0,1
0.0033679650251505467,0.003346354641613097,0,1
0.006000246279685526,0.003032670498132199,0,1
0.0031238279681382497,0.004131452571798898,0,1
0.0033836162562383234,0.003913512211488802,0,1
0.002740226827413437,0.007317363483619531,0,1
0.002697115369586583,0.00427889175513202,0,1
0.0023335354101615613,0.004730756407292637,0,1
8.405388590450144E-4,0.005881365153960452,0,1
0.002379580162020799,0.003622693753490584,0,1
0.002562166542321967,0.005134784124966449,0,1
0.001693127693977503,0.004961772744461683,0,1
0.004739379316122847,0.003792227890981474,0,1
0.0033099690267608607,0.0022411879571495237,0,1
0.004788256781830886,0.003226310425284078,0,1
0.0036311792027145977,0.004090830165930866,0,1
0.0038271469311980597,0.007597873617035984,0,1
0.0030631603671488214,0.003925733943011392,0,1
0.0026570748283242813,0.003373907692531146,0,1
0.003051212241068332,0.0046997448806808395,0,1
0.002246586829254065,0.004019605343541104,0,1
0.0037119168705299532,0.0070517685837372,0,1
8.796337045000898E-4,0.007930944054908276,0,1
0.0026694861896372594,0.005280765814398532,0,1
0.0017442262474080849,0.005160133134549299,0,1
0.0022999902871736343,0.005288417332444205,0,1
0.004550674490573863,0.005257246492247902,0,1
0.004813891117187795,0.004522331743113895,0,1
0.0021100705727533113,0.0048178009837730905,0,1
0.003565419713631072,0.004401253249660826,0,1
0.001196188002629626,0.0038472194095857505,0,1
0.0037947058032270953,0.004695678960258284,0,1
0.004029473916741354,0.006298642795075226,0,1
0.0028740896953641996,0.004842892546574162,0,1
0.0034513678857570292,0.0033020247396943654,0,1
0.002056895157124046,0.005650838221298893,0,1
0.0020877807898792363,0.00524919243879144,0,1
0.003476963976560188,0.006367939244655413,0,1
0.002436401708829705,0.004599111854528717,0,1
0.001336742983898272,0.005771821749803484,0,1
0.004291039549048183,0.003476510084836731,0,1
0.004769773142730076,0.004244855904747649,0,1
0.003912838374968919,0.004161154119031312,0,1
0.004216724483164897,0.003587310063485935,0,1
0.003298588654918765,0.002661523762341353,0,1
0.0037913866991738476,0.004250481203645235,0,1
0.0016750196592152887,0.003912094458644474,0,1
0.00235437525743673,0.004596419383735353,0,1
0.0026275042748635426,0.005750200575405569,0,1
0.003937602508488994,0.0035966213543066512,0,1
0.0019770613149726565,0.0033145896402099802,0,1
0.001567084206485782,0.005337485476029367,0,1
0.002249435509653182,0.005259736710881115,0,1
0.0034307004687043462,0.003716637192736313,0,1
0.005525008192197712,0.004550300327660381,0,1
0.004045492837950667,0.00406397665276648,0,1
0.004097529950308814,0.0051763347236796885,0,1
0.002625566256078131,5.288517597010722E-4,0,1
0.004636828095251335,0.004755215353660097,0,1
0.0019037670554438064,0.005639348363877038,0,1
0.0034068827243609406,0.0039400830733700406,0,1
0.003394909389734346,0.0047021724656190235,0,1
0.0035317976118634186,0.0052976586005499355,0,1
0.0029108293228568777,0.005063934661832731,0,1
0.0019315615406314496,0.006045498156768386,0,1
2.8082307296933037E-4,0.0066828858712921855,0,1
0.0035006972256157146,0.004733780376367148,0,1
0.0049938710989969656,0.004763501762551277,0,1
0.003743905745109291,0.0032139691124122138,0,1
0.003752953540099898,0.004388206186757239,0,1
0.0030056604472265837,0.006087233802004672,0,1
0.0034667769905304528,0.0046934210452924795,0,1
-6.044019398160338E-4,0.004758989020408948,0,1
6.076800819318502E-4,0.0039276900209430895,0,1
0.0029343311327038922,0.0050187571606334965,0,1
0.002718682194684305,0.004187059748237473,0,1
0.0020258019930049376,0.004954109956881597,0,1
0.002557896076932273,0.005297966375464896,0,1
0.004019412710031405,0.004406105380256137,0,1
0.002291432562380051,0.003381448941248475,0,1
0.003682961572406649,0.004889896709740543,0,1
0.005375021150360128,0.0056662428222569935,0,1
0.004842736595349836,0.004518945239333626,0,1
0.0024868583332677318,0.005469911516262307,0,1
0.003017761857199289,0.006166627086338136,0,1
0.0033847854475910887,0.004333680205900813,0,1
0.00527344677688254,0.008506255189077742,0,1
1.4820807980771086E-4,0.003034046479675934,0,1
0.002628916717087543,0.005008823914690995,0,1
0.0029241992921389477,0.005737489213261981,0,1
0.004811416378077796,0.005042261632433025,0,1
0.004188101962909672,0.0044224266064380995,0,1
0.0029249397260403855,0.004032548561461789,0,1
0.004242186688910646,0.004745945921516696,0,1
0.003840434467990461,0.004318867566404155,0,1
0.0018341716312536875,0.002592336003866527,0,1
0.001523530509236272,0.003915330769920986,0,1
0.002955335704525826,0.005096328451989343,0,1
0.0028141893650309533,0.005005845528277955,0,1
0.0025870460001085507,0.0065561439495633025,0,1
0.0013786465667551312,0.006042316526589147,0,1
0.0037429863505690545,0.003410611025514798,0,1
0.003958767224544975,0.003848658740073291,0,1
0.0023382700203085373,0.00472193322151,0,1
0.003133280482821465,0.0013549587187554727,0,1
0.0026962524371523067,0.0016635106919264697,0,1
0.004567960794552629,0.005082737864455668,0,1
0.0016419893986264957,0.005349944771927479,0,1
0.0030807827480391872,0.005411469290637386,0,1
0.002592205143952401,0.004547075864760718,0,1
0.0020896490315534108,0.005252280446837333,0,1
0.0019016030667912596,0.005033732541713649,0,1
0.004315557086835557,0.004448888960283255,0,1
0.003621904423366803,0.005011597563260786,0,1
0.0033966113505677375,0.005588177897133197,0,1
0.0035417728603206753,0.004680273122275291,0,1
0.003509555975607347,0.003934056040818005,0,1
0.002994057609351679,0.003976893093582039,0,1
0.0026849973436584196,0.004442128418233503,0,1
0.0026902343235192653,0.005701115217887762,0,1
-1.0659559906501116E-4,0.005078546476766232,0,1
0.0028987326250391214,0.005562479484896514,0,1
0.0032820632326001683,0.0042866640386902835,0,1
0.00565267842423521,0.0036248499646289044,0,1
0.004037674796302817,0.00559738082960551,0,1
0.005008895185661952,0.005625550736718161,0,1
0.002694322743538092,0.005546457493309341,0,1
0.002980941023055448,0.004700119277919098,0,1
0.0025430845599879407,0.00535379444494623,0,1
0.0037038402023920154,0.0058409793119047135,0,1
0.0025168531620125604,0.004217684813669479,0,1
0.002210535132763884,0.004824769620961653,0,1
0.0043790249491666945,0.004398753175420857,0,1
0.0032789295503804707,0.0044543148822992545,0,1
0.005520420623226436,0.0038239921555674357,0,1
0.0036592861476886884,0.005665463979341076,0,1
0.002864480373661039,0.005931396543584521,0,1
0.0033210799631535263,0.005392702972335019,0,1
0.002943895893624305,0.005383811874117176,0,1
0.0031790715312773866,0.004705753012831121,0,1
0.004130410075048239,0.0042803679840636745,0,1
0.0021758842238000444,0.005584686933643012,0,1
0.005477353277676704,0.005934075543759159,0,1
0.0029464129865385547,0.0052903203358763565,0,1
0.003125792297169181,0.005514023922735038,0,1
0.0037924795017312326,0.005248295792534475,0,1
0.0035157610099757946,0.007879006619299436,0,1
-1.4833746301414901E-5,0.0038497811015079115,0,1
0.0033974919502826042,0.004775310041601758,0,1
0.0029635373927555963,0.005636424830214819,0,1
0.004796872351799755,0.004773533413889592,0,1
0.004564651912396777,0.00630359796282371,0,1
0.0054471397345233746,0.0033289709207764604,0,1
0.00455250823408003,0.005126641360111766,0,1
0.001679081469955561,0.00680633049296991,0,1
0.002511574258863401,0.006490205143405883,0,1
8.066721411511498E-4,0.004259618611319585,0,1
0.0018452715110914906,0.005345255129887835,0,1
0.0032140464994738546,0.006027804893454231,0,1
0.004629212026059527,0.0065846624795514765,0,1
0.0028040126158634182,0.004390135061186753,0,1
0.003979707712515581,0.0054737210626310704,0,1
0.003977043338120398,0.005636150794548334,0,1
0.002165177951916084,0.006833993733101023,0,1
0.004108073698566434,0.004519434674880722,0,1
0.0024956577589057313,0.006244073927006739,0,1
0.004052370751340734,0.006941639515912734,0,1
0.0034613802335485937,0.005142631477213314,0,1
0.004506735904859589,0.007621010708812691,0,1
0.004764533538661323,0.0057067965306422976,0,1
0.004207940986317636,0.005388588098760062,0,1
0.0029866105396036775,0.004191312945465011,0,1
0.00409899432197971,0.0050803385248496076,0,1
0.0026172463558868453,0.00556676735444639,0,1
0.0044600879892548965,0.009367375065629617,0,1
0.003923078149570251,0.005425060365433799,0,1
0.003955314654312104,0.005242198114553202,0,1
0.0010535828908904855,0.0033775954068889814,0,1
0.003495995003317727,0.0056348114766855886,0,1
0.004480205027154197,0.0064462657366790785,0,1
0.002065469069034969,0.006838839040076466,0,1
0.005302119874482589,0.005213009407625456,0,1
0.005718533352167204,0.005656430783311233,0,1
0.0037156021712232952,0.00567433515818914,0,1
0.003377409139399391,0.005292999613209694,0,1
0.002804160242461833,0.005476666480135031,0,1
0.0037720017472027073,0.00457481568389346,0,1
0.00338326902971831,0.005666058626596448,0,1
0.004255408066566335,0.005868292878810935,0,1
0.003468893846820215,0.0068075807926770366,0,1
0.004614919394043255,0.005765910982073327,0,1
0.003272967122542066,0.004975411636303031,0,1
0.003300913832359974,0.0046344551932840875,0,1
0.0030348930938162754,0.005550806623128014,0,1
0.0031299527631434986,0.0053427544034048615,0,1
0.004359411791536826,0.00490336290200671,0,1
0.0038777701223551876,0.005435506674014512,0,1
0.003848388181133531,0.007486980400954004,0,1
0.005280269001036824,0.004757354635111426,0,1
0.001449422640106101,0.009242081693768976,0,1
0.004327328915481203,0.005805761566054898,0,1
0.004905568972579826,0.006765139680054605,0,1
0.0026731463923580054,0.006069045260716573,0,1
0.0031489333425790667,0.005267158499307414,0,1
0.005568775111489295,0.006383445646899584,0,1
0.004252417347670698,0.005718609217086219,0,1
0.004150034385171857,0.00518669230426894,0,1
0.0035760359801500327,0.006116552787145004,0,1
0.004922117265520084,0.006158990796945987,0,1
0.006103154788721871,0.007974956717157866,0,1
0.004154018400715684,0.005365213635176082,0,1
0.0043594342598078,0.005984318785889635,0,1
0.0035738522139846384,0.005917756001665174,0,1
0.00447834853639833,0.005920562935571591,0,1
0.005141234734885305,0.005486687988829642,0,1
0.004905239145492365,0.00614504190871487,0,1
0.002445784128121402,0.004747387814830885,0,1
0.004337394535657334,0.006217879644699146,0,1
0.004867549427800387,0.005712153818101081,0,1
0.004525920351652789,0.006806593724960826,0,1
0.004604619718541541,0.005889875337689548,0,1
0.004434551202268599,0.00608246635585027,0,1
0.0041644810958161365,0.006535799539258345,0,1
0.004426729054082167,0.0052566727359529735,0,1
0.002733127800356401,0.006900008856550976,0,1
0.0043017828333698485,0.006118205793725913,0,1
0.0036627143955546043,0.008174239553547463,0,1
0.004256644799957588,0.006450465403260274,0,1
8.971554338615098E-4,-0.007735317658662282,0,1
0.0020784694012491276,-0.006596966683240243,0,1
0.0023378823667428226,-0.005902898488045139,0,1
0.0017055921996228306,-0.00610813155931775,0,1
0.002253714421561679,-0.00612892578301803,0,1
0.00337396836239959,-0.00255485571129327,0,1
0.0029622767870874306,-0.006511942351438747,0,1
0.0019422059933548433,-0.005837980535872964,0,1
0.0010894713654346865,-0.005300446169095898,0,1
0.0033282937596926083,-0.005069731113075595,0,1
0.0019134320350891062,-0.007019026002050087,0,1
0.0022481801663824627,-0.00443837527475058,0,1
0.0016740082930635854,-0.003704553585662461,0,1
9.259591605264401E-4,-0.003171702883200281,0,1
0.0027327678559140303,-0.0016737235555051477,0,1
0.001847284691419842,-0.0035999945591676137,0,1
0.0012579552821019749,-0.006896229961090859,0,1
0.0024329530451963643,-0.005981984727873464,0,1
0.0029846504435996624,-0.005475625247590203,0,1
0.0025865181258628127,-0.00619955458150099,0,1
0.0015336276049346355,-0.006039065535807648,0,1
0.002151753455040615,-0.005612450783226726,0,1
0.003569709219789309,-0.005806456655426125,0,1
0.0017217607982239,-0.0030371788961838647,0,1
0.001431073444871187,-0.004868549236739722,0,1
0.0025929590161351923,-0.0044434377232077165,0,1
0.002951341038454748,-0.0036515780665018214,0,1
0.00204642307299489,-0.004260351240429366,0,1
0.0013243978743060362,-0.004279808364615425,0,1
0.0018089252099296182,-0.004081787283440592,0,1
6.072449443770777E-4,-0.003005254270834009,0,1
0.0022009484445240307,-0.00667819750245106,0,1
0.0011405421601737543,-0.006051602928984392,0,1
0.0022660799490435593,-0.0059302682589927784,0,1
0.00322843975061009,-0.005281896696991137,0,1
0.002223622299410681,-0.006630206691285294,0,1
0.0015846754242227602,-0.005908876939452816,0,1
0.00220126751486277,-0.005956962946189838,0,1
-9.472203929606836E-5,-0.003382827080076286,0,1
0.002738777397264853,-0.0048674087646728825,0,1
0.0028473492848237135,-0.005040779453121861,0,1
0.0021987333320436413,-0.0056635831452647506,0,1
0.0021047962036467305,-0.004159836965867231,0,1
0.0019944748647338522,-0.005129459316010403,0,1
0.00121475799431212,-0.004306109036491075,0,1
0.0017467657026994197,-0.0022304326865473807,0,1
0.0023228591389330548,-0.006475906219498082,0,1
0.002566670584743164,-0.00564377939777587,0,1
0.002396334598287696,-0.006096059831822998,0,1
0.0030383328039128668,-0.005491085400494773,0,1
0.005670391753527855,-0.006597645925108966,0,1
0.0019275830994156021,-0.00680859991268186,0,1
4.6948528747120516E-4,-0.005098291187555019,0,1
0.002055564493619035,-0.006289250460219166,0,1
0.0035689049918361097,-0.004239431514507133,0,1
0.0032558103595132066,-0.005067176664503986,0,1
0.0025704995575043105,-0.005113874777049045,0,1
0.00115990902158959,-0.0047645207927574955,0,1
0.0032304072102839814,-0.002778623658541385,0,1
0.0025608821992130523,-0.0039045806119978243,0,1
0.001647885049386591,-0.002305242379390523,0,1
0.003649097380217867,-0.0031651615581231554,0,1
0.002949332977545579,-0.00565500683038992,0,1
0.00195550914901423,-0.006358100435177962,0,1
0.0023583519914552784,-0.005672277249092587,0,1
0.0025712165327932807,-0.005243799814385763,0,1
0.0023306220908366113,-0.00522078342331704,0,1
0.0037791246675939597,-0.002175985313387154,0,1
9.254774288613881E-4,-0.0034146810527389744,0,1
0.002339537549766253,-0.0055793653192789,0,1
0.0020911391136901724,-0.003756978110232397,0,1
0.0015037171548416782,-0.004069306435109656,0,1
0.0024281540270546255,-0.003949312593978119,0,1
0.004074993426438284,-0.003450216149819013,0,1
0.0022810876648812336,-0.0038258838410007473,0,1
0.0012444992724035397,-0.006703925931434763,0,1
0.00349565372871522,-0.006528724767563179,0,1
0.0025030624620106918,-0.005846902913125335,0,1
0.002459919767366551,-0.005560861202487608,0,1
0.0037500108313604087,-0.005773314704619706,0,1
0.0020519549067467974,-0.004550111306851556,0,1
0.00215805891801362,-0.005496075045934157,0,1
0.002146152524771337,-0.00501976422599253,0,1
0.0031309046256837118,-0.004340149274066215,0,1
0.002809544816375958,-0.0036789528869264954,0,1
9.660075239878898E-4,-0.003901051695954774,0,1
0.0021562252882176103,-0.0037490981531297916,0,1
0.0019504461323924048,-0.002412679114057021,0,1
0.002176818796840562,-0.005954598839283104,0,1
0.0019490986972826895,-0.0067208702489938675,0,1
0.002641463867668583,-0.005942479714259926,0,1
0.0026847316210182252,-0.005711586070413294,0,1
1.5422193860156823E-4,-0.004242764389053404,0,1
0.0016657795626249527,-0.005572474241546286,0,1
0.003024774109389873,-0.005098118168278376,0,1
0.0015479121240311966,-0.004268363410543849,0,1
0.0031553699851935894,-0.008051042443891387,0,1
0.003218085772817124,-0.00460698303207391,0,1
0.002276677027563622,-0.004099074604567598,0,1
0.002512787173455407,-0.0038837158859861987,0,1
0.002331191149573264,-0.005286064661883194,0,1
0.002489236027752122,-0.006522718899022917,0,1
0.0017376403702641327,-0.008239342156960205,0,1
0.002747315964628684,-0.005874919768641848,0,1
0.0017252674175388053,-0.006117316586698341,0,1
0.0040347766427224485,-0.006480451770964707,0,1
0.0028712577598686818,-0.005938479507406466,0,1
2.7341452202064335E-5,-0.006023062067910054,0,1
0.00423366387269267,-0.004130197852743116,0,1
0.0026650201415655867,-0.004569059016002977,0,1
0.0038539776303385923,-0.004493697693435996,0,1
0.0030141847106127696,-0.003956279333863061,0,1
0.0019448177454673347,-0.003430838340483664,0,1
0.004288584423214328,-0.006799444638284205,0,1
0.0018213415681916014,-0.008344021653803277,0,1
0.00208689166911354,-0.005006434817824306,0,1
0.0035553206298424,-0.005829901783450369,0,1
3.849681774982555E-5,-0.005817048380862964,0,1
0.0032542869888628795,-0.006350639212929621,0,1
0.0027570037267718615,-0.005034500377858462,0,1
0.004169961325291295,-0.00624212960516085,0,1
0.002738098227214393,-0.0045010737652196415,0,1
6.951964533966862E-4,-0.0031076047099702635,0,1
0.0030497340004867896,-0.003685080792770408,0,1
-3.0450793277039063E-4,-0.00293643136588498,0,1
0.003968490180915404,-0.0061082188531064105,0,1
0.0032593526866540787,-0.0046088645770705275,0,1
0.0027413672221789976,-0.0055898289208027455,0,1
0.002486836798351453,-0.005608357887331078,0,1
0.0028099481857833766,-0.00517158862578592,0,1
0.0022548235618710774,-0.005390808670111076,0,1
0.0024038361162647052,-0.00481011667203293,0,1
0.00161005347990044,-0.0025761535862748445,0,1
0.002228298578876473,-0.004297216459433281,0,1
0.002502195200437835,-0.004339860014677535,0,1
0.0028047314138278713,-0.004142907153027764,0,1
0.002671564956098431,-0.0066869987893502835,0,1
0.0034221671635459193,-0.0072031899980392845,0,1
0.0033020197004816417,-0.007199098058976891,0,1
0.0031109791517792825,-0.005822639195350755,0,1
0.0034076299187086774,-0.0038176706341069974,0,1
0.002652173299507953,-0.005590843640909985,0,1
0.0029832305826869637,-0.006274084973359787,0,1
0.0011270569371484992,-0.005409929611800355,0,1
0.005260152555907874,-0.006965889357461604,0,1
0.0028277120373743797,-0.0035540254760075447,0,1
0.0034414413655853085,-0.0011719218437309257,0,1
0.002812036764127315,-0.004157346332351176,0,1
0.004612133399865678,-0.005008055746088755,0,1
0.002754756526669975,-0.005896253115840292,0,1
0.0031443151237495266,-0.006666812413028041,0,1
0.0033654056273488323,-0.005198436366256498,0,1
0.0024207311113240886,-0.0048543743157917815,0,1
0.0038183626636349613,-0.0053810348723304395,0,1
0.002991356028016983,-0.004706294278496436,0,1
0.00329220603815785,-0.004477899604768167,0,1
0.0018069496696275055,-0.00525587634238933,0,1
0.003457048566663031,-0.003511556199937495,0,1
0.002270686947903032,-0.005908091109588449,0,1
0.004414049314131032,-0.006666743373082794,0,1
0.002658929448699309,-0.00615682606063319,0,1
0.002848662966220651,-0.00594767752609823,0,1
0.004006716553420851,-0.005579642470615215,0,1
0.00473951578315596,-0.003330086307850785,0,1
0.004154294041933755,-0.004980562489274399,0,1
0.002839344513852569,-0.004815678042068772,0,1
0.003455025707979788,-0.005463332417023822,0,1
0.0032085391739491583,-0.003921010522476622,0,1
0.002332715398391634,-0.009490123282214017,0,1
0.0029919818377561196,-0.006750339266818403,0,1
0.002757111902735758,-0.005751624948290047,0,1
0.0026531388527600177,-0.0060390345990190145,0,1
0.004337854858559801,-0.0061984202380129735,0,1
0.004579556854417909,-0.004896351665978463,0,1
0.003067134313188044,-0.0046620833841544045,0,1
0.0033788217882951086,-0.004372102379681364,0,1
0.0037210426460859286,-0.005257761389651652,0,1
0.0032856422432193783,-0.0038373152768429583,0,1
0.0032603745553052717,-0.006151827277789729,0,1
0.004991688721328374,-0.004884436618831175,0,1
0.005858167098501895,-0.007097527604002837,0,1
0.003081664353253745,-0.0021080991641094756,0,1
0.003880799330696807,-0.0037126642974573266,0,1
0.0033610662039946634,-0.005108721545786216,0,1
0.003290649521910879,-0.004645255203204726,0,1
0.002600997176955213,-0.0044107211051985585,0,1
0.0036597218010806167,-0.004620713549221795,0,1
0.0030884860213682155,-0.006506237236271792,0,1
0.00228273470924069,-0.007513856690908151,0,1
0.004327276446075179,-0.005641775950944805,0,1
0.0022747163536054296,-0.007735566357136193,0,1
0.0013201914921643755,-0.0022153005106395215,0,1
0.002291864382361281,-0.004898032257927463,0,1
0.002555805775057253,-0.005626375591105284,0,1
0.003246660456625224,-0.004543734678090745,0,1
0.003417594061665259,-0.005754209605317688,0,1
0.002580463865021711,-0.0052463502574132985,0,1
0.00492280987638753,-0.005092404534454652,0,1
0.003976188851304032,-0.005797409720480643,0,1
0.0030498116066072756,-0.003974296201507644,0,1
0.0035808412862637293,-0.0048216418892572865,0,1
0.0021054489066283334,-0.00491500919884766,0,1
0.003314258267763952,-0.004715254230696313,0,1
0.003367837346913255,-0.004519979871112274,0,1
0.004626767817983014,-0.005916932675192487,0,1
0.004129796629832397,-0.0043110429753077046,0,1
0.003911044232242074,-0.005514063623111027,0,1
0.0035665655309373404,-0.005748192402332543,0,1
0.002007655981351623,-0.0054819541648520355,0,1
0.0037118163869721927,-0.005424703941043908,0,1
0.002582363453587358,-0.003976294334413834,0,1
0.004200299805101586,-0.005142530677406105,0,1
0.002949644587423886,-0.00616578910398084,0,1
0.0037127256591990604,-0.0068003377391775855,0,1
0.00419492694604246,-0.0036459180963805556,0,1
0.003452015626935631,-0.005073803376953916,0,1
0.002110154568318595,-0.006042840522003838,0,1
0.004023873411851233,-0.00569715761222,0,1
0.004749413504985813,-0.006575897135717168,0,1
0.003808702276852233,-0.0075799595014957285,0,1
0.004988965807003085,-0.005975964391556901,0,1
0.0011228928003465062,-0.00662342312584236,0,1
0.002955383738689529,-0.005849404547750763,0,1
0.003480002860877863,-0.005215859365696757,0,1
0.003561450428759995,-0.0049300751718398764,0,1
0.0037740999243840363,-0.004876803312220183,0,1
0.004575088306535045,-0.007263332490449714,0,1
0.0028072285100891685,-0.005845733044980366,0,1
0.0023074096089386116,-0.006353709430254705,0,1
0.0033435325193866368,-0.005365218107145211,0,1
0.0038586868418812046,-0.004690252945250416,0,1
0.004918750578304704,-0.0022138916426197495,0,1
0.003365241873368419,-0.007156619068173904,0,1
0.005046446229390042,-0.00645515951733616,0,1
0.004013732099738396,-0.005632176121266193,0,1
0.00426481761196112,-0.0045894537498651624,0,1
0.004065869161854032,-0.0057446060219210025,0,1
0.005065048073003847,-0.0035584893467477583,0,1
0.002055620441924943,-0.006388424053401679,0,1
0.005007424907188775,-0.004598699965588468,0,1
0.004540780108811082,-0.006241686526641658,0,1
0.004170743511766848,-0.004370057104484693,0,1
0.003337284366963407,-0.005180313221803454,0,1
0.00626096771970589,-0.004119062247528944,0,1
0.004173468154284703,-0.005660300318388822,0,1
0.004228678785308501,-0.005362856007558191,0,1
0.002838221485099874,-0.005263719373639198,0,1
0.0027251771184211063,-0.005853963450937814,0,1
0.003576670783457557,-0.006675928178503947,0,1
0.005016945205045196,-0.0051630752812967,0,1
0.0056278612127380915,-0.006569630572989395,0,1
0.005447239696605791,-0.005964275383081081,0,1
0.004137044696892709,-0.005311110917677047,0,1
0.004060178372312169,-0.005755179501099304,0,1
0.005048081386144923,-0.00497851392464266,0,1
0.0038295121366718225,-0.006910874167627601,0,1
0.003493755846682067,-0.007633250852653786,0,1
0.004329918174749287,-0.004885827572365071,0,1
0.005420063076819535,-0.004487270347057324,0,1
0.005098176358760624,-0.005842091180328707,0,1
0.003297066531690963,-0.004764526627040336,0,1
0.0030542339587420315,-0.004712304626329953,0,1
0.0052025627533183304,-0.00539299591348367,0,1
0.0060032361414800095,-0.005836284058183917,0,1
0.005059468972196798,-0.008082873702393087,0,1
0.0047845667785506385,-0.004959049026916024,0,1
0.00583605205096034,-0.0037104234482890123,0,1
0.004332381528143114,-0.003061163031070043,0,1
0.005616155210135006,-0.0048606107285243385,0,1
0.005123705842368108,-0.007046794856522037,0,1
0.00419437329002379,-0.005331056214389679,0,1
8.051691149227574E-4,-0.0037492397631941673,0,1
-0.0010282639591380428,-0.004417975524412136,0,1
4.5496679468480213E-4,-0.0036481719119561442,0,1
1.3361104917050575E-4,-0.003895791790491945,0,1
7.419701040576164E-4,-0.004225134735844146,0,1
-7.149981388932602E-4,-0.0043910782192423505,0,1
0.0010696194570312615,-0.0036310487151953647,0,1
0.0024821362882308986,-0.0013123498592759813,0,1
-0.001109879234290812,-0.004646338765174866,0,1
0.002771898394452866,-0.003985904661102209,0,1
0.0012550452458236906,-0.004335783259894247,0,1
0.0020964463969197263,-0.003771030323051824,0,1
0.0018715380944806243,-0.003649475744013026,0,1
0.0027341586425029037,-0.0025970680800954512,0,1
5.013610775077348E-4,-0.005677182326413728,0,1
-0.0011294262403448246,-0.001944851537710016,0,1
4.333230962330513E-4,-0.004452640482401681,0,1
1.3525125281059437E-4,-0.004721134943163452,0,1
9.038995585799749E-4,-0.005033335550096257,0,1
6.417645592444263E-4,-0.004188903738775729,0,1
1.1829794735175016E-4,-0.003678097193681892,0,1
8.29551216658091E-4,-0.004224695920765897,0,1
0.0016041220466331417,-0.004470779231815312,0,1
0.0023294741371771644,-0.0035632101696780227,0,1
0.002688552006228466,-0.002281015487566892,0,1
0.0016369778470818929,-0.0028343576726757363,0,1
-2.7177180127802047E-4,-0.00434968445522027,0,1
0.0011262510143713632,-0.0047084265304701165,0,1
2.131484004464441E-4,-0.003556446591787418,0,1
0.003958923237139152,-0.004956249405463759,0,1
0.0010968224537490996,-0.004123982468041795,0,1
0.002816614419294429,-0.0038671268914067837,0,1
6.052447056188267E-4,-0.004209621224508739,0,1
9.405664425009891E-4,-0.003957468156296398,0,1
-5.727992425007945E-4,-0.003968012244600015,0,1
0.001959538477442008,-0.00407471957613549,0,1
9.40131589547866E-4,-0.003971185329249909,0,1
0.0017238287765935563,-0.0034057608119916587,0,1
7.520402552988285E-4,-0.0037863494945388765,0,1
-3.701719991100798E-4,-0.0030124585406008523,0,1
8.47247004460052E-4,-0.004169657363400667,0,1
-5.603540597196243E-6,-0.004844066722697708,0,1
3.609634409808502E-4,-0.004440873406132991,0,1
0.0018819612774260658,-0.003520423029323345,0,1
0.0011457746359332442,-0.005695508411549729,0,1
0.001797902159779573,-0.0034775373022951877,0,1
0.0025227971013831387,-0.005932773081342037,0,1
0.0015328423813183608,-0.004218731283642817,0,1
0.0016707379823521816,-0.0019364631431673905,0,1
0.0019282048116332539,-0.004185195581057293,0,1
8.958886865898702E-4,-0.003557252853372387,0,1
4.255654586754762E-4,-0.005194819539412514,0,1
1.9570361436049098E-4,-0.004676142999142991,0,1
-1.7781532890922262E-4,-0.004576741115691126,0,1
-5.001003770635371E-5,-0.004233759540477702,0,1
5.493010740600712E-4,-0.00482790612686358,0,1
0.0017506322965029498,-0.005140379743345468,0,1
0.004395844501996572,-0.002588554425379023,0,1
9.516050642684382E-4,-0.003347414659945551,0,1
0.0029756717310984093,-0.004877899005704477,0,1
0.001931913000546105,-0.00458139097605292,0,1
0.002464392591913005,-0.005489853603281859,0,1
0.0019265601807962561,-0.0053878504512508505,0,1
-3.524780040775122E-4,-0.004776624085430697,0,1
0.0015331334341505314,-0.005228170329920031,0,1
0.0024485498610604386,-0.005167164027727622,0,1
0.0015099040722533067,-0.003909900241749478,0,1
0.001501184969358488,-0.004076136798230945,0,1
0.0017235085179087895,-0.005210372478647374,0,1
0.0011912806018189977,-0.004455908750968254,0,1
0.0011870208312411087,-0.003685868683034521,0,1
0.0020887683436355523,-0.004131429582954385,0,1
4.3821009052674134E-4,-0.005411195363800194,0,1
4.684171080532398E-4,-0.004943495903547301,0,1
0.0023189955657348864,-0.004822693657995503,0,1
3.1616328761240586E-5,-0.001974885297824,0,1
0.003047651741912384,-0.004261463898536335,0,1
0.0011678736041098965,-0.005232742055400813,0,1
0.0016437770664348961,-0.006851895490426378,0,1
0.0011445177282932352,-0.003345297049261197,0,1
0.0016536031711311665,-0.0035946756667729093,0,1
0.001368456968595756,-0.004692194533976052,0,1
0.0028375972742683236,-0.004588940740045036,0,1
2.0481074225888076E-4,-0.004883643089690001,0,1
4.4529615990652197E-4,-0.004881403445446407,0,1
-4.578533968937387E-5,-0.00472314812794942,0,1
0.0018158135997216071,-0.004419393325849569,0,1
0.00264134064431593,-0.006910212026628266,0,1
0.0028498902079208952,-0.008062751910246801,0,1
0.002590859199238364,-0.0044164276186998645,0,1
0.001284189699625543,-0.004924475997528508,0,1
0.0029736856245492047,-0.004193952045216846,0,1
0.0015852088653481383,-0.004503912122287088,0,1
9.439692332577024E-4,-0.003962619054715703,0,1
0.0020386488949455657,-0.005529349281912554,0,1
0.001967896880022205,-0.007648856638310693,0,1
-1.789728157715075E-4,-0.004999616439356175,0,1
0.0019411029419302496,-0.004454340549001513,0,1
-0.0011572745349268574,-0.005473331652416165,0,1
0.0012352629512360756,-0.0038903734819665946,0,1
0.001449579759572405,-0.004289756823920378,0,1
0.0022570507329895736,-0.002011664478494395,0,1
0.0027197812953553015,-0.005543962584155093,0,1
0.0015487115399026486,-0.0059177794446178735,0,1
9.250443820014048E-4,-0.004170677209813843,0,1
3.236503541312921E-4,-0.0045797880048106514,0,1
0.0011505686673626862,-0.004737944469591646,0,1
0.001335550413844813,-0.0030235357981261025,0,1
0.001907118649479933,-0.004486770240084793,0,1
0.0017669748573221193,-0.005051595571036199,0,1
2.663231683508573E-4,-0.002893538006680432,0,1
4.735891155565666E-4,-0.00705468755133814,0,1
6.072562251634544E-4,-0.004415152204576857,0,1
0.0018666838500407796,-0.004353558629212531,0,1
6.238237975117212E-4,-0.005061257053737338,0,1
7.031769794715139E-4,-0.00470667237000463,0,1
0.0014764382004894654,-0.004840910264698597,0,1
0.001786696195133619,-0.0034738177058583172,0,1
0.0014857306614676367,-0.004133064382824405,0,1
0.0017167167677706514,-0.004149077719687848,0,1
7.8694976669485E-4,-0.006325949215008358,0,1
7.100691945491763E-4,-0.005610119708861729,0,1
0.0010465938920460824,-0.005137203487549247,0,1
0.0015313922610884437,-0.0052039184616504315,0,1
8.292999333807529E-4,-0.005028145492518821,0,1
0.0013115130209792204,-0.005521106676685984,0,1
0.0025316281092851484,-0.005054570671656138,0,1
0.0016056940736563774,-0.004807226425049053,0,1
-9.48588799883851E-4,-0.0070577319389074295,0,1
6.049246403263788E-4,-0.004794158506656476,0,1
0.0010002159722744184,-0.006159711400678165,0,1
-9.107543042425255E-5,-0.0031927172896626674,0,1
0.0015018910670500706,-0.005064317784650513,0,1
-9.606045952960619E-4,-0.004295473684525461,0,1
0.0013813172849340032,-0.005414060160307395,0,1
0.0018846548206217426,-0.00495182229529782,0,1
-2.9685686361760415E-4,-0.005709803791929345,0,1
0.002040158163868399,-0.005980985475235709,0,1
6.407950816029062E-4,-0.005414852852799058,0,1
-4.4288537244957824E-4,-0.003951853809062142,0,1
6.092549055464698E-4,-0.00555974564805619,0,1
0.0016338430021725222,-0.004977350599324703,0,1
0.0013834946793526153,-0.004866470871116912,0,1
0.0023100999720014666,-0.005427236932447909,0,1
0.0014293698922572243,-0.003395672679373237,0,1
0.0012188127866547677,-0.005474531791438367,0,1
0.0027613832466838813,-0.004121607710572869,0,1
0.0012309739791874872,-0.006529280133411901,0,1
-2.43833020517276E-4,-0.005842731443490102,0,1
-5.511261179083244E-5,-0.006467713121296933,0,1
0.002406897395303584,-0.0034163525802012804,0,1
0.0012747712521228624,-0.005199657017736662,0,1
0.0011734877814108995,-0.0037925142924648456,0,1
0.003022374634897099,-0.0050454739092846,0,1
0.002252852914959057,-0.005366856519928108,0,1
-3.6655486754392933E-4,-0.004293627856261941,0,1
0.001785222899210525,-0.004981291436935712,0,1
3.7513263635762884E-4,-0.006768172615024805,0,1
-0.0011810620046998023,-0.005020273356999715,0,1
0.0020681222998812053,-0.005475523451607849,0,1
0.0018045014329738087,-0.00548345513100137,0,1
0.0028149445786277536,-0.005915706069169736,0,1
6.482447090193276E-4,-0.0018863564636754514,0,1
4.3122762841746077E-4,-0.005636500517519322,0,1
0.0013695724769491049,-0.0055985845080280625,0,1
0.001986328935888464,-0.005481287875563698,0,1
0.0035046766743485154,-0.0058571541251525375,0,1
0.0027064987794811033,-0.005765087411514855,0,1
0.0019274135501181006,-0.006516991188960665,0,1
0.0026501097788063427,-0.0062772037282133805,0,1
0.0014604254744484699,-0.0058122511056956025,0,1
8.166274959609846E-4,-0.004651774787437588,0,1
0.00223568886790222,-0.006094033629545731,0,1
0.0021451415193979454,-0.005688070864502409,0,1
0.0014078969310033261,-0.0057674736236629455,0,1
0.001122490034067031,-0.005644914434052294,0,1
0.0011614618453554713,-0.00736968722657868,0,1
0.004308272761264934,-0.005568238459930364,0,1
0.0016971673326964464,-0.006075044816785962,0,1
0.0018577164044468644,-0.003129937629804761,0,1
-2.956518120202056E-4,-0.0062320853288869195,0,1
0.0015735218479739133,-0.006410878169018216,0,1
0.0017306899223875928,-0.005601071551446,0,1
0.0010809731446133528,-0.005115176465855267,0,1
5.72399082021066E-4,-0.005204330312238154,0,1
0.0016528768164691871,-0.005528465075611714,0,1
0.0014360847805639867,-0.006241154164522069,0,1
2.879899047222751E-4,-0.004641660511067394,0,1
0.002641957429186213,-0.007392176629668338,0,1
0.0020541637102694,-0.006093733148690803,0,1
0.0024160843935840705,-0.0062333759874768305,0,1
-6.318382364683832E-4,-0.005215442821894025,0,1
0.0010230728230349062,-0.0074582737536916174,0,1
0.0023688097952311847,-0.007768239970890314,0,1
0.0012755908240577667,-0.00785796159975392,0,1
0.002029298554264275,-0.0055868192189709375,0,1
0.002107699376691478,-0.005198635428528466,0,1
0.0012680714505346029,-0.005993158207058145,0,1
0.0031236075150968593,-0.004771500979932239,0,1
7.838834450947935E-4,-0.007611828920880504,0,1
-0.0020393251414591775,-0.0031338106650949187,0,1
0.0028052066802793617,-0.002072288461953902,0,1
0.002263554132773213,-0.0033424310611022126,0,1
0.0037610020663579294,-0.004850012642156306,0,1
0.0045803203027003445,-6.208547914738084E-4,0,1
0.003722021280109698,-0.0031118998960190246,0,1
0.0028283214384094693,-0.0019320710139639036,0,1
0.0029685175650258334,-0.001846255960780905,0,1
0.004212402251489001,-0.0019345888700015722,0,1
0.003632968869819991,-0.00178421556723856,0,1
0.003832245132717193,-0.003545286662123611,0,1
0.005530703015777949,-0.002775991571093927,0,1
0.003718505978077333,-0.0023327336030271126,0,1
0.00467663332351632,-0.0022830634338713925,0,1
0.004336529402584457,-8.126089219374843E-4,0,1
0.004692158843990548,-0.0020319517530838264,0,1
0.003995909527997379,-6.905662295651121E-4,0,1
0.004606897936928252,-0.0019386274840758186,0,1
0.003344035363264107,-0.0015355848206685082,0,1
0.0021283061516185102,-0.0027931985040448785,0,1
0.0017512262551660515,-0.0036500520694260326,0,1
0.002505722637131078,-0.0029778757733516176,0,1
0.0024783496768781164,-0.0025159517384207254,0,1
0.00643266063417661,-0.0026563150366794544,0,1
0.0025101664003423577,-0.005334479523253467,0,1
0.0023428422018784926,-0.0012427810499810452,0,1
0.0037160166069492586,-0.0029225490351763254,0,1
0.0033383942176464106,-0.002366176310837405,0,1
0.0038626541543924225,-0.0022519858630102316,0,1
0.004172670715334433,-0.001037583324501346,0,1
0.004611045576952256,-0.001646157331113268,0,1
0.004240136013402736,-0.0026101382553413805,0,1
0.004479837065697405,-0.0019947437723686337,0,1
0.006718596004047973,-0.0012334813907115911,0,1
0.005074598125521231,-0.0028615205922330575,0,1
0.006346315904373906,-0.0011537556551548258,0,1
0.005744361281764497,-0.0020193183871362475,0,1
0.002368375573716111,-0.0024787979535633607,0,1
0.00345693412453855,-0.0036396173940022062,0,1
0.0028567179682069664,-0.002930942599540179,0,1
0.0027679590903507975,-0.0034597365656558903,0,1
0.0035656390560324315,-0.002199755714904511,0,1
0.0032196778158761633,-0.0031974054526310134,0,1
0.0029556907251486364,-0.002490970278702097,0,1
0.004413964087233945,-0.0020287415357202352,0,1
4.1031869444194244E-4,-0.002294046301013016,0,1
0.0036577328181628494,-0.0026547002610817906,0,1
0.002495507016667842,-0.0015421802841248302,0,1
0.00447380342352127,-0.0036750219594802384,0,1
0.004762884522845998,-0.0024100318423086837,0,1
0.004805551162258901,-0.001964540647279204,0,1
0.003339964322694022,-0.001053727455367133,0,1
0.00498913460524197,-0.001939807920591004,0,1
0.00518328723033761,-0.001249565959001407,0,1
0.005549874572890074,-0.0011495301623573742,0,1
0.0023742755495798854,-0.003226360523247309,0,1
0.002445714539245096,-0.0032557327537072007,0,1
0.002624390272522689,-0.004515110317785871,0,1
0.0031215879956971717,-0.004282294388773186,0,1
0.003975163906916887,-0.0022555126672712806,0,1
0.005553840390229918,-0.005218807463444596,0,1
0.003013088376676988,-0.003777842365892293,0,1
0.0036393089995786928,-0.0025188993216088917,0,1
0.006321148061321321,-0.0019505505568235921,0,1
0.003461085610207056,-0.002235102531222462,0,1
0.003962243879719762,-0.0021827578679292506,0,1
0.0027777685656460863,-8.670678515605749E-4,0,1
0.00310941454982965,-0.0018411385467899711,0,1
0.0053491970589368,-8.404287264175936E-4,0,1
0.003702866214487777,-0.003542195189284594,0,1
0.005640406042573689,-0.00421711342337663,0,1
0.005234498321468511,-0.0019625985778847187,0,1
0.0016952011997574126,-0.004446055345326004,0,1
0.002328590121823664,-0.0029368789434641046,0,1
0.0028867814676318934,-0.004389365859468143,0,1
0.002224617733094398,-0.0028098601286310008,0,1
0.0034355356929563993,-0.003162082660746457,0,1
0.003580365319182738,-0.003029554669170605,0,1
0.003607519368072013,-0.002845914712979461,0,1
0.0017604543117653102,-0.004485067939549934,0,1
0.0043101691282733745,-0.0026968499915987075,0,1
0.0050333195194493,-8.492613435591661E-4,0,1
0.004775970554879438,-0.0019485491563959916,0,1
0.004677022660775999,-0.0022695986370946763,0,1
0.006911496753553952,-4.511097265893728E-4,0,1
0.005062454563767437,-0.002076774141658005,0,1
0.004406566179532884,-0.002012477267098696,0,1
0.007409429890974283,-0.0023463065595565303,0,1
9.806576675022046E-4,-0.0031624826800417056,0,1
0.0026413854125227447,-0.004436732189919593,0,1
0.002389227935593658,-0.0034999685767608496,0,1
0.0016554681358452253,-0.004173765072090527,0,1
0.003012952247915819,-0.0027608970499033913,0,1
0.0030795406894216968,-0.003608068509820974,0,1
0.003808257860009048,-0.0035959041926626454,0,1
0.0033288243179761617,-0.001863435531240522,0,1
0.004194135609082939,-0.002792870666145795,0,1
0.005189165763826007,-0.002612140034696782,0,1
0.004813278045424515,-0.004433534237601845,0,1
0.0050203189419920306,-0.0024225961617651325,0,1
0.004644447084124702,-0.002357957624971733,0,1
0.005760827683550394,-0.002359639291068581,0,1
0.005879373539911298,-0.0030690798589524614,0,1
0.005331771894902609,-0.0021251503656226993,0,1
0.002759692842222177,-0.0036294446366594286,0,1
0.00236030462423102,-0.0022574006159349572,0,1
0.002655216212028695,-0.004533771244126484,0,1
0.0033762100227776714,-0.0034351131244361186,0,1
0.0026633537823166336,-0.003764706503682973,0,1
0.0034983922790418967,-0.00326055663469011,0,1
0.005494141629682644,-0.0011244778354780722,0,1
0.004420103411827045,-0.0030163143611692173,0,1
0.004139942484233093,-0.0030155428038624744,0,1
0.0038962164676544057,-0.002539252810688952,0,1
0.005020373590718256,-0.0033111859723676646,0,1
0.004740180899971931,-0.0031662157371280357,0,1
0.004256509976399927,-0.002296858433259302,0,1
0.005301057108889268,-0.0037333257679539136,0,1
0.00435368809769233,-0.002611594152010538,0,1
0.00570731077159152,-0.002132730059523057,0,1
0.0025643249202727332,-0.003430051775102192,0,1
0.004191178332906178,-0.005725516430468394,0,1
0.0034419097713538813,-0.003253097381652288,0,1
0.0029077131673844797,-0.004148770758112224,0,1
0.0032241533433597794,-0.0032062519842232357,0,1
0.0039496636880628,-0.004234062987631853,0,1
0.002581442884455215,-0.005413464861393525,0,1
0.0038963020646616505,-0.003377712777236227,0,1
0.004265573903798519,-0.002276100749175018,0,1
0.0032083879658954114,-0.0059486493312840266,0,1
0.003883028530099965,-0.0021925891316222626,0,1
0.004545145337617817,-0.0026884625962845113,0,1
0.005489968415508751,-0.0037423998047428856,0,1
0.006124164204278747,-0.001983424455481903,0,1
0.005169694139942643,-0.0023931607631927864,0,1
0.003489832435801155,-0.004034329402870744,0,1
0.0027992909935556187,-0.0036679981148272645,0,1
0.0034154014426475325,-0.00430010877797446,0,1
0.004377267295699564,-0.002555919263388405,0,1
0.0029400116391358417,-0.003629510117793168,0,1
0.0020677623352270214,-0.001549315576760288,0,1
0.002222145773542635,-0.002606805013444272,0,1
0.0037813912453248783,-0.0012223720266136293,0,1
0.0023466918149734222,-0.002968293047831883,0,1
0.005146445268302515,-0.0024959838388635123,0,1
0.0035864821867454193,-0.003042450783830877,0,1
0.0048481743774125285,-0.0031414396774473467,0,1
0.005157089906652792,-0.0031787961405929685,0,1
0.00615513146190801,-3.190388490052587E-4,0,1
0.0025035768787827475,-0.00349580432568394,0,1
0.002994075878348568,-0.003565099586759082,0,1
0.0034434452709094774,-0.0036437099114917148,0,1
0.0034498922642770932,-0.0025888038753098946,0,1
0.002962507089105929,-0.003329621062752933,0,1
0.0033089061177878306,-0.0036845734008702736,0,1
0.0038128675052693495,-0.0034546015853619406,0,1
0.00374354596808524,-0.0024379493892762666,0,1
0.003997439600568516,-0.0049757984982151,0,1
0.004254253767351575,-0.003928690307346557,0,1
0.005361864687597574,-0.002874438469659607,0,1
0.0050213834874621695,-0.0014529016220734378,0,1
0.004597532875577777,-0.002572476654192683,0,1
0.004231909444300993,-0.0029928622134336507,0,1
0.002767097254990331,-0.0039271305497789715,0,1
0.004068653615815263,-0.004825669898989564,0,1
0.0030528128515838887,-0.003371611417812822,0,1
0.005636881931459955,-0.0011677791644814554,0,1
0.0037142695365336,-0.004216109311666972,0,1
0.0037074922649070093,-1.4104158953814699E-4,0,1
0.0038728197785842227,-0.003653909794930642,0,1
0.0038898722809207658,-0.0034733677945551693,0,1
0.0039285359931378805,-0.004409045774189302,0,1
0.004459718154627939,-0.0029602365032214257,0,1
0.004816654991443667,-0.0056365366079388565,0,1
0.006832425826397312,-0.005239902000994594,0,1
0.005268036481458439,-0.004407462181663739,0,1
0.0049854132228930115,-0.0024675859886482865,0,1
0.0037684741886504086,-0.00508444188325264,0,1
0.0031720921614777956,-0.001835122370304882,0,1
0.0028431240502991765,-0.00293621883565768,0,1
0.003262299994761213,-0.0027856162273426407,0,1
0.006293063212885021,-0.0034291983475776924,0,1
0.004116576903490438,-0.0030558240705938883,0,1
0.0040904477908082935,-0.0028373192637046844,0,1
0.003955412375949274,-0.0032010839571129613,0,1
0.005677603062672091,-0.0024507802268734446,0,1
0.004726789969814167,-0.0020766545299248595,0,1
0.0062718077405360916,-0.00336811338075436,0,1
0.005166738737471818,-0.0022184336555618285,0,1
0.0046364944500044865,-0.0023244282872497643,0,1
0.003652824775623784,-0.004201164659343261,0,1
0.0030847949559430587,-0.003988501510655792,0,1
0.003280319361598631,-0.004494239017535442,0,1
0.002676248091039296,-0.0032399005958608797,0,1
0.006445233955153189,-0.0026952221190664487,0,1
0.0034178424001896192,-0.00222206923662272,0,1
0.0035375167679590094,-0.004416982536166164,0,1
0.003561870281518842,-0.005592579784909644,0,1
0.00781338998300225,-0.0029552245020061387,0,1
0.004826079805147901,-0.002417617672755532,0,1
0.005195601061912276,-0.0027473001774381404,0,1
0.003347385033760931,-0.0033008767278576,0,1
0.0055678322448889294,-0.002232725587772899,0,1
0.0030592712210894533,-0.004013154094382291,0,1
0.004494089020095028,-0.0030542847500318873,0,1
0.00509924087096511,-0.0036222192173806715,0,1
0.003822766629164814,-0.0037576987212612567,0,1
0.0038938000274119497,-0.0036169466082909647,0,1
0.0035290310671267358,-0.005019963580454884,0,1
0.00456926551526054,-0.0028223688309634873,0,1
0.0025742015800468113,-0.004064847717375517,0,1
0.005912766804897284,-0.005496040478111141,0,1
0.0051738763982503485,-0.002501403245030776,0,1
0.005671655068520978,-0.003813162904171475,0,1
0.0021525220317607603,-0.004292331464493294,0,1
0.003564244655754404,-0.0035826310601549086,0,1
0.0036478387672091426,-0.0032144275618754057,0,1
0.003720559451269373,-0.004120962641148537,0,1
0.0033097903855176638,-0.0033718421431898167,0,1
0.0049229957170314875,-0.003663249612316182,0,1
0.004201209428479347,-0.001984529550228004,0,1
0.004228828938599563,-0.002782021676955381,0,1
0.004901131548479041,-0.0033853905612283622,0,1
0.005644024283105085,-0.003308206668391622,0,1
0.004958344912033889,-0.001426383603515258,0,1
0.007256830910721842,-0.0033298987385565726,0,1
0.00311479334201092,-0.005212643620831117,0,1
0.004463560198130615,-0.003899709156379059,0,1
0.0034551299348174035,-0.0027650366950785644,0,1
0.003636818426537126,-0.004184054838430501,0,1
0.0040734289452461995,-0.003474001322754,0,1
0.0035106892801328787,-0.004144300498414405,0,1
0.004572853004295091,-0.004547768542685566,0,1
0.004573884810752319,-0.004006584047301403,0,1
0.007201990641000691,-0.006392719508324037,0,1
0.005725231865159717,-0.0042838304851815,0,1
0.004731993015278122,-0.0031799114379047694,0,1
0.004895701110077497,-0.0050061045798196245,0,1
0.002688789203984154,-0.003206761765390143,0,1
0.00472620732951101,-0.004830197536730016,0,1
0.004071001702807809,-0.004870477065394183,0,1
0.004006163113265068,-0.003861872105263106,0,1
0.004670253599364962,-0.0027734127732936603,0,1
0.0033913024090119,-0.004184619867984644,0,1
0.0036221168730322375,-0.003534098114048769,0,1
0.005265568990733295,-0.002368264817715166,0,1
0.0037299197880600534,-0.005774083974199928,0,1
0.005022093467445746,-0.0036142630817495264,0,1
0.003594759576813888,-0.004262008164816961,0,1
0.0035320265746077895,-0.0043461392643705495,0,1
0.004702901075648865,-0.004618936103363794,0,1
0.0039184865656187754,-0.00379911123063652,0,1
0.003115262505979201,-0.0043171440849911575,0,1
0.004176140706779447,-0.0032476027628896547,0,1
0.0047462803463753185,-0.003184245597189698,0,1
0.004265341460789294,-0.0038600874473458794,0,1
0.0048341749312923454,-0.0033967620892873594,0,1
0.005310278614484932,-0.0034787648686005063,0,1
0.005983554765647389,-0.0018322938759367541,0,1
0.005084852847551765,-0.0028736288465798857,0,1
0.004684659232895664,-0.004149120412559184,0,1
0.003183972430857453,-0.003654730277936118,0,1
0.004438372309673026,-0.0040531935298320065,0,1
0.005930779705332289,-0.004378603187963449,0,1
0.004390878558409904,-0.006605416902309436,0,1
0.004474377740896947,-0.003878870206627985,0,1
0.0058417457049531885,-0.0036099074595436305,0,1
0.005083010666851986,-0.003631399236427633,0,1
0.0031052613164036956,-0.006560657078214286,0,1
0.004567530088574323,-0.004232381432275151,0,1
0.0038260213730572337,-0.004240468618879631,0,1
0.004624976839734636,-0.0036057002810173018,0,1
0.004310054330534768,-0.004144274610694478,0,1
0.00506242962800181,-0.0025879509147604314,0,1
0.004865387412512618,-0.0042716310073269885,0,1
0.005816578977892699,1.2923341073202604E-5,0,1
0.0057772173695743575,-0.003960343569398907,0,1
0.001948382764501026,-0.0014896270356487395,0,1
0.0024613944483497297,-0.007353518792785986,0,1
0.003292225205675955,-0.005096891866911321,0,1
0.0038331948975609104,-0.004509264516757877,0,1
0.0038619523760880545,-0.004327000133354699,0,1
0.005622043925159482,-0.003955578933396083,0,1
0.007364084525737743,-0.0021782592758495052,0,1
0.004454064341701376,-0.0032087586412689524,0,1
0.0021048445560176727,-0.007598738087323045,0,1
0.004743402139150291,-0.006768732954939788,0,1
0.003547966529694729,-0.004389364311722801,0,1
0.005384652887392,-0.004463043111657119,0,1
0.003038355423847871,-0.004686169401457369,0,1
0.0067466655668638985,-0.006274142785628947,0,1
0.004646216390729103,-0.00398269306885747,0,1
0.005220972004199624,-0.0037079954464640345,0,1
0.004946864906097333,-0.00552515317552307,0,1
0.004083766971757802,-0.004218198531143896,0,1
0.005068473714649039,-0.00556804816472626,0,1
0.004388966531763119,-0.0038064055203181307,0,1
0.005184552503690519,-0.004148432349376847,0,1
0.006617872718936449,-0.0036821009831981837,0,1
0.004477008220614941,-0.004132829704292995,0,1
0.00521070534092994,-0.0038953171077777066,0,1
0.004754856881263909,-0.005496306544662906,0,1
0.003295877317059064,-0.004098678182291303,0,1
0.004351911765704433,-0.004521108809258313,0,1
0.0044837736568196914,-0.004123194455627903,0,1
0.004492764125544857,-0.004022977572300689,0,1
0.004437956939919461,-0.00361167685393232,0,1
0.007352442552698738,-0.0020651636524147182,0,1
0.003950333654755293,-0.004596283882230732,0,1
0.005119433458517016,-0.004421839298773299,0,1
0.004677265304457187,-0.004605739404902989,0,1
0.0055367739032822424,-0.0034410268167612726,0,1
0.005627680981585954,-0.0051020918470821635,0,1
0.004247948000716492,-0.0032783626687961343,0,1
0.004837721500415914,-0.004453760546728024,0,1
0.0036283762646418987,-0.004399418733767499,0,1
0.0036057067976825907,-0.005010632600383717,0,1
0.00451572823951478,-0.004646413575799625,0,1
0.006468539726961407,-0.004949276212880853,0,1
0.006564192854298598,-0.005324132303957775,0,1
0.00504096467583235,-0.003917410399359124,0,1
0.004086696795333449,-0.004429110626475477,0,1
0.004603270899502885,-0.006335625975378369,0,1
0.003959295811546133,-0.004326660376051394,0,1
0.0032682576449103336,-0.002494761548799568,0,1
0.003492861354727716,-0.004572957659752082,0,1
0.0052901003797248694,-0.006166967248584604,0,1
0.005177676389829455,-0.004129758721759897,0,1
0.004499821004562539,-0.004984436948516735,0,1
0.0034987890815268907,-0.00505912900689431,0,1
0.0048969949748911504,-0.004675691222761467,0,1
0.004882768257224865,-0.007817215076546893,0,1
0.004774839419788221,-0.004359628168996354,0,1
0.005110547700252395,-0.006030840382269565,0,1
0.004253772006911916,-0.004177617223185479,0,1
0.005541111332774392,-0.0055085210516220015,0,1
0.007000221219880814,-0.004841287589574827,0,1
0.004505090391750485,-0.0051012682743206555,0,1
0.0045266929877974685,-0.005220032053450663,0,1
0.00456148149679758,-0.004805693467202758,0,1
0.008127462735829942,-0.003768016888339414,0,1
0.004897711082307004,-0.004844623814043276,0,1
0.00586968296741087,-0.004554960415455541,0,1
0.00453172906544588,-0.004219290897503104,0,1
0.0068898735981577355,-0.007523611119715503,0,1
0.006192236925367877,-0.005521136117352394,0,1
0.006164695283801988,-0.0036005852011738028,0,1
0.006062266290844798,-0.005371263366944725,0,1
0.004676991881587582,-0.005782337055158173,0,1
0.004833495373898619,-0.005264651398777362,0,1
0.004842049579238797,-0.0060399890048607715,0,1
0.004180129608450646,-0.004463261874231337,0,1
0.004998085313971239,-0.005274555284738666,0,1
0.005233523386846104,-0.006496723734185699,0,1
0.006283608822824107,-0.004767725834973855,0,1
0.004572473557197095,-0.005559205635415995,0,1
-4.916026070179297E-4,-0.003785813880158869,0,1
-6.51944688638078E-4,-0.00297440215225231,0,1
-3.509143310492239E-4,-0.004130664492164167,0,1
-2.6627188227489615E-4,-0.0037173748395073485,0,1
9.762143791647442E-4,-0.00440761870904377,0,1
-8.135612090572154E-4,-0.0032007605823644943,0,1
1.0284415387170957E-4,-0.006910800034669156,0,1
-6.484938714721664E-4,-0.0019367823842994622,0,1
-0.0018716256382057068,-0.001982167431479833,0,1
-0.0038195588497427417,-0.0040334130579422894,0,1
-0.0010609611561697744,-0.001609454760685703,0,1
-9.717661729318628E-4,-0.001962727593647391,0,1
-0.0011941750824074166,-0.0019076206508930075,0,1
-5.781789417614791E-4,-0.0030099116232290943,0,1
-0.0017791822210747993,-0.004357837642614867,0,1
2.1924625228252997E-4,-0.004643272239329309,0,1
-0.0020054136082262833,-0.0039519169808699085,0,1
-9.224376283020751E-4,-0.004025568080617428,0,1
-6.129265604022496E-5,-0.0038394354722173975,0,1
8.090309464391378E-4,-0.0022988918217988572,0,1
-9.564017212117957E-4,-0.005778359585527059,0,1
-5.968217892517889E-4,-0.0025690854548971608,0,1
9.91848555172779E-4,-7.258402344310305E-4,0,1
4.3774633744306685E-4,-0.0025870442630783782,0,1
-1.2658918363766405E-4,-0.002304568563973125,0,1
0.0012841526494206865,-0.0021672681906901897,0,1
-0.0011668209696250723,-0.0016703603591994413,0,1
3.4773775484925947E-4,-0.004222414423897983,0,1
-2.916868787043831E-4,-0.0023523286289146095,0,1
-0.0021568025490329877,-0.0043312110262524114,0,1
2.7252041167092115E-4,-0.004331222079071854,0,1
-0.0017373017097769804,-0.0034068551826075323,0,1
-3.136838364194501E-4,-0.002620753835236348,0,1
2.5314924491772617E-4,-0.0027720421169605794,0,1
-0.0011389414675855413,-0.003809816379598126,0,1
-4.6965017761870696E-4,-0.0032590930620839246,0,1
-4.463044085848979E-4,-0.004610656581439761,0,1
-7.384827543892937E-4,-0.0011426716469335847,0,1
-0.001642617750602989,-0.0019976782460367822,0,1
-2.1299810158128518E-5,-0.004413854581222015,0,1
-4.1042225245901894E-4,-0.00440495007811429,0,1
0.001634127676676841,-0.0051076761292387545,0,1
-1.9751147614122355E-4,-0.002435716057293523,0,1
-5.62489371092156E-4,-0.0022599298433298638,0,1
1.9260734380021524E-6,-3.0577536836942203E-4,0,1
-3.992868993999062E-4,-0.0026506897816525156,0,1
0.0015117500761248589,-0.003718942392394962,0,1
-6.773151324457618E-4,-5.876834549579735E-4,0,1
-4.891952027668307E-4,-0.0025682396716313538,0,1
-0.0023862723432868447,-0.0013942033332212077,0,1
-5.905712892149346E-4,-0.001233904524620648,0,1
1.2624447348218512E-4,-0.004895998196706208,0,1
-8.466531527834507E-4,-0.003918418743654463,0,1
-4.443653081187337E-4,-0.0036653264636734616,0,1
-6.042313722326343E-4,-0.0036889911629977112,0,1
-0.0011098305542415934,-0.003269778064847695,0,1
-0.0027566220452250813,-0.0012612196563360862,0,1
-0.0010578062315330459,-0.004423850492013014,0,1
-0.0016713076317735151,7.156161806097709E-4,0,1
-5.564702544434612E-4,-0.0024611154088475663,0,1
-6.472428273835096E-4,-0.0021446884835223624,0,1
7.956857786132606E-5,-0.0026418219710028323,0,1
-1.586075055259338E-4,-0.0014275120020473542,0,1
4.790589020762718E-4,-0.0031636695298523534,0,1
0.001246470143561794,-0.003955044339813938,0,1
5.256310175198236E-4,-0.0032544539442659155,0,1
-4.5962242391065536E-4,-0.0048582809640699155,0,1
-5.906106798171013E-4,-0.004344658514299658,0,1
-0.0026246134331858084,-0.0019738008957063576,0,1
-1.8189470208711424E-4,-0.004018354355562948,0,1
-6.930698211701343E-4,-0.002950601150068052,0,1
-0.0012306975991672462,-7.239366851594302E-4,0,1
-1.0284900421239565E-4,-0.003431823154056611,0,1
-6.900632891884794E-4,-0.0017880067396885916,0,1
1.9807433552167516E-4,-0.00397075215530389,0,1
6.81496264794084E-5,-0.00381196934169941,0,1
-8.755621528236519E-4,-0.0042482375928671575,0,1
4.081053823966136E-4,-0.00380096451889816,0,1
-6.704424064044848E-4,-0.003669552207546586,0,1
4.398554408575904E-4,-0.0029202036309722316,0,1
9.935863838563368E-4,-0.003436960330872247,0,1
0.002197217108154078,-0.003109622646918861,0,1
-1.2528833262087131E-4,-0.0022206862018363215,0,1
-3.8799261982058015E-4,-0.0017957573799508443,0,1
4.8131324450440276E-4,-0.004108716065061827,0,1
1.613489992850365E-4,-0.003762567777163918,0,1
-2.9201494818629033E-4,-0.00392976420433462,0,1
-4.082643655727894E-4,-0.003603311000550664,0,1
-0.001486456171939247,-0.0027723357896871467,0,1
-1.417098612141354E-4,-0.0028416922477825265,0,1
-6.205981212077515E-5,-0.0027437349261470304,0,1
0.002556109685390151,-0.0019287390656334722,0,1
-0.0010910915553844014,-0.0010174754030803693,0,1
-0.0013463917400531214,-0.0017050925598204533,0,1
-0.0012812558234285782,-0.0010383229542435368,0,1
0.001138628092268066,-0.0032223195442720232,0,1
1.607659199505552E-4,-0.0034700668219149284,0,1
-3.2914250954357453E-4,-0.002451230491405939,0,1
7.792868702468431E-4,-0.0025692951035942656,0,1
-7.859448858248794E-4,-0.0022368088820628592,0,1
-2.0116139365513892E-4,-0.0026420407811167225,0,1
-1.0530858258972663E-5,-0.0031742984013343983,0,1
6.353643497335903E-4,-0.00270397217633381,0,1
-7.859058465868298E-4,-0.0024396133512740283,0,1
-4.128052929321484E-4,-0.001923007558196827,0,1
1.4356975592966248E-5,-0.0039955348485156755,0,1
2.740740698197044E-4,-0.0037435157730231054,0,1
-2.6210054194262953E-4,-0.003354964411876277,0,1
7.789087453612596E-4,-0.004339177795238143,0,1
-1.8490983277502082E-4,-0.0032539834871762366,0,1
9.974927732813224E-4,-0.0014990673458619812,0,1
-2.3069463131654007E-4,-0.003556431539567316,0,1
-5.042187231275869E-4,-0.0023457650904499883,0,1
-3.306958420959803E-4,-0.0020346032906542934,0,1
-0.0011131979334924262,-0.004106321088426977,0,1
-0.001634655024843791,-0.003242593370720415,0,1
0.0028155321484047984,-0.0019906608301432384,0,1
-7.512638654866689E-4,-0.003244319943815331,0,1
-1.9501753504434964E-4,-0.0026857171730008994,0,1
6.051312341164542E-4,-0.0030402440234253455,0,1
-5.747984020598679E-4,-0.0034274350528751643,0,1
3.649360355732835E-4,-0.0026557706726448695,0,1
2.884226923586959E-4,-0.0022315879305719144,0,1
6.079838377987413E-4,-0.00400838601794719,0,1
8.529907370905994E-5,-0.0038596651226052952,0,1
-0.0013992934031591636,-0.004266204058405697,0,1
-0.0016078960987831068,-0.00224178288288913,0,1
9.57644928965663E-4,-0.00426534755372765,0,1
0.0016438378362985916,-0.0019317705658100316,0,1
-3.397971734638297E-4,-0.002843426282010283,0,1
-7.657374626074198E-4,-0.0015283247414749487,0,1
-2.31574075280102E-4,-0.004442416460145992,0,1
9.927477255781466E-4,-0.0035213806588017217,0,1
-5.648273089404806E-5,-0.004421299219509587,0,1
0.0012688108380180464,-0.0038882756115493655,0,1
5.395884584650112E-4,-0.002914072431391505,0,1
0.001041422500019106,-0.0034284152629624545,0,1
5.8373106015056595E-5,-0.002456996069579486,0,1
-5.959848188839273E-5,-0.003173058562159416,0,1
7.751874326528825E-4,-0.0039709523192645695,0,1
-0.002507121928768199,-0.0032162250527838503,0,1
-0.0010197722296074266,-0.002668259035458988,0,1
6.273467173584545E-4,-0.003237649991813601,0,1
-0.0029072262762415762,-0.0054446551129770674,0,1
0.0023614895990802425,-0.003851986196403507,0,1
0.002089232082477656,-3.3306372142114866E-4,0,1
0.0018277346701422216,-0.0025762961458185994,0,1
6.106259702033133E-4,-0.0035347194556626348,0,1
0.004329215813552143,-0.002760250424844166,0,1
0.001121093074827389,-0.003217321038586158,0,1
-0.001624420495367808,-0.0023979010524822686,0,1
-3.7946689926975026E-4,-0.0026745005555175935,0,1
-2.560641169289941E-4,-0.00305259850750588,0,1
6.759762922873149E-4,-0.002064660008187036,0,1
2.893160375347607E-4,-0.003982111033956617,0,1
2.79801338438876E-4,-0.003201041251240502,0,1
9.323614887813685E-4,-0.0031326142833500285,0,1
-6.183830337377576E-4,-0.0021756382737708533,0,1
0.0012473141088529145,-0.0028189296975470236,0,1
-0.001039333047686143,-0.0033589665086619824,0,1
7.839923184276368E-4,-0.003452646723437428,0,1
0.0022003149051542698,-0.0033829136683791016,0,1
0.003399601236009573,-0.004443718570203849,0,1
7.243272144907466E-4,-0.003035967083077778,0,1
0.0020055149272257,-0.0029082140058049595,0,1
5.927873246045609E-4,-0.0027809954477468605,0,1
0.001486784533347067,-0.004246623059826325,0,1
8.40283724459136E-5,-0.0033914758344077037,0,1
0.0017279489510168904,-0.001690376575793755,0,1
3.1755076260832967E-4,-0.002249060355921458,0,1
2.737538702005797E-4,-0.0036422783175168697,0,1
3.443348340938605E-4,-0.0017527924760770291,0,1
0.00358362822407728,-0.005619718080753088,0,1
0.0010010379440561496,-0.003323470439778524,0,1
0.001116058625839302,-0.0035211622997382936,0,1
1.798815207222621E-4,-0.002320673972837098,0,1
0.003618559828456955,-0.0012068393873033564,0,1
7.075568270838924E-4,-0.005255430738118886,0,1
-5.791145479170367E-4,-0.002854067626892882,0,1
0.0010924755657022091,-0.002991237862144628,0,1
8.5818742089026E-4,-0.003307675503504461,0,1
0.0017715309619407845,-0.00404619605319175,0,1
0.0015729076354042953,-0.0031898088119342283,0,1
4.3581220010384175E-4,-0.0029989710603764205,0,1
-2.2401157320055037E-4,-0.00319978975021898,0,1
-0.002032205085483345,-0.0030445704188485165,0,1
0.0010933377324058042,-0.006059421919741153,0,1
4.2494337426485186E-4,-0.002742545239728983,0,1
0.0029470322420613914,7.690473673892869E-4,0,1
6.608021919095546E-4,-0.0031818036019324995,0,1
6.145322417739455E-4,-0.003081031872106222,0,1
0.0015166188524760363,-0.00399363751001672,0,1
-7.739375410208285E-4,-0.003210964516165848,0,1
0.0019382612265792477,-0.003968115834669325,0,1
7.973126318378534E-4,-0.004948382935157827,0,1
6.321239760492754E-5,-0.0031703325643366387,0,1
0.001284424480546097,-0.0024538972381057196,0,1
0.003888564555855081,-0.003966959103561676,0,1
0.001751563461029369,-0.0030829546103341874,0,1
-4.793556074624066E-4,-0.002933224542913726,0,1
5.75994359884262E-5,-0.003939094666347797,0,1
0.002313517230202679,-0.0033191330633118065,0,1
0.005024468771482538,-0.0039320263564233465,0,1
0.0013348233191727299,-0.0031248016140420945,0,1
8.903919084730097E-4,-0.0019990778251157033,0,1
0.0013448676326177718,-0.003212078301524965,0,1
0.0030155923784036366,-0.005793571906133969,0,1
0.002275739143823464,-0.001623204534209519,0,1
0.001451145240313886,-6.474050291547574E-4,0,1
0.0010858699570799543,-0.0016203800789827783,0,1
0.002514115370764866,-0.0018842441403555995,0,1
0.0015632252480983985,-0.002708738222977674,0,1
7.224732569935659E-4,-0.0027150221422930464,0,1
0.0013347456583804663,-0.002127720396125956,0,1
0.0017207744049375206,-0.0012026652919566673,0,1
-2.1455994031055977E-4,-0.002519117798953049,0,1
0.0017453582397888104,-8.148527774471345E-4,0,1
0.0012297311647691837,4.2427953828865026E-4,0,1
0.0027617695701524538,-3.106260731100758E-4,0,1
0.0018780690173601578,-1.921763780595132E-4,0,1
0.001820773181854095,-0.0010447346820076028,0,1
0.0022738567368091106,6.891912715717702E-4,0,1
0.0013177338944961947,0.0015600413685964106,0,1
0.002237994782111293,-0.002204754230773136,0,1
4.886406291548239E-4,-0.0026086177709948003,0,1
0.0021671619139849805,-0.003099429597034766,0,1
0.0032476711607622413,-0.0020329316000801526,0,1
0.0030475646861084296,8.963858913639444E-5,0,1
0.0023161154248960477,-0.0010206083591788127,0,1
0.004748881520815947,4.65247850493568E-4,0,1
0.004405195495776361,5.239503767690031E-4,0,1
0.0019426297834679264,-2.3282931903239584E-4,0,1
0.0015057169479265158,-0.0018170430962418547,0,1
0.0011987083228869558,-6.419650874349878E-4,0,1
3.1283832434902546E-4,1.0484161118427393E-4,0,1
0.0016190201299640214,-8.978604824988997E-4,0,1
0.0015727254731547988,1.917163528165178E-4,0,1
0.0013630952810253863,1.223780540680374E-4,0,1
0.00217419336086531,6.769229481276059E-4,0,1
0.0016402767062965084,6.330872314224702E-4,0,1
0.0013154702235755324,0.001198660228257898,0,1
0.0021438052294114078,-0.0016059615823745138,0,1
0.00266365044454346,-0.004128220669684658,0,1
0.001643290152815613,-0.004839739721872004,0,1
0.002044764687248704,-0.0023379752649077276,0,1
0.002068211411583326,-0.0028759513696726582,0,1
0.001259741946906708,-0.0025440386362221568,0,1
7.645400501147568E-4,-0.0020735763575204275,0,1
0.0016818715471199133,-0.001531137506443315,0,1
4.93628001737175E-4,-0.003777259539350266,0,1
0.0029382725615746032,2.4687506129249815E-5,0,1
0.001074437046156408,0.0014366157291594342,0,1
0.0035688322336568973,-8.517437501650838E-4,0,1
0.001791329479901656,-3.819512936999916E-4,0,1
0.002140691245824967,-6.5004833780847E-4,0,1
0.002195519112879518,-2.365895263483968E-4,0,1
-7.19420409786022E-5,-0.003292686292532953,0,1
0.003026058352288844,2.025919537126939E-4,0,1
0.0018119455001492234,9.332349399541293E-4,0,1
-2.423634929595915E-4,-0.003032574423923515,0,1
0.0027362838795250374,-0.004278274840750915,0,1
0.002362363374062275,-0.0037900721556341755,0,1
0.00371348229159982,-0.0022345758610538267,0,1
6.277929961764774E-5,-5.436942708956395E-4,0,1
0.0036589566622752677,-0.0038688155657266576,0,1
0.002033406460593288,-0.0016281747357253433,0,1
0.0010516127796649977,-0.0016404251544611475,0,1
0.0028106675742782705,-0.0013917129218170418,0,1
0.0021106068778213773,-8.492147934932242E-4,0,1
0.0010413011753470885,-2.3139782381177576E-4,0,1
0.0017572634795249493,-7.906737182774623E-4,0,1
0.0011934108777289204,-0.001584709517238391,0,1
0.001768859856257285,-2.245438692262843E-4,0,1
0.0021165310237425167,3.3532125506110556E-4,0,1
0.002050576948477108,3.419635876730072E-4,0,1
0.0019883799987516397,-9.283964785763757E-4,0,1
0.0023180045726829248,-0.0025513367300818465,0,1
0.002598382741985861,-0.0018282696249725143,0,1
0.002508019838916202,-0.005072664938385637,0,1
0.0024574596641607394,-0.004984457065037876,0,1
0.0016638432580974635,-0.0014601470968948795,0,1
0.0019832973256482065,-0.002094119910533789,0,1
0.0012087123129282643,-0.0017245336260614242,0,1
0.0021485545926155578,-9.830899738742965E-4,0,1
9.648189747335724E-4,-1.529139729385253E-4,0,1
0.002129596612544671,-9.340595489466482E-4,0,1
8.809124298621303E-4,-8.844639989296841E-4,0,1
0.001162288920364582,-6.50040235465133E-4,0,1
0.0028133194064207064,-7.604212311689141E-4,0,1
7.779513305626358E-4,0.002491544821895023,0,1
0.001989957215507034,8.40382292879367E-5,0,1
0.00227142390704169,0.0013387883245613839,0,1
0.0022930643411015186,8.095141060065084E-4,0,1
0.002082980748485439,-0.0018684017952750025,0,1
0.002421648957348233,-0.0024009897547956076,0,1
0.0022387458691280598,-0.0027367674053266487,0,1
0.002447739807445648,-0.00229782999281223,0,1
0.001959445604465053,-0.001886781879956538,0,1
0.0019534747875885124,-0.003030814969223904,0,1
0.004931879245057238,-0.001955734411245826,0,1
0.002688528322587484,-0.0022784644272294706,0,1
0.0017815395102991922,1.3067291482895214E-5,0,1
0.001857034155470353,-0.0034778405773026773,0,1
0.00524666585612316,2.3920633327875813E-4,0,1
8.255332645282467E-4,0.0025585382353982664,0,1
9.889478302584E-4,-1.6864437176969025E-4,0,1
0.0024012278682652966,3.6454801762043326E-5,0,1
0.001487915965649559,-1.238128712696427E-4,0,1
0.0011891256660443307,8.040689773459558E-4,0,1
0.003864498815822227,-0.003191721856531982,0,1
0.002704478744161988,-0.002714082644064033,0,1
0.0021948890248184145,-0.006568002626029707,0,1
0.0023306575645260235,-0.0028667976013846764,0,1
0.003872056189851314,-3.0220260667300134E-4,0,1
0.0025850022032768505,-0.001886712113104021,0,1
0.0034092378553432067,-0.0011037257983543699,0,1
0.0010141295060144338,-4.7386197169941387E-4,0,1
9.548427249983158E-4,-0.0015853958587707438,0,1
0.0028586610323913697,-8.033927713195026E-4,0,1
0.00239034536548842,-6.351966618815283E-4,0,1
0.0019663730474519868,7.651618586089951E-4,0,1
0.004229172734543056,-0.0018719679620903546,0,1
0.0013713428897563322,-6.341153631986481E-4,0,1
0.0031896047018606117,-1.5286135141915527E-5,0,1
0.0019621317331039666,-3.6297348879487154E-4,0,1
0.002169597643545127,-0.0030311763180777057,0,1
0.0031610047729054977,-0.0038229164633188143,0,1
0.0012118966648591834,-0.002606115836075115,0,1
0.004615675973261351,-0.002319352072601747,0,1
0.002542855700441694,-0.0019398135148909314,0,1
0.002374700383899062,-0.0014756213898132206,0,1
0.0023587855803387896,-0.0011831229409944052,0,1
-4.145939839141087E-4,-0.0020907400705568904,0,1
0.0012260399231190204,-0.0019023156140479263,0,1
0.0024602480928716816,-0.0011220140430363672,0,1
0.0032320126631703,7.443940969871557E-4,0,1
0.0011973563616456083,-7.239536916998227E-4,0,1
0.0020393310855372866,-7.420760974906612E-4,0,1
0.0028772451151617925,-7.300746715208464E-4,0,1
0.0020916859764896975,-7.76994503510163E-4,0,1
0.001543038602096121,-0.002231333231769428,0,1
0.002563473333777205,-0.00284302820753751,0,1
0.002121025550917355,-0.002151416364198282,0,1
0.0031608337421881053,-0.0018663726567924568,0,1
0.0014101536449632644,-0.001258780783138126,0,1
0.002727431214333521,-0.0014510547858915654,0,1
-1.6565465369662523E-4,-0.001611402302522294,0,1
0.0032420805753453417,-0.0018031083886412224,0,1
0.0027793432019981366,-0.0022350144154086953,0,1
0.0022915899934123673,-2.935033696392E-4,0,1
0.0023436168158882764,-2.9980180410934756E-4,0,1
0.002124516623076813,5.713615410106325E-4,0,1
0.0013501663769602686,-2.725957356169661E-4,0,1
-1.5082181757529272E-5,0.001418599725289968,0,1
0.002023553758632316,9.92577266174388E-4,0,1
0.004762647696137293,-0.0019596265756125215,0,1
0.004781946954145861,-0.0029035718570080047,0,1
0.002246052958918618,-0.0018725281746753285,0,1
0.003032816092300746,-0.004243357014573663,0,1
0.00450053988749564,-0.0021115182440092626,0,1
0.0023535470034694193,-0.0010135863605024418,0,1
0.002937978744872744,-0.0010307053413369815,0,1
0.0017257484427309307,-3.9560083463995895E-5,0,1
0.0024257711158699354,-0.0013489414442049343,0,1
0.0024961970854575103,-6.770306829381935E-4,0,1
0.0027956850650685382,-0.0013807382451940648,0,1
0.0022659853620957174,-4.142309577202283E-4,0,1
0.0023212081992595095,7.397602738628886E-4,0,1
0.0024630170331679017,-1.5294444161283733E-4,0,1
0.0017413914157387383,-0.0018964327239004753,0,1
0.0015140688620980272,-0.0029632646201006906,0,1
0.0026555248885779467,-0.0021915554784631207,0,1
0.002031698180934401,-0.003521527851522887,0,1
0.0026418142031086264,-0.005424318773068427,0,1
0.0029197829310653495,-5.550343306395812E-4,0,1
0.0029622852126811776,-0.002483339722456617,0,1
0.003147968863998972,-0.0010532926829434513,0,1
5.249713796616923E-4,0.00227179212473951,0,1
0.0027788953450918787,-8.354785585450615E-4,0,1
0.0025559044003802445,-9.194463752891525E-4,0,1
0.0016244660592883047,6.363345410672339E-4,0,1
0.0026983455816237405,4.971267594816372E-4,0,1
0.0021224113707833496,-2.580102831938594E-4,0,1
0.003359985221271334,-0.0015731198455338669,0,1
0.001840388125611947,-0.0028064341691804787,0,1
0.0029026728209009377,-0.0020749197326378143,0,1
0.00239614185413408,-0.0023614992611693387,0,1
0.004230694484895002,-0.001804565523981372,0,1
0.002863733054945013,-0.0015889486028097194,0,1
0.0023138657452293166,-7.976892382386085E-4,0,1
0.003449055603894839,-0.0021433014753295364,0,1
0.0038486860578826826,-0.0016017038903996597,0,1
0.002982286602930808,1.6184400087162828E-4,0,1
0.0028049612931382883,-3.905090611656388E-4,0,1
0.001875124663406982,-9.7117336892109E-4,0,1
0.0018123380693280567,3.7052592914538034E-4,0,1
8.792124777339537E-4,-0.002766142506367511,0,1
0.002269990853699324,-0.0032745104702553403,0,1
0.004184579597302068,-0.00240300505487416,0,1
0.006605381813598812,-7.532195121415978E-4,0,1
0.002257708585674285,-0.001737494383328203,0,1
0.0034885369343153325,-0.0013738863464260213,0,1
0.0012089252093993737,-0.0016654665287905988,0,1
0.0027948434961274156,-0.002319779965448971,0,1
0.002004624487222868,-0.003415787913208963,0,1
0.0027241149393756234,0.0018162079303453596,0,1
0.0034548987225928585,-3.5835320933820254E-4,0,1
0.0025231268006268162,-3.2651300493066705E-4,0,1
0.004177425478107105,-0.0021443091766320675,0,1
0.003614533773569456,-0.002141827641945781,0,1
0.003278930084409563,-0.0025396371010590435,0,1
0.0041649223167374225,-0.0026321716967284713,0,1
0.002261457348269873,-0.0022967216581868113,0,1
0.0023631500497883536,-5.011945781042203E-4,0,1
0.005063814942875086,-0.0033875969968063095,0,1
0.004212985140578522,-0.001108812496949933,0,1
-1.5330118407237995E-4,-0.0036477570039396934,0,1
0.004096581261660894,-0.0016125469430447806,0,1
0.003077255126254071,-2.696708038132957E-4,0,1
0.0034279740293441446,-0.0010042220438191665,0,1
6.446064176984819E-4,-0.0012136711429673107,0,1
0.0028020812108435923,0.0012338555407170244,0,1
0.0014829383621650211,-3.440506382449768E-4,0,1
0.0036835268094664564,-0.003150734670006405,0,1
0.004466015223433587,-0.001101667747945835,0,1
0.003964516791010346,-0.0010792693697536488,0,1
0.0025917731248122264,-5.047971555045004E-4,0,1
0.0023467042419618956,-0.001066879940886961,0,1
0.002369063234236889,-3.896979296904203E-4,0,1
0.0025143924802228513,-5.586622683768502E-4,0,1
0.0038245154108549014,5.107706642145047E-4,0,1
0.005660860455100517,-0.0014988504956660257,0,1
0.0037192531490302405,8.090447548778239E-4,0,1
0.0026131088294130277,2.927472893164044E-4,0,1
6.940436552877564E-4,-0.00118422809920528,0,1
0.0034917597994734164,-0.002282542616462567,0,1
0.003405567971741935,-0.002932883924740466,0,1
0.004456529842691064,4.793961599265043E-5,0,1
0.004180816124808768,-0.0010708853439895104,0,1
0.003770334132553036,0.001126075980884032,0,1
0.002447942338617013,-0.0016924553354856074,0,1
0.0029530551447608973,-0.0021655797950818753,0,1
0.0032273881151518745,-0.0010942926698004707,0,1
0.0030504358916378905,-4.628542510233973E-4,0,1
0.0032414357602121484,8.438177628807192E-4,0,1
0.0033922220382955775,-0.002288197923663517,0,1
0.0028414213992998495,-0.0012767657647624474,0,1
0.002668716537852207,-7.229735522050246E-4,0,1
0.0033508677262525212,-0.0017612469208654214,0,1
0.0015304013034682467,-2.200276311117846E-4,0,1
0.004497680099838246,-0.0018454141521529672,0,1
0.0032627528626696474,-0.0028960791493150674,0,1
0.0026498759195600244,-0.003904026278515427,0,1
0.00212949633278562,0.0016291630945200516,0,1
0.0038903708094911262,-0.0011423096846015113,0,1
0.0029623188920048266,-1.605917989349176E-4,0,1
0.0034540340715731115,-0.0021487457166052206,0,1
0.002065210196827864,-0.0025636601229563076,0,1
0.003320525029417956,-0.0018408902966829262,0,1
0.0030127775739580255,-0.0020572198430327806,0,1
0.00368100468761022,-0.0010893585645085566,0,1
0.0033225895298615443,-0.0012161126744742237,0,1
0.0029026979771975795,-7.56054357629501E-4,0,1
0.003529949883198787,1.3360507138903422E-4,0,1
0.0027389386082109207,-4.3161819225461375E-4,0,1
0.004971942631383061,-0.001763152424871164,0,1
0.003499695772294673,5.546641335649291E-5,0,1
0.0031089693799923376,-0.00304753815635504,0,1
0.0033199572860306546,-0.0018193900098788475,0,1
0.0022758765136126516,-0.0029536852557070416,0,1
0.004456709745931456,-0.0018716125376370635,0,1
0.0033517672473872967,-0.0013467981782755022,0,1
0.004805233184424061,-3.9260442694989087E-4,0,1
0.0038585100279255108,-9.781568721114065E-4,0,1
0.003526325419176265,5.466809305474732E-4,0,1
0.002568971036042795,-0.0022022622510136244,0,1
0.0025665698778372533,-6.935055012513326E-4,0,1
0.0047698328261039855,-0.0018956758019047434,0,1
0.002689920453715621,-0.002222487996313537,0,1
0.0015671805952081693,0.0013674804690984668,0,1
0.0020558200724836843,-0.002428780276709748,0,1
0.0029539538438672413,-0.0015603525559452823,0,1
7.564626538338377E-4,0.001716890789195694,0,1
0.0026227403563748647,-0.0028841886435194168,0,1
0.0033223408360861257,-5.625169918621168E-4,0,1
0.002572695062325046,-0.0020209356049531993,0,1
0.002918141036858821,-0.003360875274768342,0,1
0.003262809936517193,-0.0020227611881205466,0,1
0.003404476173979137,-0.001980673065723971,0,1
0.003232176475149593,-0.002130444787774051,0,1
0.0030250615478996192,-5.074086899522085E-4,0,1
0.0039389312704189135,-8.315535289020908E-4,0,1
0.002224482053352168,-0.0015398702897877943,0,1
0.0028315351543165305,-7.807916911066782E-5,0,1
0.003612410149187049,-4.433275272389013E-4,0,1
0.005049317719530699,6.352163261640532E-4,0,1
0.0034335044128904054,-4.863625898426587E-4,0,1
0.004650154878742402,-0.0019288417525806648,0,1
8.464517335740473E-4,-6.726167166730059E-4,0,1
0.0066512838005199654,0.0012647260591200971,0,1
0.003439468742882094,4.163969319814415E-5,0,1
0.00427790788862026,8.249213681603971E-4,0,1
0.003811142244872262,-0.0016699393945016237,0,1
0.0031235416684039447,7.155279562882148E-4,0,1
0.0030002446095520473,-0.0019236193338009297,0,1
0.00405999742296812,-0.0019787281984484733,0,1
0.001241214925705019,-9.376591854018528E-4,0,1
0.002589188265784244,-0.0011458786327144452,0,1
0.004212966542288524,-0.0012789417230491154,0,1
0.0038466514669463253,-0.0012440477322837823,0,1
0.004462068129870311,-0.001146080514270738,0,1
0.0019154153835621206,-0.00243554316821645,0,1
0.0030189771624022214,6.217543546135966E-4,0,1
0.0037214789114750663,-0.0016920675930089178,0,1
0.004456627248164775,-0.0012280406169723854,0,1
0.0042139248437420606,-0.001339966453524316,0,1
0.004317478781099163,-0.0027866778277624623,0,1
0.00269436442950076,-0.0011375951379968613,0,1
0.002757648342296187,-0.0015657345353804065,0,1
0.0057699145101136485,-0.002913722635319399,0,1
0.0038445721216641645,4.869862740879188E-4,0,1
0.005633545112463162,-0.004688978723164261,0,1
0.004305074056070249,-0.0016895204561630493,0,1
0.004958962964535322,-0.001839319300332733,0,1
0.004117940705580435,-0.001411582609684069,0,1
0.003913256142656056,-7.020387430493665E-4,0,1
0.005595396933473397,-0.003762167704471618,0,1
0.0036687025386321595,7.107932172876885E-4,0,1
0.0021036187740038656,-0.004430005424817172,0,1
0.0032585488953388382,-0.004149160693339525,0,1
0.005423093790463857,-0.001322233859434197,0,1
0.003570276886462903,-7.406502455750072E-4,0,1
0.005987685717489149,-0.0028773212397113553,0,1
0.00305634546091971,-3.217674889804237E-4,0,1
0.0048781268371082195,-0.0018250707997945995,0,1
0.003428534349082661,-0.003220725632253022,0,1
0.0041721875483706405,-0.0012160598197098163,0,1
0.004352744309851004,-0.00219281300134776,0,1
0.003929114889512009,-3.7251021829993265E-4,0,1
0.007659973664151418,-0.0010147170807001215,0,1
0.0047788952774951154,-9.350450049668588E-4,0,1
0.001796140623889221,-0.001908407331776582,0,1
0.005026647612419152,-0.0014339126721899021,0,1
0.0036663418533924687,-0.0011701356619915652,0,1
0.0031170777387141014,-0.001256021366117864,0,1
0.004615321323638402,-8.88321982990818E-4,0,1
0.004040732455902352,-6.756045668041144E-4,0,1
0.004406649898698612,-0.0018782400165879615,0,1
0.004248955856149769,-0.0021554964059117433,0,1
0.0043348113270249445,-0.001459289089041213,0,1
0.0037862660446540512,3.42079798670896E-4,0,1
0.001653699034763401,-0.0014844851016101975,0,1
0.005228719572330273,-0.0016983435982975501,0,1
0.0045257902408924605,-0.0022546526303610704,0,1
0.0044272332688289956,-0.0013620018285042715,0,1
0.00435150934732164,-0.0014376787026375275,0,1
0.003999796489053188,-0.0014685216584917778,0,1
0.003844166537297117,7.341717390580661E-4,0,1
0.005930135946352472,-0.001241828650279736,0,1
0.0028699106742073677,4.632337904795934E-4,0,1
0.004763011552299319,-0.0012595985145103664,0,1
0.004026599004176853,-3.2597114559741383E-4,0,1
0.005510962080930569,-0.0018394712639093432,0,1
0.00554577346680389,-0.0018651974725527338,0,1
0.005317093587017703,-0.0020158781132016256,0,1
0.005731682852038894,-3.2611764511268827E-4,0,1
0.004415965262763196,-0.0014175744273715492,0,1
0.003738728071560212,-0.0017017790328306517,0,1
0.0052437200709785445,0.0010149384828584149,0,1
0.003746195609027418,-0.001179804739588047,0,1
0.007635168386236786,-0.0012132577254592315,0,1
0.005808633524049007,-8.041891001947831E-4,0,1
0.0055398637717015255,-0.0026353150254097802,0,1
0.004236347749234331,-1.2561435715764593E-4,0,1
0.0020538841408893867,-0.0029195655028857515,0,1
0.0039962260332990175,-9.072382707301267E-4,0,1
0.003297362491632433,-6.332050627288106E-4,0,1
0.004307600973324939,-0.0020258505734145793,0,1
0.0032871610934576564,3.608279240543438E-4,0,1
0.004888356187191638,-0.0014313995547117996,0,1
9.363497751976574E-4,-0.001838972478637098,0,1
0.0017962442890102274,-0.001774630103633109,0,1
-0.0011848382050769933,-0.0017492791903937887,0,1
-2.8640186581637507E-4,-0.001082492805932209,0,1
-0.0020625347590101,-9.895827271552578E-4,0,1
-1.338960766043556E-4,-0.00111448262931276,0,1
-5.84178449191112E-4,-0.0011012189177268526,0,1
0.001835876107223806,9.05087982427563E-4,0,1
7.618103673848958E-4,1.676638338999927E-4,0,1
7.710994753095151E-4,-3.73358969709217E-4,0,1
4.756017038783708E-4,9.068031120629742E-4,0,1
-4.077624850077209E-4,-6.522358020937934E-4,0,1
-2.65688409802816E-5,9.984628128470712E-4,0,1
3.971086247409712E-4,5.249683229122605E-5,0,1
5.944857543204892E-4,7.08119965769364E-4,0,1
1.2290387825770815E-4,0.003508630660775578,0,1
0.0022922115932621223,4.8380804270401905E-4,0,1
0.002244848054683346,0.0018594835609600433,0,1
-6.414099322719093E-4,-4.424296219440467E-4,0,1
-0.0033146437467175536,0.0013692160312321706,0,1
-7.290032466719057E-4,-0.0012428900638492468,0,1
-0.0010763625544730412,-0.001199733044184735,0,1
-5.157424847027579E-4,-7.03056732063957E-5,0,1
9.234202451230818E-5,-8.191650195910937E-4,0,1
-3.60150241646762E-4,3.8305442055183925E-4,0,1
3.097495004329656E-4,-6.923114885916664E-4,0,1
3.107746247598017E-5,2.0968954973959513E-5,0,1
9.920379337214206E-4,-3.278285140676562E-5,0,1
8.544994657647345E-4,0.0010981922490913723,0,1
0.0011166430660586265,9.526823544359835E-4,0,1
5.71800280428775E-4,-0.0011270109268731636,0,1
-0.0013416951737840591,-7.932364415784365E-4,0,1
-3.210703683285159E-5,6.98800097453278E-4,0,1
0.0014886703773807184,4.6690477429841415E-4,0,1
-4.715872635848885E-4,-0.001397427512198927,0,1
-0.0015247868193948811,-2.6513352807928513E-4,0,1
-6.646704545227516E-4,-0.0019837231335155326,0,1
-0.00100719158995667,-0.002125037115871574,0,1
-2.5875701097756914E-4,-0.001090618312495348,0,1
-6.18010136858434E-4,-5.841431635013244E-4,0,1
-9.038964006518454E-4,6.139507417536918E-4,0,1
0.0017205892245137633,1.0505130360173396E-4,0,1
-1.5295491602597164E-4,-0.0011544080021108712,0,1
8.95914690539258E-4,-7.188397542322146E-4,0,1
0.0013128771968736164,0.0017357756535216259,0,1
0.0012722941384499455,-0.0010136557354934069,0,1
2.41788847945214E-4,-1.5176519890388175E-4,0,1
0.0010251809271614905,5.886242197237178E-4,0,1
0.002678719983409495,0.002048366615681122,0,1
8.319847725205103E-4,7.334026903493227E-4,0,1
-0.0016376455112045772,-0.0018461450027493786,0,1
0.0013343808389710448,-0.001441145908112829,0,1
-5.654183368505658E-4,-0.001982702434402706,0,1
-3.534023280782137E-4,-0.0010618875898305814,0,1
-3.255130486593833E-4,-7.941976703466445E-4,0,1
-1.0460472466590804E-4,-3.7642518667843145E-4,0,1
-2.0629419904620412E-4,-3.5686104935486897E-4,0,1
-8.755665324256867E-4,-4.1877247867701196E-4,0,1
2.41455527069648E-4,-0.0011911832062915153,0,1
8.451577346316791E-4,-0.002131879684292104,0,1
-0.0010622427228050284,-4.652114283164996E-4,0,1
8.425700431667219E-4,-2.1032546747702254E-4,0,1
0.0011085516107076023,3.2237880568854443E-4,0,1
0.002278111163951401,-3.521771052836046E-4,0,1
-9.793135492369967E-4,2.8833571230710254E-4,0,1
2.939540663926213E-4,-0.0026010644334868442,0,1
-0.0014549623938701968,-0.0014137738036171174,0,1
-0.0030310214859222986,-0.0018842924116524054,0,1
-4.299996763526981E-4,-0.0010670337314580714,0,1
0.0010158508188189406,-9.072126823332362E-4,0,1
-7.495488343769866E-4,2.4150126872750087E-4,0,1
0.0014368003504674088,-9.378519965788863E-4,0,1
3.569081422630307E-4,-6.820792336733515E-4,0,1
8.202035126854008E-4,-5.7591318501566184E-5,0,1
0.0027524411155603317,-6.730291359429857E-4,0,1
8.739497876352799E-4,-0.0015710831427286469,0,1
9.49271020984912E-4,3.164864153934697E-4,0,1
-5.962345169911556E-4,-8.800058585646714E-4,0,1
3.088128624306857E-4,-7.963942796991804E-5,0,1
0.0012863892812173443,4.410219631554139E-5,0,1
0.0015496878556366962,2.150063969765652E-4,0,1
-6.770840201956727E-4,-0.0015482523705820973,0,1
-5.167281260026345E-4,-0.001749973670910472,0,1
4.2333022023271816E-4,-1.0565234694503071E-4,0,1
0.0013899653237915983,-0.001314004392127013,0,1
4.9452048409537494E-5,-8.315865584632646E-4,0,1
-8.389378247486159E-4,-8.689994745988158E-4,0,1
-3.8088111046197606E-4,-0.0014441351744993052,0,1
5.996930536046817E-4,-5.860641882156848E-4,0,1
4.057758026409724E-4,-7.178295863523708E-4,0,1
4.69648557402027E-4,2.0568842985763014E-4,0,1
0.002886204728381831,-0.00222867948762186,0,1
0.001407411161686241,-3.880513360183546E-4,0,1
0.001354067413134362,0.0028599013166825085,0,1
8.580113697750829E-4,-9.408733709971828E-4,0,1
-7.412409946642373E-4,-0.0018920540805215844,0,1
-0.0015067658301598616,-0.0023483290257860826,0,1
-8.768182095980074E-4,4.740504699564856E-4,0,1
-6.095045058545759E-5,-0.0024819892715227665,0,1
1.9243847667630337E-4,-0.0010022265826254706,0,1
-3.8892687139681413E-4,-0.0017498577291093279,0,1
4.562313258512983E-4,-0.0012325029607492457,0,1
3.592679753373905E-4,2.730019072591098E-4,0,1
6.611003490942157E-4,-6.863267379243948E-4,0,1
0.003093960225101014,0.002061074115961137,0,1
3.427146704061446E-4,-4.268783775080153E-4,0,1
0.001627176787639206,8.795657776205856E-4,0,1
0.0013085745613775257,-0.0010721639880528597,0,1
0.002792391788123849,-6.587767006816144E-4,0,1
-2.5932533138810644E-4,-0.001411770342727927,0,1
0.002854890683651939,-0.002962778493655163,0,1
-0.00177281370354351,-0.003969718943228557,0,1
-8.246371267510728E-4,-3.9992712657324283E-4,0,1
-5.643030218691656E-4,-0.0022881955001570714,0,1
-0.0022296395670048804,6.730891242477151E-4,0,1
-3.2138434676104155E-5,-2.9994679729207355E-4,0,1
6.113452661784743E-5,-0.00105477925894754,0,1
7.350868670817487E-4,-7.50622980830466E-4,0,1
8.815887546349354E-4,-5.182623808106365E-4,0,1
7.959408264991879E-4,0.0010457391354533616,0,1
9.738666780723784E-4,-3.83137831750453E-4,0,1
0.0021938710012058917,-5.150305782549653E-4,0,1
0.002558241088929524,-2.6758255605702225E-4,0,1
-9.767911927009085E-4,-0.0014972864926383635,0,1
-1.389920240865129E-4,-0.0019321338152240909,0,1
4.775433717438265E-4,-0.0013606215632287904,0,1
2.4662796168599274E-4,-0.001428927046526793,0,1
-0.0010099221897410418,-0.0016267706057424332,0,1
-4.723402943034951E-4,-5.219816545190771E-4,0,1
1.4648393383417425E-4,-0.0026021954501823726,0,1
5.902710397492325E-4,-4.1990742142475167E-4,0,1
7.811660258308217E-4,-6.027349254892898E-4,0,1
0.002526821144636816,1.6699377211647125E-5,0,1
0.0020212264753400977,-3.7608976816528824E-4,0,1
0.0011788592924133947,2.2504769418580763E-4,0,1
0.0028251492811049274,6.335457514350292E-4,0,1
-5.030457298567622E-4,-0.0016762878514591756,0,1
-0.002656750921313595,-0.002780196044220698,0,1
3.1634153353435573E-4,-0.001654971829559575,0,1
3.6358793371651395E-4,-0.0020912897713093333,0,1
0.002459228322974401,-8.315061226191792E-4,0,1
0.0012019356255449564,3.850962939612746E-4,0,1
-5.564733585960865E-4,-7.485102083304742E-4,0,1
9.211729111046431E-4,1.9442320885381333E-4,0,1
0.0013017871342171942,-0.0022170231654315017,0,1
1.7731908953646922E-4,-0.0013023712165045904,0,1
0.0013819986814674599,7.170335580524815E-5,0,1
0.0015130581809755723,-2.479953373146829E-4,0,1
-5.124115020675741E-4,-0.001900781507215416,0,1
-2.5551586515479885E-6,-0.001525944696492603,0,1
3.5202773367618673E-4,-0.0016264409988809396,0,1
1.4885041108927976E-4,-8.368760647049607E-5,0,1
0.0017793693707909455,-0.002007118085963726,0,1
7.0624307942066E-4,-3.6558151107581933E-4,0,1
5.963457729842353E-4,-0.0010526907378997504,0,1
-4.911860296718194E-4,-0.001520644676161708,0,1
0.00186814164470508,-0.001825327333378794,0,1
0.0025593444041571243,7.689757549649735E-4,0,1
4.190232146339643E-4,4.7326523452252635E-4,0,1
6.102690200336755E-4,-2.2947729373020128E-4,0,1
9.662560604874381E-4,0.0015980232949623216,0,1
-2.1339320157389192E-4,-0.0020747424268042756,0,1
-1.7078800857105755E-4,-0.0030451174814851217,0,1
4.4915455146921405E-4,-0.002030862965955324,0,1
2.3347611521786465E-5,-0.0032375437849077554,0,1
0.001316618403266434,-0.0030756039362498616,0,1
-1.9186980705209665E-4,1.44414613263697E-4,0,1
-7.24323966453946E-4,0.0021386018616778705,0,1
-6.545506158304395E-4,0.0016340731714825753,0,1
0.0015729553355241558,-1.8917160119606967E-4,0,1
8.279019463246049E-4,2.1269444804976505E-4,0,1
0.0017608955074263943,6.079025374305982E-4,0,1
-0.0010924967039243649,-0.0023233524644051084,0,1
7.610557117742298E-5,-0.001293277276135746,0,1
7.574658613181789E-4,-8.00196052604824E-4,0,1
3.121029589795889E-4,-0.0016152477693846107,0,1
0.0010094276056919515,-0.0016451908903393675,0,1
-4.427013875919667E-5,-0.0032220947024313253,0,1
0.002418733654035994,-0.002320043813063325,0,1
-0.0014757861819765764,-4.640266061201079E-4,0,1
0.002231542396522536,-0.0017029192508909506,0,1
0.004242702234486396,-0.001445113219510471,0,1
0.001713133617140418,-2.058838127093335E-4,0,1
0.0015132211038100531,-6.364073686063615E-4,0,1
0.0012735307904326017,-0.003483120382445897,0,1
-3.0574077553794575E-4,-0.002442201120060916,0,1
-5.722714097338615E-4,-0.0011612106366717203,0,1
5.9390882767195E-4,-0.0014229391341032726,0,1
0.0034175257266162553,-0.0019408923923341479,0,1
9.777472523313E-4,-0.0012384839267691938,0,1
0.002194600698804079,-0.0017047266947513944,0,1
0.0012794664216933488,-8.487708891631461E-4,0,1
0.0017477132174945015,2.180807733938591E-4,0,1
0.001221670798099374,4.238750897011709E-4,0,1
1.966935353084027E-4,-0.0022824164695612183,0,1
2.777915446102461E-4,4.522231455117314E-4,0,1
0.002240540936317569,-0.0017730694327653257,0,1
4.040722827168849E-4,-0.0018708492451762642,0,1
3.767734749076572E-4,-0.0018809403060653278,0,1
-3.7648655078137476E-5,-8.576082830200023E-4,0,1
0.0012682502122668637,-1.782603877411358E-4,0,1
0.0020480000450252864,-2.136925913921959E-4,0,1
0.00217241019205625,-5.951888569710261E-4,0,1
0.0011317762047399502,-0.0010534237175302058,0,1
0.0012235268146849655,-3.794416538683904E-4,0,1
2.609661563284831E-4,-0.001635707041653365,0,1
-0.002780574834652977,-3.3730787821417387E-4,0,1
0.0014583297792071313,-7.784237128398505E-4,0,1
0.0028069398392924615,-3.94173353834575E-4,0,1
7.351669189389136E-4,-0.001443548429701125,0,1
8.833273254894108E-4,-8.394738487526881E-4,0,1
0.002187218894274943,-8.189604281388147E-4,0,1
4.4855032552282704E-4,-6.434510992189477E-4,0,1
0.004313770790166751,-0.0013219628589091956,0,1
-9.117939065651373E-4,-0.0021492184235077736,0,1
1.050314907329187E-4,-0.0015301327763829254,0,1
0.0010152041015694837,-0.0019227104368536578,0,1
0.0022943521390495205,-0.004880982509653375,0,1
-7.007455156741313E-4,9.85987616343409E-4,0,1
9.388688812373944E-4,-0.0016364269354289206,0,1
0.0012709229257586725,-0.0010880134523887138,0,1
0.004319360053711068,-0.0016080854651677914,0,1
9.811200712747045E-4,-0.0013304616666363128,0,1
0.0026378539763935002,-5.41417711149968E-4,0,1
-5.230567208661628E-4,-0.0027477724382657387,0,1
4.409073483644195E-4,-0.002053120811694185,0,1
-8.736934012818892E-5,-0.004590892644518179,0,1
0.0010815388646212977,-0.0016287907342912404,0,1
7.235254787321834E-4,-0.0017375542439643965,0,1
0.0029315307859440103,-0.0013290001409717739,0,1
0.0030880535589880263,-0.0015828720490347868,0,1
0.001309154131922312,1.4259883540806544E-4,0,1
1.3996701617188724E-4,-8.887755960217042E-4,0,1
7.662372463166687E-5,-0.0024482078494594754,0,1
-4.042413613121542E-5,-0.002864025373931118,0,1
8.439200474721903E-4,-0.0022405133154586475,0,1
0.0010609758301464924,-0.0018673674690996317,0,1
5.774853191288474E-5,-6.889356012401207E-4,0,1
2.936188454641858E-4,-0.0011581836674076393,0,1
0.0022092708923384104,-0.0015198503047064707,0,1
0.0014580163330057572,-0.0016775773503863143,0,1
-2.2983219887167476E-4,-0.003447295207365071,0,1
-5.0061143654530234E-6,-0.0017253035510690652,0,1
4.033198126557257E-4,-0.0016952681569618753,0,1
-6.746474000633848E-5,-6.038836800575047E-4,0,1
0.0019927400457691686,-0.002429611387948295,0,1
0.0012310884209162682,-0.0019969540972206525,0,1
8.333555083616382E-4,-0.002454829178289612,0,1
0.0013221896019797437,-0.0028515233047054973,0,1
-0.0010393122218153937,-0.0031528102466472675,0,1
8.636936499827555E-4,-0.0021561046109132287,0,1
0.002994816309652002,-2.0309473016428037E-4,0,1
8.106030765374204E-4,-0.0019097359563567259,0,1
0.003508291603864444,-0.0017168694953286654,0,1
0.001291814654366715,-0.0015790268368812554,0,1
0.0013649163964011874,-0.0017209863875215997,0,1
0.0017033998417760449,-0.004919839307568384,0,1
-4.2372134640420356E-4,-0.001990597445608214,0,1
0.002400814476873368,-0.00135919197328206,0,1
0.002064308792812282,-0.0026796592524531366,0,1
5.5191698107275384E-5,-0.0016495937431488098,0,1
5.165072467038738E-4,-0.005199820707245291,0,1
0.0017886052323103385,-0.0017550156655462394,0,1
8.444425716079766E-4,-0.0017756885353208385,0,1
0.0015882803220411397,-0.001255101658586036,0,1
3.257815126457841E-4,-0.0015507625395099964,0,1
0.00123303983897034,-0.0022190156089520177,0,1
0.0014502139873828466,-0.0022196279852212445,0,1
5.196443009712578E-4,-0.004688067254556876,0,1
0.001896606903966907,-0.002293831897702877,0,1
6.781705830113201E-4,-0.0028856188539099887,0,1
3.3345014596310337E-4,-0.0018774196307524442,0,1
-1.2258887579978036E-5,-0.0016517615818816556,0,1
6.968147921577571E-4,-0.0036140062365020184,0,1
0.004459848646371554,-0.0030378391493501257,0,1
0.0016934222188098112,-0.002777883826252841,0,1
8.965856682488926E-4,-0.002354058234885638,0,1
9.254127713254212E-4,-0.001650969899487037,0,1
0.001143414658724314,-0.0011731870256761372,0,1
0.0022010076243265844,-0.0016333297315348442,0,1
0.0016919951289533408,-0.0019574548283660454,0,1
0.002307896494893868,-0.0031045993426487323,0,1
0.0023666162075873442,-0.002436441306875567,0,1
0.0013354192077269264,-0.0014499955137245214,0,1
9.868133894356955E-4,-0.0015999547182064056,0,1
0.001731292417067238,-0.0025734987478049512,0,1
0.0021600615539523363,-0.002445864538284551,0,1
2.9719200148031305E-4,-0.0019977386710953275,0,1
0.002685577645758533,-0.0019870815791156898,0,1
0.003155456613446134,-0.002656177307282304,0,1
-1.278771993553156E-4,-0.002311707278165397,0,1
0.002078851550134745,-0.0031434359855091283,0,1
0.0029516735933325204,-6.364430396498745E-4,0,1
0.0030137846791884796,-0.0025801020524214165,0,1
4.294597833249516E-4,-0.0023613959482317866,0,1
0.001938142128421326,-9.93021961498487E-4,0,1
0.002187567389518941,-0.0027801032077635545,0,1
0.0016576722830922224,-0.002557906711032153,0,1
0.003250501074237544,-0.00456252187659935,0,1
0.0018118767284236892,-0.0018419916373487233,0,1
0.0013142151642125193,-0.0033922290025117396,0,1
0.0012051740470405265,-0.0018022283205858447,0,1
0.0018982713950856749,-0.002890654395581685,0,1
0.0015683911206455289,-0.0027856981709819305,0,1
0.0018582112727656738,-0.003268885490376303,0,1
0.0025275645085312878,-0.0018777149326192778,0,1
0.0018003184728410315,-0.003919074738153866,0,1
0.0018735259905258619,-0.0031929130586093985,0,1
0.0017170010382731834,-0.002215240163070561,0,1
-0.012401312880200402,-0.009337817099766707,0,1
-0.01504340854520837,-0.007614776560198675,0,1
-0.015355080664470612,-0.007301416186054525,0,1
-0.013887437033393136,-0.006495283956542567,0,1
-0.014448786732012242,-0.006708229261511008,0,1
-0.0145405315003825,-0.006645999382264925,0,1
-0.015291369964940234,-0.006560630857559788,0,1
-0.015692822748582903,-0.006990092161386674,0,1
-0.015882875286418748,-0.0064619923663059966,0,1
-0.0156653069415692,-0.007060598489667491,0,1
-0.015960055632148775,-0.0071022395910347,0,1
-0.013020143178266066,-0.005526410225662969,0,1
-0.015318644198769363,-0.006888345477679427,0,1
-0.016531827286110603,-0.00712009582343726,0,1
-0.01419467863442542,-0.007353337367226574,0,1
-0.014698952801668013,-0.007961730721152992,0,1
-0.014085201759060537,-0.007164528434315152,0,1
-0.01586456763622484,-0.006622818769745112,0,1
-0.014264679372580184,-0.00789015044145563,0,1
-0.015847229443060603,-0.007064239348463215,0,1
-0.015253434741286667,-0.006467788121874282,0,1
-0.01410671495540954,-0.006929454022594945,0,1
-0.01557902083784389,-0.005998976774016105,0,1
-0.015938171170648673,-0.005230222709096863,0,1
-0.01578022658552252,-0.006991360743151061,0,1
-0.012100345408829089,-0.006529721244078634,0,1
-0.01621079559424223,-0.006905556423936947,0,1
-0.012526425719115133,-0.006471100569979369,0,1
-0.015075204309707897,-0.006842074732670709,0,1
-0.013949438031680375,-0.008183515349734872,0,1
-0.014783903610129604,-0.0062559274211543316,0,1
-0.014027462561267481,-0.006843902097945087,0,1
-0.014198782735453873,-0.006685139005558436,0,1
-0.014302836445090224,-0.00545502189147434,0,1
-0.015831776646561734,-0.006933252504991063,0,1
-0.015108566573531938,-0.005877287140450131,0,1
-0.015668437707336405,-0.006888330717272818,0,1
-0.016104031686477154,-0.006230455994200585,0,1
-0.017323020600873523,-0.0068471381110003044,0,1
-0.01487172101838944,-0.00664484289825742,0,1
-0.014532448012119696,-0.006998594981470749,0,1
-0.01453052788718098,-0.007005108796968614,0,1
-0.015041742649060223,-0.0073337008371020035,0,1
-0.015896000009857407,-0.007399337757226301,0,1
-0.015643294784405026,-0.008323482388853545,0,1
-0.015520816262825005,-0.00853703805667396,0,1
-0.016677739809330436,-0.004699601576765996,0,1
-0.015416419030583975,-0.006369166020946431,0,1
-0.015309465270395122,-0.006451915283502558,0,1
-0.015604445416454808,-0.006206812153225359,0,1
-0.017101530453735865,-0.009687531218138253,0,1
-0.016100864806821682,-0.0056387307201792814,0,1
-0.013903360894869935,-0.007154292940511754,0,1
-0.014098943472397023,-0.006153234901582151,0,1
-0.014316396763248303,-0.006595417370575442,0,1
-0.014738483148365822,-0.006507617270922979,0,1
-0.015513536648994146,-0.00595642551090866,0,1
-0.016287465929160867,-0.006918683131624523,0,1
-0.013911224722514718,-0.006107616025602349,0,1
-0.0158975708630477,-0.0063335191675543715,0,1
-0.016399975229564157,-0.006095456312289451,0,1
-0.01627391140408064,-0.006703525155098331,0,1
-0.01520219822600726,-0.006586211125911706,0,1
-0.014874538747819266,-0.007103498835002398,0,1
-0.015418716381842001,-0.006952328769470554,0,1
-0.014205225957378519,-0.007115961787105136,0,1
-0.015363867949162325,-0.0030968732307999685,0,1
-0.01676853748727628,-0.006111460156847061,0,1
-0.014735811709410702,-0.006598986830927068,0,1
-0.014961248641107918,-0.005936651180925545,0,1
-0.015822795571298853,-0.00623801554863995,0,1
-0.01732817345739662,-0.0074704193928372955,0,1
-0.015684826332212125,-0.0065320739986242295,0,1
-0.016186092177971224,-0.0054754895047669375,0,1
-0.014993651249133254,-0.007329381016193064,0,1
-0.014357541631081763,-0.007159145713048685,0,1
-0.014504285739527138,-0.007465322175196375,0,1
-0.014508205361026375,-0.007279542311866337,0,1
-0.011580592076645212,-0.006844618470320745,0,1
-0.013804189374461606,-0.0075265826408634365,0,1
-0.01650339654636743,-0.00640556713783022,0,1
-0.015188139086083168,-0.005586157288385402,0,1
-0.015410594979563505,-0.007316458242662322,0,1
-0.01499160626900691,-0.00631241651767233,0,1
-0.0148813551897803,-0.007186331044930308,0,1
-0.015715208599244072,-0.005184240809575465,0,1
-0.014188981447643528,-0.0069621424288485185,0,1
-0.013524986536743647,-0.006631477869860365,0,1
-0.013682596235940774,-0.005702917425616404,0,1
-0.01485212775978384,-0.005755564793331707,0,1
-0.012326336190703953,-0.008703392272368214,0,1
-0.01595245589776378,-0.005760060365493507,0,1
-0.015697171862600955,-0.006436729001567622,0,1
-0.01588911849488899,-0.00516499076354003,0,1
-0.01617556612330414,-0.004903119424144768,0,1
-0.015565666336783954,-0.0066047142395367605,0,1
-0.01603060754096579,-0.0062030746703721695,0,1
-0.014677633294480996,-0.007335284269600565,0,1
-0.014013072970103395,-0.005990406774831278,0,1
-0.01462595627559577,-0.006656168072176346,0,1
-0.017013735317236864,-0.005115229527346884,0,1
-0.014734459391112554,-0.005875078994793467,0,1
-0.017625878015002098,-0.005413341433060378,0,1
-0.014797838349332596,-0.005869154758982496,0,1
-0.016278214125386985,-0.006532700359212676,0,1
-0.013778368644228232,-0.006968297281027063,0,1
-0.01606232648194165,-0.0038891324064048026,0,1
-0.013712719041663199,-0.006793234428103321,0,1
-0.013867235348858578,-0.005501730764715562,0,1
-0.014040669703520426,-0.006397718076787383,0,1
-0.01631796616052588,-0.005721072533634373,0,1
-0.015552448508943655,-0.0062051919997493975,0,1
-0.014746701270073914,-0.006031952053974834,0,1
-0.015540452561782393,-0.006277097851467107,0,1
-0.015686692014274025,-0.0055268923201575735,0,1
-0.015256505854252107,-0.005009945978029344,0,1
-0.013835274313494177,-0.006368992865736672,0,1
-0.013324323553625032,-0.005721919093591157,0,1
-0.014893960710482563,-0.0068162685719213995,0,1
-0.014281283282252406,-0.00484614426070014,0,1
-0.014590075223275682,-0.0060949331205101594,0,1
-0.014672534076482313,-0.005501914675631538,0,1
-0.01571021274869817,-0.003907234945072263,0,1
-0.01721641400028999,-0.006015878778119226,0,1
-0.014806235933944275,-0.004967150576450661,0,1
-0.014222890893825096,-0.007400334489352438,0,1
-0.013850960696987536,-0.00751048944226519,0,1
-0.01519156522428794,-0.004117784639694024,0,1
-0.014514722884557588,-0.006307158982446111,0,1
-0.014805416392354356,-0.005990889525810864,0,1
-0.01516121088301626,-0.0054713024349832655,0,1
-0.015320317063137084,-0.005893337410274376,0,1
-0.01569861863584769,-0.0058779482151495675,0,1
-0.015520019470109716,-0.005364337005229478,0,1
-0.013905017055386009,-0.004716848663158358,0,1
-0.014768666151362901,-0.006372311059893044,0,1
-0.0157315351546848,-0.00519335910748086,0,1
-0.014841927992146503,-0.005820830170805966,0,1
-0.014800332578313756,-0.005749171307424809,0,1
-0.013612549700926993,-0.00405877575929287,0,1
-0.014576295296400655,-0.00558529678684952,0,1
-0.016517872814909094,-0.0071719626316227355,0,1
-0.013968227124937829,-0.006386446123485679,0,1
-0.014212922884395804,-0.005721956001865292,0,1
-0.01394936604206977,-0.005893994543788008,0,1
-0.015307822568533238,-0.006552465638444769,0,1
-0.015379230679845897,-0.005767444528031976,0,1
-0.014851306361054098,-0.005484889336494661,0,1
-0.014667192601484535,-0.005379591802144333,0,1
-0.014240190653788093,-0.006284831037904209,0,1
-0.014784417679299942,-0.0070027025077049,0,1
-0.014548036596549649,-0.005700188179166455,0,1
-0.01427063812611132,-0.005243232211487149,0,1
-0.013840751557259126,-0.007915674125549955,0,1
-0.01378896304046002,-0.005606795889284281,0,1
-0.0163393317470205,-0.004433747262663198,0,1
-0.015613202990195677,-0.005687945373740702,0,1
-0.014049176748628338,-0.005918336919661898,0,1
-0.014765558127230025,-0.006693930537826361,0,1
-0.014555422741449978,-0.006090664499855538,0,1
-0.014685433274961017,-0.0057549436018365496,0,1
-0.015364704765024316,-0.0060880198080346904,0,1
-0.013994184156885827,-0.005533553891789629,0,1
-0.014175134962199942,-0.00526549437329026,0,1
-0.014656051426809244,-0.005626139439910849,0,1
-0.015014493465686651,-0.005830221303955588,0,1
-0.014057060280073622,-0.006887436446942763,0,1
-0.015963673571988374,-0.004504194493495081,0,1
-0.015388853811035797,-0.004714556235488017,0,1
-0.015028787189999754,-0.005899674665257027,0,1
-0.014229716026411198,-0.005613323483144797,0,1
-0.014374583887938294,-0.007926195016766733,0,1
-0.014960590699387523,-0.005282110020264171,0,1
-0.016324811108664947,-0.005004408418813286,0,1
-0.015424551205935451,-0.005263841470411464,0,1
-0.014549030051950223,-0.0054978499272616554,0,1
-0.01529161722815999,-0.004210295042883502,0,1
-0.014815130315606538,-0.0055318808637532324,0,1
-0.0137362073151507,-0.006737202172907315,0,1
-0.014843278689253336,-0.005756485992617598,0,1
-0.014849516852777118,-0.005222742019420461,0,1
-0.014678723165105469,-0.006129327809755927,0,1
-0.01376365516810597,-0.005386719373896616,0,1
-0.01529657308683709,-0.007865089385642647,0,1
-0.015100657165839896,-0.005284630196554846,0,1
-0.013651785178828264,-0.00423050550252283,0,1
-0.014495854022933498,-0.0053084329085501935,0,1
-0.01774159435587668,-0.007379347430485354,0,1
-0.016049512765524947,-0.006781869349289274,0,1
-0.014725866414205702,-0.004994791633099606,0,1
-0.013507599491643402,-0.0049794340355237745,0,1
-0.014441525374379911,-0.00502391354851494,0,1
-0.015245777542234737,-0.0048386776304370285,0,1
-0.014334490691440435,-0.003667378231960216,0,1
-0.01392678356460382,-0.006522109652519724,0,1
-0.01400039274063917,-0.005897422999813844,0,1
-0.012290387474510387,-0.006466669680326909,0,1
-0.015033149286706356,-0.0039861053299928015,0,1
-0.013908691800837182,-0.005130035053635599,0,1
-0.014648887265128844,-0.004738594253350083,0,1
-0.01400378301372107,-0.00421145091655469,0,1
-0.013378712012867276,-0.004360826708575049,0,1
-0.01461029435085054,-0.004611331976947651,0,1
-0.015312677259234703,-0.003257575726833913,0,1
-0.01538379338649871,-0.005203839016531732,0,1
-0.011952333099491015,-0.006441467399343398,0,1
-0.01463209949404399,-0.004171585844133128,0,1
-0.015593294417731253,-0.0027326373191886963,0,1
